-0.419667   -0.209645   -0.254238
-0.225529   -0.213804   0.490703
0.193345   -0.445766   -0.440872
-0.33788   -0.38353   -0.411447
-0.110176   -0.393656   -0.38961
0.0695158   -0.28318   -0.401794
-0.178765   -0.487841   -0.176191
-0.0362252   -0.320541   -0.217671
-0.0136651   -0.415109   0.438984
0.3548   -0.341095   -0.469426
0.218039   -0.394319   -0.253163
0.052113   0.491425   -0.287756
-0.258223   -0.311669   -0.145381
-0.160191   -0.0752052   0.335086
-0.494181   -0.1811   0.496618
-0.466154   -0.0243323   -0.187994
-0.186502   -0.190964   -0.320769
0.105991   -0.0614334   0.360353
-0.0313352   -0.0933861   -0.257399
-0.131271   -0.0193258   -0.453892
0.427469   0.263996   0.453847
0.195048   0.161099   0.369364
0.123475   -0.0686162   -0.425415
0.386642   -0.280866   -0.283053
-0.373952   0.256344   0.430302
-0.30598   0.167315   -0.292089
0.498294   -0.452739   -0.285583
-0.3522   -0.0706358   -0.401072
-0.208385   0.123777   0.333731
0.0375584   0.35277   0.44329
-0.201548   0.431624   -0.361668
-0.196611   0.208149   -0.491243
-0.0763393   0.137857   -0.327851
0.230973   0.356458   -0.415289
0.202824   0.438918   0.343575
-0.402432   0.043748   0.430395
0.452156   0.312626   -0.362577
-0.373466   -0.493047   -0.13046
0.436507   -0.259893   -0.0774269
0.278792   -0.465904   -0.0461828
-0.253685   0.363511   -0.0116177
0.0108005   -0.204511   0.0145107
0.460374   -0.470504   0.0457159
0.031258   -0.383065   0.115977
0.118056   -0.353869   -0.0701414
0.213759   0.401854   -0.211742
0.310431   -0.390036   0.321932
0.26552   0.129156   -0.105596
0.219875   -0.214945   -0.142259
-0.232875   -0.226225   0.115012
-0.149103   -0.145962   -0.0758216
-0.398606   -0.134647   -0.0190535
-0.384986   -0.345501   0.027468
0.13443   0.0327039   -0.233998
-0.156369   -0.433131   0.0273202
-0.0524872   0.0285342   -0.108825
0.259877   -0.296241   0.0915147
0.273106   -0.105535   -0.301951
0.0795792   0.200658   -0.0203191
0.349683   -0.0601017   -0.0114706
0.492063   0.0684545   -0.39114
-0.382246   0.364391   -0.261156
0.403514   0.417008   -0.137366
-0.160021   0.274305   -0.175633
-0.234053   -0.0181342   -0.218197
0.0109554   0.466706   -0.0885372
-0.0446479   0.380949   0.0876283
-0.138741   0.189649   0.0146055
0.277251   0.109918   -0.342255
0.0392182   0.284871   -0.262346
0.274047   0.332203   0.0178804
-0.492143   0.204514   -0.195938
0.376089   0.428354   0.257945
-0.303634   -0.399104   0.2096
0.485495   -0.266702   0.174053
-0.480824   -0.331934   0.379863
-0.253525   -0.415984   0.41221
-0.115357   -0.328994   0.288362
0.10678   -0.305803   0.277336
-0.0372149   -0.190395   0.444549
0.214888   0.0886147   0.135059
0.406334   0.469271   0.463517
0.20207   -0.250044   0.456962
0.267682   0.264411   0.190778
0.457687   -0.0806997   0.146936
-0.39017   -0.174783   0.325779
0.368104   -0.19049   0.316044
-0.0124959   0.124184   0.364581
-0.024412   -0.147039   0.213618
-0.0110338   0.0429496   0.120059
-0.200625   -0.0423639   0.119244
0.301831   -0.0502662   0.473441
0.11705   -0.0522575   -0.0430078
-0.49337   0.102967   0.0203456
0.164898   -0.123236   0.164029
0.3909   0.136832   0.289078
-0.34911   0.0374944   0.198994
-0.295332   0.0552378   -0.0539057
-0.405823   0.413366   -0.46832
-0.391539   0.385803   0.241152
-0.191693   0.32678   0.226993
0.00695752   0.468993   0.290731
-0.199634   0.403681   0.437527
0.0537908   0.22169   0.186107
0.46985   0.311159   0.102037
0.164229   0.440698   0.134501
0.0753264   0.135665   -0.441405
-0.340866   0.216466   0.0922699
