-2.27275
-2.27169
-2.2732
-2.27259
-2.27319
-2.27258
-2.27167
-2.27227
-2.27077
-2.27213
-2.27168
-2.27108
-2.27017
-2.27108
-2.27153
-2.27122
-2.27137
-2.27152
-2.27228
-2.27198
-2.27168
-2.27229
-2.27123
-2.27077
-2.27061
-2.27107
-2.27107
-2.27092
-2.27047
-2.27002
-2.26957
-2.26881
-2.26896
-2.26895
-2.2685
-2.26971
-2.26971
-2.27031
-2.27001
-2.2691
-2.2691
-2.27001
-2.2688
-2.26835
-2.27016
-2.26971
-2.26835
-2.26699
-2.26654
-2.26654
-2.26684
-2.26684
-2.26639
-2.26669
-2.26669
-2.2673
-2.2667
-2.26609
-2.26685
-2.26654
-2.26714
-2.26623
-2.26714
-2.26759
-2.26789
-2.2685
-2.26926
-2.26957
-2.26896
-2.26926
-2.26775
-2.2676
-2.26925
-2.26865
-2.26789
-2.26713
-2.26623
-2.26669
-2.26776
-2.26791
-2.26806
-2.26956
-2.26956
-2.26986
-2.27031
-2.27031
-2.26971
-2.26971
-2.27062
-2.27047
-2.26972
-2.26942
-2.27047
-2.27107
-2.27137
-2.27076
-2.2697
-2.26909
-2.26879
-2.26834
-2.26834
-2.26819
-2.26775
-2.26896
-2.26956
-2.26957
-2.26866
-2.26896
-2.2673
-2.26714
-2.26865
-2.2691
-2.27001
-2.27092
-2.27077
-2.27016
-2.2694
-2.26925
-2.2694
-2.2688
-2.2688
-2.26699
-2.2673
-2.26745
-2.26685
-2.26609
-2.26654
-2.26714
-2.26714
-2.26759
-2.26759
-2.26684
-2.26745
-2.2685
-2.26805
-2.26759
-2.26744
-2.26653
-2.26714
-2.26624
-2.26639
-2.26684
-2.2673
-2.2679
-2.26911
-2.26851
-2.2667
-2.26775
-2.26775
-2.2679
-2.26865
-2.2691
-2.26895
-2.2688
-2.26881
-2.26926
-2.26926
-2.26911
-2.26759
-2.26669
-2.26759
-2.26774
-2.26759
-2.26699
-2.26699
-2.26624
-2.26654
-2.26533
-2.26578
-2.26624
-2.2679
-2.26759
-2.26639
-2.26639
-2.26654
-2.26594
-2.26609
-2.26549
-2.26624
-2.26578
-2.26607
-2.26532
-2.26517
-2.26457
-2.26443
-2.26504
-2.26504
-2.26549
-2.26519
-2.26549
-2.26534
-2.26503
-2.26548
-2.26503
-2.26548
-2.26472
-2.26457
-2.26426
-2.26472
-2.26578
-2.26548
-2.26609
-2.26654
-2.26624
-2.26518
-2.26563
-2.26714
-2.26819
-2.2685
-2.2685
-2.26835
-2.2682
-2.2682
-2.2682
-2.26805
-2.26699
-2.26729
-2.26608
-2.26623
-2.26608
-2.26669
-2.26699
-2.26744
-2.26669
-2.26744
-2.2676
-2.26699
-2.26684
-2.26745
-2.26744
-2.26956
-2.27107
-2.26986
-2.27001
-2.27062
-2.27153
-2.27138
-2.27077
-2.27093
-2.27002
-2.26926
-2.2682
-2.2679
-2.26881
-2.2682
-2.26729
-2.26789
-2.26894
-2.26925
-2.2688
-2.26835
-2.26805
-2.26821
-2.26881
-2.26971
-2.27001
-2.26865
-2.2679
-2.2679
-2.2679
-2.26805
-2.26744
-2.26895
-2.26925
-2.26804
-2.2679
-2.2673
-2.26881
-2.26911
-2.26895
-2.2694
-2.27091
-2.27107
-2.27137
-2.27258
-2.27274
-2.27153
-2.27258
-2.27319
-2.27379
-2.27349
-2.27258
-2.27318
-2.27242
-2.27212
-2.27197
-2.27121
-2.27016
-2.27016
-2.26955
-2.26835
-2.26759
-2.26699
-2.26638
-2.26623
-2.2676
-2.2682
-2.26715
-2.267
-2.26699
-2.26744
-2.26684
-2.26684
-2.26775
-2.26805
-2.2673
-2.26715
-2.26564
-2.26714
-2.26653
-2.26684
-2.2682
-2.26941
-2.26986
-2.26985
-2.27136
-2.27122
-2.27017
-2.27002
-2.26957
-2.26957
-2.26897
-2.26957
-2.26971
-2.26971
-2.27016
-2.27001
-2.27017
-2.27033
-2.27018
-2.26897
-2.26806
-2.2679
-2.2697
-2.27015
-2.2706
-2.27016
-2.26926
-2.26971
-2.26957
-2.27063
-2.26987
-2.27033
-2.27093
-2.27138
-2.27197
-2.27212
-2.27258
-2.27182
-2.27137
-2.27137
-2.27091
-2.27076
-2.27046
-2.27001
-2.26956
-2.26881
-2.2679
-2.26745
-2.26745
-2.26684
-2.26624
-2.26699
-2.26745
-2.2682
-2.26911
-2.26957
-2.27002
-2.27017
-2.26986
-2.2694
-2.26955
-2.26986
-2.26957
-2.27017
-2.27017
-2.26972
-2.27062
-2.26926
-2.26971
-2.26925
-2.26865
-2.26744
-2.2676
-2.26836
-2.26866
-2.26836
-2.26835
-2.26911
-2.26835
-2.26881
-2.26805
-2.26851
-2.26805
-2.26835
-2.26956
-2.26941
-2.27032
-2.27001
-2.26865
-2.26971
-2.26956
-2.26895
-2.27001
-2.26971
-2.27031
-2.26911
-2.26926
-2.27047
-2.27138
-2.27153
-2.27183
-2.27213
-2.27077
-2.26956
-2.26986
-2.27031
-2.27016
-2.27031
-2.26896
-2.26941
-2.26987
-2.27047
-2.27032
-2.26956
-2.27017
-2.26971
-2.2685
-2.26926
-2.2685
-2.26715
-2.26684
-2.2676
-2.26805
-2.26866
-2.26805
-2.2688
-2.2685
-2.2691
-2.26865
-2.26805
-2.26805
-2.2676
-2.26896
-2.2682
-2.27001
-2.26956
-2.26896
-2.27047
-2.27107
-2.27016
-2.27092
-2.27137
-2.27123
-2.27183
-2.27198
-2.27168
-2.27152
-2.27091
-2.26971
-2.27032
-2.27063
-2.27108
-2.27229
-2.27213
-2.27182
-2.27182
-2.27228
-2.27334
-2.27289
-2.27244
-2.2732
-2.27259
-2.27153
-2.27213
-2.27107
-2.27182
-2.27107
-2.27063
-2.27018
-2.26882
-2.26851
-2.26699
-2.26654
-2.26609
-2.2664
-2.26489
-2.267
-2.26669
-2.26714
-2.26729
-2.2676
-2.26745
-2.267
-2.26805
-2.267
-2.26534
-2.26519
-2.26519
-2.26669
-2.26669
-2.26669
-2.26775
-2.26745
-2.26654
-2.26624
-2.26685
-2.26609
-2.26579
-2.26715
-2.26805
-2.26745
-2.26865
-2.2676
-2.26805
-2.26729
-2.26729
-2.26729
-2.2673
-2.2667
-2.26791
-2.26851
-2.26895
-2.26894
-2.26849
-2.26835
-2.26776
-2.26776
-2.26761
-2.26851
-2.26654
-2.26684
-2.26759
-2.2676
-2.26805
-2.26804
-2.26834
-2.26744
-2.26699
-2.267
-2.26671
-2.26701
-2.26686
-2.26743
-2.26697
-2.26714
-2.26716
-2.26641
-2.26701
-2.26654
-2.26668
-2.26729
-2.26624
-2.26609
-2.26564
-2.26579
-2.26745
-2.2673
-2.26684
-2.26714
-2.26684
-2.26653
-2.26683
-2.26532
-2.26441
-2.2632
-2.26275
-2.26245
-2.26457
-2.26382
-2.26473
-2.26443
-2.26504
-2.26488
-2.26442
-2.26472
-2.26623
-2.26729
-2.26744
-2.26729
-2.26805
-2.26745
-2.26699
-2.26805
-2.26926
-2.26896
-2.27001
-2.27017
-2.27122
-2.27137
-2.27091
-2.27076
-2.27212
-2.27182
-2.27198
-2.27153
-2.27168
-2.27183
-2.27228
-2.27198
-2.27243
-2.27288
-2.27318
-2.27198
-2.27243
-2.27153
-2.27183
-2.27258
-2.27303
-2.27393
-2.27378
-2.27288
-2.27228
-2.27288
-2.27243
-2.27182
-2.27152
-2.27167
-2.27227
-2.27258
-2.27273
-2.27258
-2.27228
-2.27152
-2.27061
-2.27032
-2.27032
-2.26972
-2.26895
-2.26849
-2.26698
-2.26819
-2.2685
-2.26881
-2.26881
-2.26926
-2.26896
-2.2685
-2.2688
-2.27061
-2.27016
-2.26956
-2.26986
-2.27076
-2.26955
-2.26954
-2.26879
-2.2694
-2.26986
-2.27001
-2.27002
-2.27062
-2.27047
-2.26986
-2.26925
-2.2697
-2.27076
-2.27061
-2.27091
-2.27152
-2.27046
-2.27046
-2.27121
-2.27031
-2.27106
-2.27046
-2.27107
-2.27062
-2.27138
-2.27017
-2.26881
-2.26956
-2.26805
-2.2682
-2.26774
-2.26668
-2.26638
-2.26562
-2.26578
-2.26533
-2.26488
-2.26518
-2.26472
-2.26441
-2.26502
-2.26427
-2.26458
-2.26474
-2.26489
-2.26413
-2.26352
-2.26457
-2.26426
-2.26456
-2.26487
-2.26608
-2.26638
-2.26654
-2.26654
-2.26699
-2.26609
-2.26579
-2.26624
-2.267
-2.2682
-2.26865
-2.26894
-2.26848
-2.26939
-2.26879
-2.26956
-2.27032
-2.27108
-2.27153
-2.27288
-2.27258
-2.27121
-2.27136
-2.27167
-2.27212
-2.27243
-2.27227
-2.27243
-2.27137
-2.26925
-2.26895
-2.27016
-2.26956
-2.26911
-2.26926
-2.27032
-2.27032
-2.27047
-2.27167
-2.27046
-2.27031
-2.27016
-2.27046
-2.27091
-2.27015
-2.27
-2.26955
-2.27001
-2.27016
-2.26985
-2.26955
-2.26955
-2.27016
-2.26819
-2.2694
-2.26834
-2.26834
-2.26714
-2.26638
-2.26714
-2.26669
-2.26699
-2.26684
-2.26698
-2.26743
-2.26788
-2.26759
-2.2682
-2.26775
-2.26835
-2.26835
-2.2697
-2.26894
-2.26999
-2.27014
-2.27045
-2.2694
-2.26986
-2.27046
-2.27092
-2.27046
-2.27016
-2.2688
-2.2691
-2.26729
-2.26759
-2.26698
-2.26803
-2.26863
-2.27075
-2.27105
-2.2712
-2.26984
-2.27014
-2.26969
-2.2697
-2.27061
-2.27031
-2.26985
-2.27001
-2.27001
-2.26955
-2.26924
-2.26924
-2.26802
-2.26848
-2.26864
-2.2688
-2.26835
-2.26895
-2.26849
-2.26788
-2.26834
-2.26819
-2.26819
-2.26804
-2.26683
-2.26592
-2.26773
-2.26849
-2.2688
-2.2697
-2.26849
-2.26712
-2.26667
-2.26772
-2.26758
-2.26607
-2.26532
-2.26713
-2.26759
-2.26864
-2.26864
-2.26909
-2.26864
-2.2697
-2.26864
-2.26999
-2.2703
-2.27075
-2.27075
-2.27015
-2.2703
-2.27076
-2.27166
-2.27076
-2.27121
-2.27121
-2.27196
-2.27226
-2.27287
-2.27317
-2.27303
-2.27273
-2.27182
-2.27076
-2.27031
-2.26939
-2.26894
-2.26954
-2.26879
-2.26954
-2.26939
-2.26984
-2.26984
-2.26955
-2.26834
-2.26864
-2.26864
-2.26803
-2.26833
-2.26939
-2.26999
-2.26954
-2.26924
-2.26909
-2.2697
-2.26819
-2.26864
-2.2691
-2.26894
-2.26924
-2.26969
-2.26953
-2.26968
-2.26923
-2.26894
-2.26909
-2.2691
-2.26925
-2.2697
-2.2697
-2.2694
-2.26985
-2.26954
-2.2703
-2.26969
-2.26893
-2.26803
-2.26818
-2.26789
-2.26849
-2.26879
-2.26909
-2.26803
-2.26727
-2.26727
-2.26788
-2.26774
-2.2682
-2.26775
-2.26729
-2.26729
-2.26759
-2.26698
-2.26743
-2.26849
-2.26908
-2.26817
-2.26756
-2.26697
-2.26834
-2.26789
-2.2682
-2.26926
-2.27017
-2.26956
-2.26956
-2.26971
-2.2685
-2.26759
-2.26744
-2.26774
-2.26729
-2.26698
-2.26713
-2.26668
-2.26698
-2.26788
-2.26864
-2.26833
-2.26803
-2.26773
-2.26758
-2.26758
-2.26819
-2.26924
-2.26985
-2.26849
-2.26925
-2.27016
-2.26955
-2.26985
-2.27151
-2.2712
-2.26999
-2.26954
-2.26985
-2.26939
-2.26879
-2.26742
-2.26712
-2.26712
-2.26727
-2.26818
-2.26833
-2.26803
-2.26864
-2.2694
-2.26925
-2.2697
-2.26909
-2.26969
-2.26954
-2.26923
-2.26893
-2.26923
-2.26908
-2.26954
-2.26954
-2.27014
-2.27044
-2.26954
-2.27045
-2.26939
-2.26925
-2.26895
-2.2694
-2.26924
-2.26848
-2.26742
-2.26772
-2.26788
-2.26757
-2.26833
-2.26863
-2.26727
-2.26712
-2.26757
-2.26863
-2.26893
-2.26999
-2.27014
-2.27014
-2.26878
