1.88999
1.86187
1.81806
1.76321
1.70447
1.65033
1.60803
1.58083
1.5673
1.56286
1.562
1.56009
1.55433
1.54432
1.53232
1.52233
1.51811
1.52111
1.52952
1.53919
1.54579
1.54714
1.54415
1.54043
1.54038
1.54663
1.55814
1.57075
1.57989
1.58239
1.57696
1.56402
1.54566
1.52506
1.50547
1.48899
1.47629
1.46715
1.46137
1.45937
1.46201
1.47012
1.48399
1.50293
1.52495
1.54715
1.56672
1.58193
1.5925
1.59919
1.60305
1.60501
1.60609
1.60762
1.61044
1.61353
1.61374
1.60774
1.59417
1.57443
1.55216
1.53174
1.51679
1.50911
1.50834
1.51196
1.51585
1.51556
1.50784
1.49166
1.46839
1.44149
1.41561
1.39603
1.38818
1.39599
1.41847
1.44901
1.47899
1.50202
1.51588
1.52239
1.52574
1.53041
1.53959
1.5549
1.57594
1.59984
1.62157
1.6358
1.63885
1.62954
1.60922
1.58125
1.55064
1.52346
1.50557
1.50091
1.51077
1.5343
1.56914
1.61187
1.65816
1.70325
1.74267
1.77291
1.7919
1.79898
1.79486
1.78152
1.76188
1.73917
1.71579
1.69262
1.66936
1.64591
1.62363
1.60538
1.5942
1.59165
1.59685
1.60664
1.61642
1.6218
1.61989
1.60986
1.59265
1.57058
1.54683
1.52459
1.50603
1.49164
1.48077
1.47289
1.4684
1.46856
1.47484
1.48815
1.50817
1.53321
1.56044
1.58692
1.61094
1.63221
1.65087
1.66634
1.67705
1.68117
1.67788
1.66837
1.65582
1.64409
1.63551
1.62963
1.62372
1.6145
1.60021
1.58181
1.56268
1.54677
1.53668
1.53331
1.53658
1.54568
1.55868
1.5724
1.58337
1.58893
1.58826
1.58245
1.57406
1.56584
1.55936
1.55415
1.54796
1.53767
1.52081
1.49701
1.46921
1.44384
1.42903
1.43076
1.4498
1.48137
1.51735
1.54961
1.57276
1.58481
1.58586
1.5764
1.55748
1.53176
1.50349
1.47647
1.45319
1.43633
1.42907
1.43298
1.44652
1.46612
1.48794
1.50864
1.52536
1.53596
1.53958
1.53717
1.53145
1.52581
1.5225
1.52173
1.52219
1.52262
1.52284
1.52348
1.52498
1.52708
1.52925
1.53146
1.53414
1.53768
1.54194
1.54659
1.55199
1.5595
1.57043
1.58393
1.59699
1.60688
1.61297
1.6166
1.62001
1.62507
1.63253
1.64182
1.65126
1.6587
1.66199
1.65945
1.65016
1.63426
1.61308
1.58851
1.56208
1.53472
1.50769
1.48373
1.46719
1.46262
1.47239
1.49506
1.52585
1.55872
1.58855
1.61236
1.62949
1.64076
1.6473
1.64951
1.64672
1.63798
1.62354
1.60586
1.5894
1.5786
1.57564
1.57969
1.58775
1.59656
1.6043
1.61184
1.62207
1.63738
1.65724
1.67853
1.69783
1.71294
1.72281
1.72687
1.72476
1.71638
1.7022
1.68361
1.6631
1.64412
1.6304
1.62481
1.62819
1.63908
1.65487
1.6735
1.69427
1.71711
1.7416
1.76655
1.78999
1.80933
1.82153
1.82395
1.8157
1.79846
1.77589
1.75182
1.72849
1.70619
1.68378
1.65923
1.63013
1.59555
1.55836
1.52447
1.49786
1.47789
1.46315
1.45556
1.45938
1.47776
1.51039
1.5529
1.59842
1.64007
1.67315
1.69619
1.71054
1.71949
1.72695
1.73581
1.74648
1.75651
1.76144
1.75636
1.73751
1.70414
1.66073
1.61782
1.58838
1.5796
1.58879
1.60823
1.63123
1.65287
1.66829
1.67305
1.66472
1.64375
1.61348
1.57944
1.54761
1.52161
1.50117
1.48392
1.46928
1.46054
1.46242
1.47562
1.49513
1.51477
1.53144
1.54504
1.55579
1.56291
1.56559
1.56474
1.56294
1.56213
1.56202
1.561
1.55809
1.55372
1.54955
1.54886
1.55651
1.57555
1.60329
1.63238
1.65571
1.66945
1.67301
1.66794
1.657
1.64359
1.63123
1.62244
1.61765
1.61491
1.61078
1.60231
1.58887
1.5726
1.55645
1.54158
1.52703
1.51175
1.49578
1.47987
1.46496
1.45202
1.44143
1.43275
1.42566
1.42072
1.41915
1.42193
1.42932
1.44095
1.45624
1.47491
1.49698
1.52131
1.54472
1.56297
1.57283
1.57322
1.56541
1.55271
1.53965
1.53069
1.52874
1.53408
1.54483
1.55882
1.57452
1.59035
1.604
1.61323
1.61711
1.61603
1.61065
1.60162
1.5899
1.57684
1.56356
1.55048
1.53751
1.52464
1.51243
1.50253
1.49756
1.49982
1.50973
1.52543
1.54404
1.56295
1.58056
1.59634
1.61076
1.62475
1.63864
1.6515
1.66199
1.66965
1.67533
1.68016
1.68416
1.68572
1.68254
1.67345
1.66003
1.64677
1.63911
1.64001
1.64788
1.65742
1.66282
1.66117
1.65437
1.64863
1.65084
1.66327
1.68191
1.70012
1.71257
1.71638
1.71114
1.69902
1.68436
1.67199
1.66474
1.66167
1.65835
1.64956
1.63285
1.61128
1.59208
1.58052
1.57461
1.56785
1.55623
1.54084
1.52525
1.5125
1.504
1.4997
1.4988
1.50085
1.50623
1.51476
1.52452
1.53296
1.53961
1.547
1.55876
1.57693
1.60065
1.62685
1.65207
1.67362
1.68976
1.69941
1.7022
1.69855
1.68956
1.67659
1.66085
1.64331
1.62511
1.60832
1.59563
1.58791
1.58168
1.57054
1.54984
1.52118
1.4941
1.4821
1.49236
1.51944
1.55072
1.5751
1.5869
1.58569
1.57489
1.55964
1.54425
1.53082
1.52023
1.51448
1.51692
1.52955
1.55035
1.57324
1.59001
1.59277
1.57891
1.56054
1.56391
1.59829
1.64125
1.67014
1.67964
1.6766
1.67224
1.67342
1.6779
1.68003
1.67701
1.66892
1.65616
1.63867
1.61636
1.5898
1.56054
1.53132
1.50581
1.48789
1.48079
1.48667
1.50603
1.53689
1.57505
1.61526
1.65179
1.67951
1.69603
1.70266
1.70334
1.70251
1.70347
1.70775
1.71529
1.72487
1.73448
1.7416
1.74397
1.74056
1.73198
1.71978
1.70491
1.68724
1.66672
1.64477
1.62472
1.61048
1.60382
1.60281
1.60346
1.60294
1.60077
1.59776
1.59466
1.5918
1.58965
1.58893
1.58973
1.59059
1.58886
1.58248
1.57129
1.55722
1.54369
1.53422
1.53068
1.53227
1.5359
1.53826
1.53787
1.53574
1.53441
1.53629
1.54246
1.55205
1.56272
1.57222
1.58
1.58728
1.59525
1.60281
1.60629
1.60237
1.59232
1.58359
1.58516
1.59933
1.62026
1.64023
1.65419
1.65972
1.65604
1.64391
1.62578
1.60495
1.5839
1.56289
1.54068
1.51743
1.49698
1.48511
1.48531
1.49673
1.51551
1.5363
1.55333
1.5619
1.56036
1.55093
1.53858
1.5286
1.52385
1.52384
1.52616
1.52928
1.5346
1.5457
1.56509
1.59206
1.62459
1.66121
1.69937
1.73421
1.76042
1.77468
1.77624
1.76612
1.74595
1.71734
1.68244
1.64519
1.61081
1.58333
1.5633
1.54773
1.53194
1.51263
1.49139
1.47612
1.47575
1.49131
1.51452
1.53472
1.54477
1.5424
1.52941
1.51104
1.49454
1.48648
1.4898
1.50333
1.52372
1.54758
1.57202
1.59419
1.61099
1.61911
1.61574
1.59981
1.57307
1.5408
1.51128
1.49354
1.49364
1.51114
1.5391
1.56787
1.5899
1.60239
1.60711
1.60835
1.61025
1.61504
1.62294
1.633
1.64366
1.6534
1.66175
1.66945
1.67777
1.68769
1.69927
1.71153
1.72242
1.72914
1.72916
1.72138
1.70661
1.68696
1.66482
1.64233
1.62126
1.6034
1.59071
1.58461
1.58472
1.58843
1.59251
1.59509
1.59599
1.59575
1.59452
1.59202
1.58829
1.5843
1.58168
1.58145
1.58322
1.58524
1.58505
1.58004
1.56798
1.54826
1.52421
1.50447
1.49827
1.5061
1.51896
1.52783
1.52913
1.52367
1.51459
1.50675
1.50597
1.51667
1.53902
1.56844
1.59823
1.62295
1.64
1.64917
1.65117
1.64636
1.63433
1.61436
1.58648
1.55274
1.51767
1.48703
1.46536
1.45428
1.4532
1.46146
1.47889
1.50429
1.53433
1.56441
1.59003
1.60781
1.61563
1.61287
1.6008
1.58309
1.56593
1.55649
1.55909
1.57178
1.58746
1.59901
1.60372
1.60375
1.60309
1.60379
1.60465
1.60307
1.5974
1.58806
1.57714
1.5666
1.55615
1.54353
1.52688
1.50714
1.48851
1.47661
1.47543
1.48521
1.50275
1.5234
1.5429
1.55857
1.56931
1.57533
1.57775
1.57804
1.57776
1.57827
1.58087
1.58665
1.5958
1.60713
1.61858
1.62836
1.6356
1.63998
1.6412
1.63956
1.63684
1.63598
1.63929
1.64688
1.65647
1.66453
1.66747
1.66226
1.64729
1.62377
1.59644
1.57163
1.55344
1.54234
1.53717
1.53765
1.54491
1.55963
1.57986
1.60114
1.61888
1.63097
1.63897
1.64687
1.65852
1.67529
1.69555
1.71632
1.73476
1.74844
1.75537
1.75422
1.74449
1.72646
1.70184
1.67453
1.65027
1.63497
1.63199
1.6396
1.65143
1.66036
1.66187
1.65439
1.63813
1.61435
1.58559
1.5559
1.52908
1.50708
1.49173
1.48591
1.48993
1.49902
1.50698
1.51123
1.5137
1.5183
1.52827
1.54503
1.56737
1.59102
1.60964
1.6178
1.61319
1.59667
1.57046
1.53644
1.49616
1.45315
1.41516
1.39264
1.39303
1.41632
1.45596
1.50243
1.54627
1.58
1.59943
1.60412
1.59652
1.58051
1.55981
1.53697
1.51312
1.48843
1.46294
1.43707
1.41141
1.38649
1.36308
1.34291
1.3293
1.3266
1.33771
1.36208
1.39632
1.43661
1.48
1.52407
1.56634
1.60395
1.63378
1.653
1.66056
1.65844
1.65139
1.64448
1.63998
1.6367
1.63187
1.62379
1.61363
1.60515
1.6024
1.60722
1.61884
1.63503
1.65294
1.6692
1.68024
1.68325
1.67697
1.66185
1.63976
1.61363
1.58672
1.56191
1.54101
1.52436
1.51121
1.50069
1.49283
1.48906
1.49158
1.50142
1.51644
1.53146
1.54115
1.54286
1.53719
1.52671
1.51488
1.50536
1.50113
1.50341
1.51134
1.52261
1.53471
1.54597
1.55598
1.56505
1.57368
1.58244
1.59234
1.6047
1.61988
1.63658
