2.83498
2.79281
2.72709
2.64481
2.5567
2.4755
2.41205
2.37124
2.35096
2.34429
2.343
2.34014
2.33149
2.31648
2.29849
2.28349
2.27717
2.28167
2.29428
2.30878
2.31868
2.3207
2.31622
2.31064
2.31057
2.31995
2.3372
2.35613
2.36983
2.37359
2.36544
2.34604
2.31848
2.28759
2.2582
2.23349
2.21444
2.20072
2.19206
2.18905
2.19302
2.20518
2.22599
2.2544
2.28743
2.32073
2.35008
2.3729
2.38875
2.39879
2.40457
2.40751
2.40913
2.41143
2.41567
2.42029
2.42061
2.41161
2.39125
2.36165
2.32824
2.29761
2.27519
2.26366
2.26251
2.26795
2.27378
2.27333
2.26176
2.23748
2.20259
2.16223
2.12342
2.09404
2.08228
2.09398
2.1277
2.17352
2.21849
2.25303
2.27382
2.28359
2.28861
2.29561
2.30939
2.33235
2.36391
2.39976
2.43235
2.45371
2.45827
2.44431
2.41383
2.37187
2.32596
2.28519
2.25835
2.25136
2.26615
2.30144
2.35371
2.4178
2.48724
2.55487
2.614
2.65937
2.68785
2.69846
2.69229
2.67227
2.64282
2.60875
2.57368
2.53893
2.50404
2.46886
2.43544
2.40807
2.3913
2.38748
2.39527
2.40995
2.42463
2.43269
2.42984
2.41479
2.38898
2.35587
2.32025
2.28688
2.25904
2.23745
2.22116
2.20933
2.2026
2.20284
2.21227
2.23223
2.26225
2.29982
2.34066
2.38039
2.41642
2.44831
2.4763
2.49951
2.51557
2.52176
2.51683
2.50256
2.48373
2.46614
2.45327
2.44444
2.43558
2.42174
2.40031
2.37271
2.34402
2.32015
2.30503
2.29997
2.30486
2.31852
2.33803
2.3586
2.37505
2.3834
2.38238
2.37367
2.36109
2.34876
2.33903
2.33123
2.32194
2.30651
2.28122
2.24552
2.20381
2.16577
2.14354
2.14614
2.17471
2.22206
2.27603
2.32441
2.35913
2.37722
2.37878
2.3646
2.33622
2.29765
2.25524
2.2147
2.17978
2.1545
2.14361
2.14947
2.16978
2.19918
2.23191
2.26295
2.28804
2.30395
2.30938
2.30575
2.29717
2.28871
2.28375
2.28259
2.28329
2.28392
2.28426
2.28522
2.28747
2.29061
2.29388
2.29719
2.30122
2.30652
2.3129
2.31989
2.32798
2.33925
2.35564
2.3759
2.39549
2.41032
2.41945
2.42491
2.43001
2.4376
2.4488
2.46272
2.47689
2.48805
2.49299
2.48918
2.47523
2.45139
2.41962
2.38276
2.34312
2.30208
2.26153
2.22559
2.20079
2.19392
2.20858
2.24259
2.28878
2.33808
2.38282
2.41854
2.44423
2.46114
2.47096
2.47427
2.47008
2.45697
2.43531
2.40879
2.38411
2.3679
2.36346
2.36953
2.38163
2.39483
2.40645
2.41776
2.4331
2.45607
2.48586
2.5178
2.54675
2.56941
2.58421
2.59031
2.58714
2.57457
2.5533
2.52542
2.49465
2.46618
2.4456
2.43721
2.44228
2.45862
2.4823
2.51025
2.54141
2.57567
2.6124
2.64982
2.68499
2.714
2.73229
2.73592
2.72356
2.69769
2.66384
2.62773
2.59274
2.55928
2.52567
2.48884
2.44519
2.39333
2.33754
2.2867
2.24679
2.21683
2.19472
2.18334
2.18907
2.21665
2.26558
2.32936
2.39763
2.4601
2.50973
2.54429
2.56581
2.57924
2.59043
2.60372
2.61973
2.63477
2.64216
2.63455
2.60627
2.55621
2.49109
2.42672
2.38257
2.3694
2.38319
2.41235
2.44685
2.4793
2.50244
2.50958
2.49708
2.46562
2.42022
2.36917
2.32141
2.28242
2.25175
2.22588
2.20392
2.19081
2.19363
2.21343
2.2427
2.27215
2.29717
2.31756
2.33369
2.34437
2.34838
2.34711
2.34441
2.3432
2.34303
2.3415
2.33714
2.33058
2.32432
2.32329
2.33476
2.36333
2.40493
2.44857
2.48357
2.50417
2.50952
2.50192
2.4855
2.46538
2.44684
2.43366
2.42647
2.42237
2.41618
2.40346
2.38331
2.3589
2.33468
2.31237
2.29054
2.26762
2.24367
2.2198
2.19743
2.17803
2.16214
2.14913
2.13849
2.13107
2.12872
2.1329
2.14399
2.16143
2.18435
2.21237
2.24547
2.28197
2.31708
2.34446
2.35925
2.35983
2.34811
2.32907
2.30947
2.29603
2.29311
2.30112
2.31725
2.33823
2.36178
2.38552
2.40601
2.41985
2.42567
2.42404
2.41597
2.40243
2.38485
2.36526
2.34535
2.32571
2.30626
2.28696
2.26865
2.2538
2.24634
2.24973
2.26459
2.28815
2.31605
2.34442
2.37084
2.39451
2.41614
2.43713
2.45795
2.47726
2.49298
2.50448
2.513
2.52024
2.52624
2.52857
2.52381
2.51018
2.49005
2.47016
2.45866
2.46001
2.47182
2.48614
2.49423
2.49175
2.48156
2.47295
2.47626
2.49491
2.52287
2.55018
2.56885
2.57457
2.5667
2.54853
2.52654
2.50799
2.49711
2.4925
2.48753
2.47434
2.44928
2.41692
2.38812
2.37079
2.36192
2.35177
2.33435
2.31126
2.28787
2.26875
2.256
2.24955
2.24819
2.25128
2.25934
2.27214
2.28679
2.29944
2.30942
2.3205
2.33814
2.36539
2.40097
2.44028
2.4781
2.51043
2.53463
2.54911
2.5533
2.54783
2.53434
2.51488
2.49128
2.46497
2.43767
2.41249
2.39345
2.38186
2.37252
2.35581
2.32476
2.28176
2.24115
2.22315
2.23854
2.27916
2.32608
2.36265
2.38035
2.37853
2.36233
2.33945
2.31637
2.29622
2.28034
2.27171
2.27538
2.29432
2.32553
2.35986
2.38502
2.38915
2.36837
2.34081
2.34586
2.39743
2.46188
2.5052
2.51946
2.5149
2.50836
2.51013
2.51686
2.52005
2.51552
2.50338
2.48424
2.458
2.42454
2.3847
2.34082
2.29698
2.25872
2.23184
2.22119
2.23
2.25905
2.30534
2.36257
2.42289
2.47768
2.51926
2.54404
2.554
2.55501
2.55377
2.5552
2.56162
2.57293
2.58731
2.60171
2.61239
2.61595
2.61084
2.59796
2.57967
2.55737
2.53087
2.50008
2.46715
2.43709
2.41571
2.40573
2.40422
2.40519
2.4044
2.40115
2.39664
2.39199
2.3877
2.38448
2.38339
2.3846
2.38588
2.38329
2.37373
2.35693
2.33583
2.31554
2.30132
2.29602
2.2984
2.30386
2.30739
2.30681
2.30362
2.30161
2.30444
2.31369
2.32807
2.34407
2.35833
2.37
2.38091
2.39288
2.40422
2.40944
2.40356
2.38848
2.37539
2.37775
2.399
2.43039
2.46035
2.48128
2.48958
2.48405
2.46587
2.43867
2.40742
2.37585
2.34434
2.31102
2.27615
2.24547
2.22767
2.22796
2.2451
2.27326
2.30445
2.32999
2.34285
2.34054
2.32639
2.30788
2.29291
2.28578
2.28576
2.28924
2.29392
2.3019
2.31856
2.34763
2.38809
2.43689
2.49181
2.54905
2.60131
2.64063
2.66203
2.66437
2.64918
2.61893
2.576
2.52366
2.46778
2.41621
2.37499
2.34495
2.32159
2.29791
2.26895
2.23709
2.21419
2.21362
2.23697
2.27178
2.30207
2.31716
2.31359
2.29412
2.26656
2.24182
2.22972
2.23469
2.25499
2.28558
2.32137
2.35803
2.39129
2.41649
2.42866
2.42361
2.39972
2.35961
2.3112
2.26692
2.24032
2.24045
2.2667
2.30865
2.3518
2.38485
2.40359
2.41066
2.41252
2.41538
2.42256
2.43441
2.4495
2.46549
2.4801
2.49263
2.50417
2.51665
2.53154
2.54891
2.5673
2.58363
2.59372
2.59374
2.58207
2.55992
2.53044
2.49723
2.46349
2.4319
2.4051
2.38606
2.37692
2.37708
2.38264
2.38877
2.39263
2.39399
2.39362
2.39177
2.38804
2.38243
2.37646
2.37251
2.37217
2.37483
2.37786
2.37758
2.37006
2.35198
2.3224
2.28632
2.2567
2.24741
2.25915
2.27844
2.29174
2.29369
2.2855
2.27188
2.26012
2.25896
2.27501
2.30853
2.35266
2.39735
2.43442
2.46
2.47376
2.47676
2.46955
2.45149
2.42154
2.37971
2.32911
2.27651
2.23055
2.19804
2.18142
2.1798
2.19219
2.21834
2.25643
2.3015
2.34661
2.38504
2.41171
2.42344
2.4193
2.4012
2.37463
2.3489
2.33474
2.33863
2.35766
2.38119
2.39852
2.40558
2.40562
2.40463
2.40569
2.40698
2.4046
2.3961
2.38209
2.36572
2.3499
2.33423
2.3153
2.29032
2.26071
2.23276
2.21491
2.21314
2.22781
2.25413
2.28509
2.31436
2.33786
2.35396
2.363
2.36662
2.36706
2.36664
2.3674
2.3713
2.37997
2.3937
2.41069
2.42787
2.44254
2.45341
2.45997
2.4618
2.45935
2.45526
2.45396
2.45893
2.47032
2.48471
2.4968
2.5012
2.49339
2.47094
2.43566
2.39466
2.35744
2.33016
2.31352
2.30575
2.30647
2.31736
2.33945
2.3698
2.40172
2.42832
2.44646
2.45846
2.4703
2.48778
2.51293
2.54332
2.57449
2.60214
2.62266
2.63306
2.63133
2.61673
2.58968
2.55276
2.51179
2.4754
2.45246
2.44798
2.4594
2.47715
2.49054
2.4928
2.48159
2.4572
2.42152
2.37838
2.33385
2.29362
2.26062
2.23759
2.22886
2.2349
2.24854
2.26048
2.26684
2.27055
2.27745
2.29241
2.31754
2.35106
2.38653
2.41446
2.42669
2.41979
2.39501
2.35569
2.30467
2.24423
2.17972
2.12274
2.08895
2.08954
2.12449
2.18393
2.25364
2.31941
2.37
2.39915
2.40618
2.39479
2.37076
2.33971
2.30545
2.26969
2.23265
2.19442
2.1556
2.11711
2.07974
2.04463
2.01436
1.99395
1.98989
2.00657
2.04312
2.09448
2.15492
2.22
2.28611
2.34951
2.40593
2.45067
2.4795
2.49084
2.48766
2.47708
2.46672
2.45997
2.45505
2.44781
2.43569
2.42045
2.40773
2.4036
2.41083
2.42826
2.45255
2.47941
2.50379
2.52036
2.52488
2.51546
2.49277
2.45964
2.42044
2.38008
2.34287
2.31151
2.28654
2.26682
2.25104
2.23925
2.23358
2.23736
2.25213
2.27466
2.29718
2.31172
2.31429
2.30579
2.29007
2.27231
2.25803
2.25169
2.25512
2.26701
2.28392
2.30206
2.31896
2.33397
2.34757
2.36053
2.37365
2.38851
2.40706
2.42982
2.45488
