-5.10773
-5.06451
-5.00029
-4.9174
-4.82989
-4.74807
-4.68372
-4.64351
-4.62172
-4.61642
-4.61469
-4.61122
-4.60167
-4.58756
-4.57001
-4.55471
-4.54854
-4.55319
-4.56656
-4.58076
-4.59037
-4.59299
-4.58745
-4.58141
-4.58118
-4.59101
-4.60828
-4.62706
-4.64031
-4.64361
-4.63501
-4.61484
-4.58744
-4.55654
-4.5267
-4.5032
-4.48414
-4.47103
-4.46206
-4.45815
-4.46212
-4.47519
-4.49479
-4.52275
-4.55759
-4.59044
-4.61844
-4.63989
-4.65529
-4.66532
-4.67141
-4.67435
-4.67552
-4.67812
-4.68236
-4.68759
-4.68731
-4.6777
-4.6581
-4.62819
-4.59538
-4.56384
-4.54232
-4.53125
-4.5304
-4.53645
-4.54304
-4.5429
-4.53072
-4.50675
-4.47034
-4.42982
-4.39267
-4.36269
-4.35016
-4.36111
-4.39393
-4.44021
-4.48625
-4.52093
-4.54188
-4.55315
-4.55817
-4.56547
-4.57969
-4.60266
-4.63362
-4.66947
-4.70297
-4.72418
-4.72799
-4.71373
-4.68431
-4.64295
-4.59733
-4.55595
-4.52805
-4.52046
-4.53494
-4.56978
-4.62206
-4.686
-4.75498
-4.82383
-4.88357
-4.92894
-4.95651
-4.96743
-4.95958
-4.93942
-4.91148
-4.87785
-4.84369
-4.80985
-4.7748
-4.73903
-4.70485
-4.67732
-4.6607
-4.65627
-4.66407
-4.67694
-4.69192
-4.70015
-4.69669
-4.68088
-4.65552
-4.62302
-4.58739
-4.55448
-4.52663
-4.50429
-4.48861
-4.47784
-4.47065
-4.47043
-4.47971
-4.49876
-4.52939
-4.56606
-4.60705
-4.64723
-4.68371
-4.71621
-4.74541
-4.76801
-4.78227
-4.78951
-4.78458
-4.77046
-4.75238
-4.73524
-4.72222
-4.71325
-4.70439
-4.69101
-4.66958
-4.64182
-4.61162
-4.58684
-4.57262
-4.56772
-4.57246
-4.58551
-4.60502
-4.62484
-4.64159
-4.64873
-4.64817
-4.63991
-4.62898
-4.61636
-4.60542
-4.59762
-4.58848
-4.57245
-4.54731
-4.511
-4.47005
-4.43154
-4.40961
-4.41146
-4.43988
-4.48663
-4.54046
-4.58945
-4.62417
-4.64271
-4.64397
-4.63009
-4.60156
-4.56268
-4.52072
-4.47973
-4.44526
-4.41922
-4.40817
-4.41373
-4.4345
-4.46496
-4.4974
-4.52904
-4.55458
-4.57019
-4.57456
-4.57138
-4.56431
-4.5569
-4.55224
-4.55109
-4.55164
-4.55212
-4.55245
-4.55342
-4.55552
-4.55761
-4.56117
-4.56327
-4.56745
-4.57261
-4.57959
-4.58688
-4.59543
-4.60594
-4.62308
-4.6435
-4.66249
-4.67716
-4.6869
-4.69235
-4.69957
-4.70867
-4.71866
-4.73274
-4.74751
-4.75958
-4.76437
-4.75996
-4.74616
-4.72141
-4.68888
-4.65097
-4.61102
-4.57089
-4.52973
-4.49288
-4.46868
-4.46287
-4.47783
-4.51139
-4.55713
-4.60613
-4.65103
-4.68735
-4.71395
-4.73115
-4.73961
-4.74217
-4.73798
-4.72488
-4.70336
-4.67623
-4.65306
-4.63716
-4.63151
-4.63743
-4.64892
-4.66364
-4.67556
-4.68671
-4.7025
-4.72698
-4.75693
-4.78917
-4.81934
-4.84215
-4.85574
-4.86289
-4.86033
-4.84836
-4.82679
-4.798
-4.76783
-4.73861
-4.71771
-4.70918
-4.7135
-4.72878
-4.75246
-4.7798
-4.80975
-4.84326
-4.87938
-4.91621
-4.95122
-4.9816
-5.0005
-5.00307
-4.99055
-4.96468
-4.93128
-4.89457
-4.85958
-4.82703
-4.79372
-4.75614
-4.71234
-4.65897
-4.60468
-4.55324
-4.51363
-4.48503
-4.46413
-4.4532
-4.45892
-4.48801
-4.5368
-4.59952
-4.66765
-4.72967
-4.7793
-4.81325
-4.83538
-4.84895
-4.86014
-4.87388
-4.88974
-4.90494
-4.91249
-4.90473
-4.87524
-4.82427
-4.75899
-4.69642
-4.65272
-4.64001
-4.65335
-4.6816
-4.71656
-4.74887
-4.77307
-4.77946
-4.76741
-4.73655
-4.6916
-4.64114
-4.59354
-4.55499
-4.52357
-4.49725
-4.47529
-4.46172
-4.46439
-4.48389
-4.51272
-4.54172
-4.56597
-4.58546
-4.60113
-4.61182
-4.61522
-4.61335
-4.6114
-4.61064
-4.61123
-4.61061
-4.6067
-4.6006
-4.59449
-4.59315
-4.60416
-4.63288
-4.6748
-4.71814
-4.75374
-4.77435
-4.77924
-4.77254
-4.75476
-4.73509
-4.7161
-4.70231
-4.69391
-4.68997
-4.68453
-4.67212
-4.65166
-4.62725
-4.60379
-4.58072
-4.55935
-4.53568
-4.51218
-4.48785
-4.46579
-4.4476
-4.43155
-4.41945
-4.4085
-4.39973
-4.39843
-4.40245
-4.41294
-4.43144
-4.45406
-4.48269
-4.51457
-4.55123
-4.58755
-4.61584
-4.63078
-4.63166
-4.62024
-4.59984
-4.57903
-4.56588
-4.56342
-4.57128
-4.58756
-4.60719
-4.63119
-4.65539
-4.67648
-4.69017
-4.69523
-4.69421
-4.68569
-4.67094
-4.65411
-4.63376
-4.61249
-4.59256
-4.57386
-4.55501
-4.5373
-4.52185
-4.51514
-4.51823
-4.53369
-4.5568
-4.5841
-4.61248
-4.63844
-4.66347
-4.68434
-4.70714
-4.72751
-4.74621
-4.76345
-4.77555
-4.78316
-4.79116
-4.79761
-4.7998
-4.79564
-4.78216
-4.76172
-4.74168
-4.72958
-4.72972
-4.74213
-4.75676
-4.76532
-4.76404
-4.75369
-4.74477
-4.74808
-4.76719
-4.79621
-4.82307
-4.8413
-4.84776
-4.8393
-4.82006
-4.79867
-4.77906
-4.76894
-4.76357
-4.75816
-4.74451
-4.71809
-4.68543
-4.65512
-4.63733
-4.62801
-4.61817
-4.59924
-4.57826
-4.55456
-4.53589
-4.5233
-4.51715
-4.51564
-4.51828
-4.52739
-4.53914
-4.55213
-4.56463
-4.5746
-4.5872
-4.60482
-4.63208
-4.66872
-4.70773
-4.74464
-4.77667
-4.80148
-4.8152
-4.81909
-4.81497
-4.80239
-4.78233
-4.75993
-4.73256
-4.70572
-4.67978
-4.66074
-4.64916
-4.63982
-4.62251
-4.59268
-4.55027
-4.5101
-4.49209
-4.50703
-4.54752
-4.59384
-4.63042
-4.64796
-4.64704
-4.62888
-4.60629
-4.58397
-4.56382
-4.54839
-4.53976
-4.54372
-4.56176
-4.59252
-4.62686
-4.65173
-4.65617
-4.63522
-4.60824
-4.61283
-4.66457
-4.72904
-4.77161
-4.78647
-4.78144
-4.77505
-4.77742
-4.7831
-4.78613
-4.78116
-4.76916
-4.75169
-4.7253
-4.69138
-4.65185
-4.60766
-4.56352
-4.52555
-4.49716
-4.4856
-4.4932
-4.5218
-4.56779
-4.62714
-4.68671
-4.74242
-4.7837
-4.80908
-4.81888
-4.81944
-4.81849
-4.82144
-4.82891
-4.84037
-4.8546
-4.86976
-4.87984
-4.88295
-4.87889
-4.86722
-4.84863
-4.82738
-4.80103
-4.7713
-4.73852
-4.708
-4.68647
-4.67785
-4.67604
-4.67717
-4.67593
-4.67283
-4.66847
-4.66427
-4.65968
-4.65691
-4.65627
-4.65779
-4.65786
-4.65573
-4.64526
-4.62876
-4.60841
-4.58857
-4.57526
-4.56981
-4.57128
-4.57614
-4.58027
-4.57924
-4.57544
-4.57313
-4.5761
-4.58597
-4.60065
-4.61681
-4.63091
-4.64228
-4.65243
-4.6635
-4.67454
-4.67976
-4.67328
-4.65743
-4.64388
-4.64472
-4.66719
-4.6989
-4.72916
-4.75009
-4.75884
-4.75301
-4.73437
-4.70747
-4.67803
-4.64601
-4.6139
-4.58088
-4.54691
-4.51502
-4.49722
-4.49675
-4.51449
-4.54312
-4.57446
-4.60001
-4.61347
-4.61101
-4.59625
-4.57713
-4.56261
-4.55654
-4.55637
-4.56015
-4.56544
-4.57235
-4.58901
-4.61884
-4.6584
-4.70795
-4.76227
-4.82012
-4.87193
-4.91201
-4.9322
-4.93317
-4.91874
-4.88698
-4.84421
-4.7914
-4.73446
-4.68259
-4.64061
-4.61073
-4.58692
-4.56279
-4.53413
-4.50181
-4.4786
-4.47863
-4.50123
-4.53636
-4.56681
-4.58205
-4.57773
-4.55764
-4.53113
-4.50608
-4.49428
-4.49956
-4.52107
-4.55197
-4.58791
-4.62456
-4.65828
-4.68258
-4.69445
-4.68986
-4.66671
-4.62781
-4.57985
-4.53586
-4.5088
-4.50985
-4.5355
-4.57821
-4.62212
-4.65592
-4.67511
-4.68354
-4.6851
-4.6866
-4.69392
-4.70608
-4.72163
-4.73791
-4.75238
-4.76506
-4.77554
-4.7859
-4.80049
-4.81907
-4.83685
-4.85274
-4.86298
-4.86406
-4.85239
-4.83039
-4.80211
-4.76769
-4.7338
-4.70205
-4.67556
-4.65697
-4.64707
-4.64708
-4.65219
-4.65878
-4.66279
-4.66384
-4.66317
-4.66133
-4.65819
-4.65062
-4.64586
-4.64086
-4.64051
-4.64197
-4.64424
-4.64472
-4.63675
-4.61897
-4.58924
-4.5533
-4.52413
-4.51529
-4.52674
-4.54664
-4.55949
-4.56204
-4.55385
-4.54159
-4.52907
-4.52895
-4.54515
-4.57898
-4.62206
-4.6672
-4.70488
-4.73092
-4.74422
-4.74691
-4.73834
-4.7206
-4.68883
-4.64731
-4.59609
-4.54454
-4.49918
-4.46879
-4.45247
-4.451
-4.46203
-4.48848
-4.52613
-4.5712
-4.61722
-4.65534
-4.68156
-4.69345
-4.6893
-4.67075
-4.64387
-4.61813
-4.60276
-4.60711
-4.6263
-4.64998
-4.66686
-4.67453
-4.67411
-4.67251
-4.67403
-4.67517
-4.67279
-4.66414
-4.64892
-4.63164
-4.61763
-4.60272
-4.58409
-4.56002
-4.5292
-4.49989
-4.48158
-4.48087
-4.49539
-4.5202
-4.55041
-4.58149
-4.60544
-4.6226
-4.63164
-4.63571
-4.6357
-4.63633
-4.63604
-4.6413
-4.65027
-4.66445
-4.68145
-4.69802
-4.71284
-4.72416
-4.73163
-4.73256
-4.73056
-4.72647
-4.72592
-4.73119
-4.74318
-4.75788
-4.76983
-4.77393
-4.76521
-4.7417
-4.70596
-4.66405
-4.62637
-4.5997
-4.5823
-4.57529
-4.57586
-4.5872
-4.6093
-4.63934
-4.67006
-4.69696
-4.7151
-4.72649
-4.73863
-4.75716
-4.78292
-4.81286
-4.84373
-4.87123
-4.89235
-4.90124
-4.89997
-4.88583
-4.85863
-4.82201
-4.78148
-4.74494
-4.72214
-4.71721
-4.72834
-4.74624
-4.75964
-4.76205
-4.75129
-4.7269
-4.69092
-4.64823
-4.60339
-4.56392
-4.53031
-4.50653
-4.49689
-4.50308
-4.51642
-4.52897
-4.53564
-4.53963
-4.54548
-4.55968
-4.58482
-4.61894
-4.65427
-4.68265
-4.69444
-4.68708
-4.66229
-4.62328
-4.57165
-4.51167
-4.44821
-4.39182
-4.35712
-4.3571
-4.39145
-4.45227
-4.52153
-4.58761
-4.63926
-4.66932
-4.67575
-4.66435
-4.64046
-4.60821
-4.57304
-4.53712
-4.50039
-4.4617
-4.42259
-4.38425
-4.34642
-4.31161
-4.28225
-4.26259
-4.25822
-4.2746
-4.31085
-4.36206
-4.4225
-4.48819
-4.55535
-4.61936
-4.67443
-4.71992
-4.74966
-4.76039
-4.75751
-4.74859
-4.73792
-4.72996
-4.7246
-4.71766
-4.70508
-4.68923
-4.67515
-4.67072
-4.67795
-4.69553
-4.72073
-4.74774
-4.77183
-4.78899
-4.79427
-4.7847
-4.76247
-4.72873
-4.69013
-4.64961
-4.6121
-4.58044
-4.55577
-4.5359
-4.52057
-4.50878
-4.50372
-4.5078
-4.52167
-4.54511
-4.56658
-4.58097
-4.58324
-4.57518
-4.55931
-4.5408
-4.52546
-4.51941
-4.523
-4.53459
-4.55225
-4.5707
-4.58624
-4.60109
-4.61515
-4.62916
-4.64259
-4.6585
-4.67719
-4.69996
-4.72366
