-6.36241
-6.35427
-6.33975
-6.31655
-6.282
-6.2342
-6.17417
-6.09794
-6.0018
-5.88695
-5.74952
-5.595
-5.43292
-5.27522
-5.13427
-5.02313
-4.94777
-4.90737
-4.89802
-4.9134
-4.94168
-4.97742
-5.01347
-5.04532
-5.07076
-5.08784
-5.0982
-5.10272
-5.10492
-5.10608
-5.10715
-5.10927
-5.10781
-5.10242
-5.09061
-5.07077
-5.04252
-5.01121
-4.97923
-4.95204
-4.9298
-4.91472
-4.90491
-4.90131
-4.90114
-4.90704
-4.91881
-4.93542
-4.95547
-4.97382
-4.98839
-4.99719
-4.99961
-4.9955
-4.98356
-4.969
-4.95474
-4.943
-4.93517
-4.93189
-4.93251
-4.9358
-4.94113
-4.94823
-4.95399
-4.95995
-4.96397
-4.96472
-4.96236
-4.9602
-4.95921
-4.96237
-4.97134
-4.98281
-4.99653
-5.00871
-5.01781
-5.02382
-5.02981
-5.03628
-5.04002
-5.04169
-5.04016
-5.03304
-5.02485
-5.0162
-5.01028
-5.0076
-5.00684
-5.01014
-5.01612
-5.02299
-5.02986
-5.03444
-5.03593
-5.0318
-5.0254
-5.01429
-4.99813
-4.97903
-4.95846
-4.93728
-4.91755
-4.89754
-4.88106
-4.87057
-4.86656
-4.87067
-4.88259
-4.90131
-4.9246
-4.94895
-4.97187
-4.98864
-4.9968
-4.99939
-4.99435
-4.9842
-4.97096
-4.9567
-4.94511
-4.93553
-4.92731
-4.91996
-4.91312
-4.90643
-4.90339
-4.90884
-4.92063
-4.93781
-4.96167
-4.99161
-5.02324
-5.05439
-5.0801
-5.09892
-5.11099
-5.11483
-5.11513
-5.11438
-5.11544
-5.11747
-5.11861
-5.11394
-5.10364
-5.08663
-5.0691
-5.05315
-5.04361
-5.04306
-5.04727
-5.05461
-5.06207
-5.06619
-5.06482
-5.05429
-5.03348
-5.00293
-4.96899
-4.94023
-4.92006
-4.91339
-4.91365
-4.91846
-4.92561
-4.93331
-4.94363
-4.95994
-4.98146
-5.00273
-5.0217
-5.03484
-5.04263
-5.04624
-5.04563
-5.04321
-5.03967
-5.0387
-5.03723
-5.03267
-5.02594
-5.01758
-5.00846
-5.01031
-5.0243
-5.05343
-5.09293
-5.13393
-5.16794
-5.19088
-5.20144
-5.19959
-5.19139
-5.17998
-5.16342
-5.14447
-5.12272
-5.09927
-5.07308
-5.04566
-5.02018
-4.99686
-4.97839
-4.96581
-4.9588
-4.9551
-4.9524
-4.95171
-4.95119
-4.94923
-4.94656
-4.94019
-4.9332
-4.927
-4.92188
-4.91895
-4.91938
-4.92444
-4.93791
-4.95685
-4.98185
-5.00825
-5.03679
-5.06317
-5.08546
-5.10331
-5.11429
-5.11697
-5.11099
-5.09642
-5.07563
-5.0507
-5.02421
-4.99998
-4.97717
-4.95967
-4.94714
-4.93979
-4.93657
-4.93572
-4.93895
-4.94956
-4.96959
-4.9992
-5.03403
-5.06523
-5.08661
-5.09227
-5.08308
-5.06314
-5.03613
-5.00626
-4.97906
-4.95641
-4.94214
-4.93396
-4.93315
-4.93997
-4.94931
-4.96245
-4.97482
-4.98518
-4.99213
-4.99536
-4.99647
-4.99814
-4.99953
-5.00444
-5.01293
-5.02239
-5.03409
-5.04698
-5.05945
-5.07076
-5.08238
-5.09202
-5.09716
-5.10003
-5.09813
-5.0886
-5.07515
-5.05785
-5.03711
-5.01654
-4.99689
-4.97957
-4.96522
-4.95339
-4.94541
-4.93604
-4.92788
-4.91986
-4.91334
-4.90692
-4.90604
-4.9104
-4.92153
-4.93852
-4.95848
-4.98067
-4.99957
-5.01591
-5.02698
-5.03417
-5.03985
-5.04376
-5.04778
-5.04906
-5.04605
-5.03712
-5.02334
-5.00537
-4.98362
-4.96331
-4.94833
-4.94064
-4.94278
-4.95576
-4.97763
-5.00488
-5.03333
-5.06015
-5.07981
-5.08943
-5.08858
-5.07856
-5.05826
-5.03338
-5.00631
-4.98125
-4.96095
-4.94688
-4.9399
-4.94032
-4.94826
-4.95991
-4.97578
-4.99137
-5.00583
-5.0136
-5.01589
-5.01172
-5.00383
-4.99421
-4.98236
-4.97085
-4.96211
-4.95506
-4.95239
-4.95391
-4.95925
-4.96497
-4.9709
-4.97434
-4.97671
-4.9764
-4.97268
-4.966
-4.95784
-4.94905
-4.94072
-4.93364
-4.92936
-4.92872
-4.93099
-4.93706
-4.94763
-4.96438
-4.98268
-5.00092
-5.0146
-5.02244
-5.02497
-5.023
-5.02231
-5.02104
-5.0239
-5.02953
-5.03515
-5.0412
-5.04526
-5.04677
-5.04425
-5.03873
-5.02904
-5.01655
-5.00099
-4.98444
-4.97038
-4.95915
-4.9498
-4.94444
-4.94439
-4.9485
-4.9548
-4.96604
-4.9775
-4.99001
-5.00188
-5.01362
-5.02376
-5.0314
-5.03588
-5.03674
-5.03413
-5.02756
-5.01974
-5.01102
-5.00237
-4.99695
-4.9961
-5.00119
-5.01234
-5.02941
-5.05123
-5.07515
-5.10012
-5.12345
-5.14101
-5.15039
-5.15173
-5.14543
-5.13288
-5.12192
-5.11524
-5.11567
-5.11713
-5.12033
-5.11971
-5.11178
-5.09784
-5.07849
-5.05876
-5.04199
-5.03091
-5.02799
-5.03208
-5.03999
-5.04951
-5.05575
-5.05723
-5.05451
-5.04574
-5.03435
-5.01836
-5.00279
-4.99051
-4.98534
-4.98676
-4.99302
-5.00053
-5.00619
-5.00717
-5.00247
-4.99165
-4.97803
-4.96549
-4.95752
-4.95422
-4.9584
-4.96682
-4.97784
-4.9878
-4.99417
-4.99495
-4.993
-4.98822
-4.98436
-4.98308
-4.98797
-4.99757
-5.01118
-5.02386
-5.03633
-5.04319
-5.04167
-5.03328
-5.01472
-4.99262
-4.96941
-4.95042
-4.94132
-4.94111
-4.94826
-4.95839
-4.96801
-4.97568
-4.98098
-4.98785
-4.99641
-5.00863
-5.02689
-5.04942
-5.07763
-5.10484
-5.13066
-5.14926
-5.15756
-5.15646
-5.14318
-5.12005
-5.08977
-5.0558
-5.02314
-4.99322
-4.97113
-4.95458
-4.94175
-4.93211
-4.92299
-4.91735
-4.91381
-4.91697
-4.92552
-4.93989
-4.95872
-4.97975
-4.9986
-5.01471
-5.02264
-5.02331
-5.01681
-5.00788
-4.99843
-4.99279
-4.99301
-4.99963
-5.01115
-5.02469
-5.03794
-5.05006
-5.05706
-5.05853
-5.05317
-5.04215
-5.02831
-5.01449
-5.0052
-5.0009
-5.00661
-5.01422
-5.02263
-5.02741
-5.02694
-5.02485
-5.02171
-5.02125
-5.02369
-5.02563
-5.02325
-5.01724
-5.00625
-4.99359
-4.97893
-4.96526
-4.95155
-4.94095
-4.9334
-4.93177
-4.93694
-4.94644
-4.95924
-4.97381
-4.98867
-5.00466
-5.01966
-5.03355
-5.04631
-5.05719
-5.06635
-5.07297
-5.07573
-5.07285
-5.06457
-5.05259
-5.03869
-5.02515
-5.01336
-5.00572
-5.00317
-5.0048
-5.00934
-5.0156
-5.02309
-5.02998
-5.03764
-5.04545
-5.05213
-5.05458
-5.05058
-5.03965
-5.02343
-5.00147
-4.98029
-4.96228
-4.94994
-4.94631
-4.95125
-4.96551
-4.98451
-5.00362
-5.02192
-5.03716
-5.04593
-5.04816
-5.04485
-5.03539
-5.01889
-4.99606
-4.96932
-4.94086
-4.9215
-4.91311
-4.91717
-4.93042
-4.94479
-4.95847
-4.96507
-4.96746
-4.96418
-4.95271
-4.93727
-4.92287
-4.91546
-4.91849
-4.93321
-4.95691
-4.98697
-5.01687
-5.04427
-5.06245
-5.06841
-5.06326
-5.04914
-5.03041
-5.01034
-4.9981
-4.99739
-5.00771
-5.0266
-5.04585
-5.06228
-5.07268
-5.07438
-5.06894
-5.05712
-5.04051
-5.02196
-5.00538
-4.99274
-4.98851
-4.99279
-5.00163
-5.01155
-5.0188
-5.02267
-5.02388
-5.02453
-5.02498
-5.03094
-5.04099
-5.05479
-5.06783
-5.07511
-5.07728
-5.07317
-5.06944
-5.07216
-5.08116
-5.09628
-5.11097
-5.11962
-5.11461
-5.09968
-5.07599
-5.05006
-5.0322
-5.02784
-5.03986
-5.06411
-5.09558
-5.12959
-5.16031
-5.18139
-5.18912
-5.1825
-5.16239
-5.13468
-5.10464
-5.0781
-5.05819
-5.04724
-5.04159
-5.0391
-5.0349
-5.02483
-5.01069
-4.9952
-4.97872
-4.96729
-4.96147
-4.96184
-4.9656
-4.97277
-4.98276
-4.99563
-5.01151
-5.02526
-5.0374
-5.04413
-5.04485
-5.03955
-5.0277
-5.01207
-4.99609
-4.98066
-4.96915
-4.96054
-4.95679
-4.95748
-4.96026
-4.96525
-4.97044
-4.97688
-4.98397
-4.98877
-4.99068
-4.98684
-4.97723
-4.96295
-4.94765
-4.93212
-4.91954
-4.91087
-4.90724
-4.91089
-4.92085
-4.93715
-4.95512
-4.97335
-4.99169
-5.01068
-5.03091
-5.05115
-5.0691
-5.08577
-5.09937
-5.10823
-5.1135
-5.11243
-5.10541
-5.09138
-5.07254
-5.04985
-5.02682
-5.00587
-4.99227
-4.98489
-4.9843
-4.98842
-4.99468
-5.00271
-5.01104
-5.01915
-5.02522
-5.03014
-5.03347
-5.0365
-5.0391
-5.03901
-5.03931
-5.03973
-5.03764
-5.0328
-5.02405
-5.01176
-4.99635
-4.97947
-4.96113
-4.94365
-4.93027
-4.92171
-4.91987
-4.9239
-4.93315
-4.94494
-4.95896
-4.97184
-4.98015
-4.98582
-4.98465
-4.97651
-4.96639
-4.95491
-4.94859
-4.95108
-4.96182
-4.97742
-4.99164
-5.00161
-5.00217
-4.9935
-4.98049
-4.96529
-4.95334
-4.94875
-4.95369
-4.96743
-4.99175
-5.02634
-5.06539
-5.10484
-5.14358
-5.17375
-5.19289
-5.2012
-5.19649
-5.17992
-5.15368
-5.11994
-5.08311
-5.04877
-5.02086
-5.00415
-5.0004
-5.0083
-5.02328
-5.04186
-5.05839
-5.07068
-5.07586
-5.07323
-5.06072
-5.03916
-5.01135
-4.97899
-4.94498
-4.91322
-4.88462
-4.86128
-4.84426
-4.83654
-4.8379
-4.85101
-4.87306
-4.90489
-4.94416
-4.98474
-5.02126
-5.05246
-5.07223
-5.08048
-5.07608
-5.06094
-5.03823
-5.01197
-4.99045
-4.97443
-4.96463
-4.9589
-4.95304
-4.94338
-4.93014
-4.91516
-4.89937
-4.88557
-4.87732
-4.87715
-4.8835
-4.89967
-4.92125
-4.94731
-4.97546
-5.00257
-5.02771
-5.05154
-5.07168
-5.09058
-5.10669
-5.12073
-5.13399
-5.14163
-5.14063
-5.12928
-5.106
-5.07139
-5.02841
-4.98419
-4.94517
-4.91276
-4.88372
-4.86065
-4.84749
-4.84713
-4.86051
-4.88296
-4.91356
-4.94253
-4.96692
-4.98631
-4.99941
-5.00986
-5.0182
-5.02371
-5.02575
-5.0239
-5.01658
-5.00081
-4.97698
-4.94534
-4.90572
-4.86573
-4.83099
-4.81023
-4.80831
-4.82486
-4.855
-4.89202
-4.92731
-4.95819
-4.98158
-4.99622
-5.00296
-5.00154
-4.99415
-4.98395
-4.97496
-4.97004
-4.96863
-4.96987
-4.97412
-4.97669
-4.98082
-4.9842
-4.98837
-4.99481
-5.00246
-5.0108
-5.02156
-5.03403
-5.048
-5.06187
-5.07613
-5.08818
-5.09691
-5.10091
-5.09957
-5.09436
-5.08706
-5.07807
-5.06933
-5.05987
-5.05353
-5.05125
-5.05286
-5.05441
-5.0561
-5.05851
-5.06451
-5.07303
-5.08456
-5.09644
-5.10409
-5.10727
-5.10692
-5.10614
-5.10736
-5.11265
-5.11951
-5.12786
-5.13615
-5.1422
-5.1444
-5.14347
-5.13631
-5.1225
-5.10028
-5.07054
-5.03925
-5.01154
-4.99219
-4.98745
-4.99474
-5.01007
-5.02752
-5.0423
-5.05146
-5.05488
-5.05141
-5.04255
-5.03043
-5.0183
-5.00798
-5.00045
-4.99728
-4.99399
-4.99482
-4.99658
-4.99784
-4.99807
-4.99617
-4.9945
-4.99306
-4.99281
-4.99172
-4.9904
-4.99144
-4.99652
-5.00995
-5.03006
-5.05391
-5.07632
-5.09401
-5.10387
-5.10561
-5.09969
-5.08297
-5.05435
-5.01485
-4.967
-4.92478
-4.8948
-4.88473
-4.8925
-4.90597
-4.92063
-4.93275
-4.94021
-4.94628
-4.95405
-4.9641
-4.97733
-4.99161
-5.00574
-5.01631
-5.02232
-5.02344
-5.01982
-5.01272
-5.00287
-4.99029
-4.97854
-4.96944
-4.96325
-4.95896
-4.95685
-4.95579
-4.96123
-4.97505
-4.99901
-5.0257
-5.05015
-5.06849
-5.0762
-5.07111
-5.05413
-5.02617
-4.9915
-4.9525
-4.91431
-4.88139
-4.86005
-4.85021
-4.85381
-4.86842
-4.89268
-4.92028
-4.9484
-4.97374
-4.99634
-5.01515
-5.03177
-5.04487
-5.05577
-5.06258
-5.06429
-5.06068
-5.05297
-5.03981
-5.02292
-5.00124
-4.97707
-4.95364
-4.93278
-4.91844
-4.91222
-4.91588
-4.92939
-4.95086
-4.97684
-5.00315
-5.02539
-5.03948
-5.04585
-5.04673
-5.04366
-5.03953
-5.03525
-5.02932
-5.0231
-5.01451
-5.00788
-5.00126
-4.99491
-4.98825
-4.97958
-4.96632
-4.94967
-4.93243
-4.91565
-4.89864
-4.88247
-4.86584
-4.85365
-4.84663
-4.84779
-4.85899
-4.88394
-4.91778
-4.95766
-4.99818
-5.03519
-5.06538
-5.08824
-5.10188
-5.10669
-5.10462
-5.09852
-5.09008
-5.08073
-5.07417
-5.06811
-5.06378
-5.06213
-5.06216
-5.06429
-5.06551
-5.0656
-5.06181
-5.05264
-5.03987
-5.02554
-5.00997
-4.99365
-4.97722
-4.9623
-4.94672
-4.93339
-4.92361
-4.91646
-4.91626
-4.92427
-4.93971
-4.96147
-4.98629
-5.01015
-5.03119
-5.04733
-5.05974
-5.06791
-5.07086
-5.06961
-5.06052
-5.04462
-5.02401
-4.99853
-4.96595
-4.931
-4.89811
-4.87467
-4.86627
-4.87135
-4.8848
-4.90124
-4.9201
-4.93887
-4.95705
-4.97406
-4.98959
-5.00358
-5.01407
-5.01811
-5.02058
-5.01996
-5.01912
-5.02058
-5.02568
-5.03071
-5.03231
-5.02967
-5.02096
-5.00767
-4.99077
-4.97374
-4.95713
-4.94215
-4.93058
-4.92461
-4.92435
-4.93016
-4.94216
-4.9573
-4.97494
-4.9903
-5.00232
-5.009
-5.00853
-5.00013
-4.98398
-4.9613
-4.93253
-4.90569
-4.88151
-4.86589
-4.8571
-4.85573
-4.85921
-4.8663
-4.87379
-4.88341
-4.89614
-4.91165
-4.92769
-4.94513
-4.96008
-4.97261
-4.98185
-4.98728
-4.99236
-4.99311
-4.99454
-4.99539
-4.99673
-4.99737
-4.99909
-5.0025
-5.00974
-5.01895
-5.03006
-5.04258
-5.05077
-5.05387
-5.04843
-5.03776
-5.02462
-5.01607
-5.01381
-5.0205
-5.0337
-5.04683
-5.05709
-5.06102
-5.05651
-5.04605
-5.03115
-5.01585
-5.00142
-4.99122
-4.98249
-4.97559
-4.9686
-4.96007
-4.94754
-4.93088
-4.91662
-4.90661
-4.90347
-4.90845
-4.92111
-4.93789
-4.95846
-4.98041
-5.00061
-5.01792
-5.03266
-5.04184
-5.05005
-5.05761
-5.06604
-5.07598
-5.08756
-5.09804
-5.10729
-5.11247
-5.11112
-5.10068
-5.0799
-5.05024
-5.0127
-4.96903
-4.92442
-4.8874
-4.86096
-4.85132
-4.8604
-4.88396
-4.91598
-4.94578
-4.96719
-4.97544
-4.97125
-4.95641
-4.93726
-4.9158
-4.89427
-4.87686
-4.86564
-4.86363
-4.86862
-4.87963
-4.89239
-4.90269
-4.91125
-4.91789
-4.9241
-4.93303
-4.94101
-4.94716
-4.95141
-4.95627
-4.96332
-4.97079
-4.9772
-4.9807
-4.97857
-4.97033
-4.9581
-4.94525
-4.93555
-4.93119
-4.93106
-4.93451
-4.93625
-4.93669
-4.93339
-4.92839
-4.92208
-4.91684
-4.9115
-4.90821
-4.90786
-4.91219
-4.92036
-4.93018
-4.93947
-4.94397
-4.94144
-4.9335
-4.91833
-4.90167
-4.88842
-4.87924
-4.87496
-4.87507
-4.87824
-4.88103
-4.88213
-4.88088
-4.8822
-4.88712
-4.89642
-4.91189
-4.92738
-4.94093
-4.95005
-4.9533
-4.9542
-4.95274
-4.9493
-4.94517
-4.93949
-4.93691
-4.93768
-4.94333
-4.95507
-4.9679
-4.98159
-4.99199
-4.99771
-4.99992
-4.99735
-4.99285
-4.98606
-4.98068
-4.97591
-4.97418
-4.97613
-4.98129
-4.98906
-5.00034
-5.01823
-5.03728
-5.0567
-5.07403
-5.08627
-5.09134
-5.08912
-5.08189
-5.07229
-5.05969
-5.04629
-5.03104
-5.0156
-4.9995
-4.98448
-4.97259
-4.96424
-4.96235
-4.96371
-4.96654
-4.96928
-4.9702
-4.96964
-4.97135
-4.97512
-4.97935
-4.98424
-4.98812
-4.99027
-4.99392
-4.99949
-5.00856
-5.02111
-5.03357
-5.04484
-5.05486
-5.06214
-5.06464
-5.06315
-5.05539
-5.04278
-5.02778
-5.01135
-4.99529
-4.97954
-4.96929
-4.96583
-4.9718
-4.98711
-5.01091
-5.03687
-5.06078
-5.0766
-5.08235
-5.07582
-5.05985
-5.03576
-5.00991
-4.98379
-4.95927
-4.93842
-4.91901
-4.90143
-4.88486
-4.87051
-4.85851
-4.85348
-4.85418
-4.86229
-4.87534
-4.89171
-4.90789
-4.9223
-4.93315
-4.93751
-4.93743
-4.93478
-4.93072
-4.92793
-4.92864
-4.93443
-4.94572
-4.96249
-4.98526
-5.01034
-5.03726
-5.06507
-5.09262
-5.11558
-5.13713
-5.15269
-5.16345
-5.16846
-5.16872
-5.16303
-5.15029
-5.13151
-5.10853
-5.08142
-5.05144
-5.02145
-4.99353
-4.96797
-4.94784
-4.93152
-4.92136
-4.91557
-4.91364
-4.91478
-4.91728
-4.9179
-4.91779
-4.917
-4.91669
-4.91713
-4.92266
-4.93154
-4.94242
-4.95242
-4.95944
-4.96166
-4.95831
-4.95022
-4.93809
-4.92295
-4.90699
-4.89074
-4.87601
-4.86552
-4.86285
-4.8683
-4.88127
-4.90317
-4.92939
-4.95789
-4.98433
-5.00565
-5.02167
-5.03251
-5.03904
-5.0427
-5.04585
-5.05473
-5.06897
-5.08951
-5.11108
-5.12766
-5.13487
-5.1303
-5.11581
-5.09257
-5.06634
-5.04304
-5.02549
-5.01551
-5.00716
-4.99855
-4.9913
-4.98528
-4.98148
-4.97757
-4.97533
-4.97608
-4.97952
-4.98655
-4.99607
-5.00354
-5.00757
-5.0032
-4.99182
-4.97349
-4.95138
-4.92919
-4.90644
-4.88314
-4.86077
-4.84088
-4.82512
-4.82007
-4.82634
-4.84443
-4.87128
-4.90529
-4.94545
-4.98504
-5.02048
-5.04723
-5.06127
-5.05981
-5.04546
-5.01846
-4.98318
-4.94461
-4.91011
-4.88702
-4.88132
-4.8926
-4.92069
-4.95705
-4.99831
-5.03812
-5.07072
-5.09368
-5.10761
-5.11209
-5.10809
-5.09733
-5.08042
-5.06027
-5.04416
-5.03748
-5.04458
-5.06091
-5.08065
-5.09852
-5.10984
-5.11188
-5.10189
-5.07845
-5.04655
-5.01349
-4.99138
-4.98046
-4.97494
-4.96557
-4.95338
-4.9395
-4.92881
-4.92585
-4.93071
-4.94154
-4.9596
-4.98044
-5.00124
-5.02174
-5.03614
-5.04521
-5.04965
-5.04672
-5.03739
-5.02454
-5.00822
-4.9933
-4.98042
-4.96908
-4.96017
-4.95729
-4.95966
-4.96679
-4.97615
-4.9858
-4.99591
-5.00566
-5.01307
-5.01958
-5.02393
-5.02676
-5.02607
-5.02297
-5.01852
-5.01527
-5.01711
-5.02504
-5.03707
-5.05217
-5.06747
-5.08263
-5.0951
-5.10505
-5.11315
-5.11906
-5.12469
-5.12753
-5.12818
-5.12258
-5.11332
-5.09657
-5.07346
-5.04474
-5.01089
-4.97651
-4.9441
-4.91709
-4.9001
-4.88851
-4.8835
-4.88299
-4.88761
-4.90019
-4.91844
-4.94411
-4.97064
-4.99321
-5.00671
-5.0076
-4.9966
-4.97769
-4.95876
-4.94268
-4.93247
-4.9273
-4.92524
-4.92357
-4.92265
-4.92045
-4.91891
-4.9204
-4.92427
-4.93053
-4.93915
-4.94978
-4.95832
-4.96536
-4.96998
-4.97301
-4.97346
-4.97059
-4.96577
-4.95948
-4.95261
-4.9439
-4.9371
-4.93008
-4.92372
-4.92178
-4.92513
-4.93524
-4.94989
-4.96936
-4.99094
-5.01266
-5.03383
-5.05051
-5.06011
-5.05969
-5.04749
-5.02568
-4.99666
-4.96955
-4.95023
-4.94245
-4.94662
-4.95734
-4.97411
-4.99244
-5.00653
-5.01361
-5.0115
-5.00216
-4.9893
-4.97936
-4.97538
-4.97994
-4.9967
-5.02745
-5.06875
-5.1136
-5.15705
-5.19256
-5.21657
-5.2315
-5.23649
-5.23214
-5.2198
-5.20128
-5.17578
-5.14623
-5.11641
-5.08982
-5.06793
-5.049
-5.03292
-5.01768
-4.99888
-4.97688
-4.94946
-4.91627
-4.87847
-4.8407
-4.80802
-4.78818
-4.7866
-4.80738
-4.84724
-4.897
-4.94887
-4.99695
-5.03586
-5.06622
-5.08968
-5.10545
-5.11924
-5.1297
-5.13624
-5.13794
-5.13429
-5.12777
-5.11774
-5.10916
-5.09897
-5.09124
-5.08659
-5.08185
-5.07868
-5.07191
-5.0633
-5.05191
-5.03838
-5.0253
-5.01511
-5.01065
-5.0119
-5.02052
-5.03295
-5.04646
-5.05767
-5.0644
-5.06247
-5.05407
-5.03861
-5.01995
-5.00157
-4.98451
-4.97328
-4.96469
-4.95948
-4.95828
-4.95924
-4.96301
-4.96838
-4.97519
-4.9831
-4.99031
-4.99606
-4.99774
-4.99401
-4.98527
-4.97385
-4.96316
-4.95686
-4.95781
-4.96972
-4.98973
-5.01593
-5.04787
-5.07971
-5.11013
-5.13394
-5.15081
-5.15932
-5.16227
-5.16445
-5.16459
-5.16544
-5.16645
-5.16651
-5.16224
-5.15352
-5.14027
-5.12324
-5.10595
-5.08863
-5.07095
-5.05236
-5.02805
-4.99834
-4.96642
-4.94148
-4.92841
-4.92573
-4.92921
-4.9342
-4.9407
-4.95094
-4.96694
-4.98443
-5.00191
-5.01685
-5.03012
-5.04261
-5.05116
-5.05697
-5.0601
-5.05849
-5.05569
-5.05217
-5.04984
-5.05261
-5.05943
-5.07053
-5.08337
-5.09375
-5.0967
-5.08961
-5.07361
-5.05091
-5.02322
-4.99862
-4.97979
-4.97008
-4.96945
-4.97892
-4.9977
-5.02158
-5.04826
-5.07302
-5.09104
-5.09858
-5.0949
-5.07851
-5.05178
-5.02081
-4.98951
-4.96749
-4.95495
-4.95597
-4.96558
-4.97911
-4.98947
-4.99627
-4.99914
-4.99507
-4.98792
-4.97957
-4.97043
-4.96456
-4.96086
-4.95973
-4.9629
-4.97273
-4.98521
-4.9978
-5.0103
-5.01846
-5.02517
-5.0331
-5.04041
-5.046
-5.0486
-5.04829
-5.04273
-5.03252
-5.0169
-5.00196
-4.98724
-4.97871
-4.97612
-4.97766
-4.98153
-4.98155
-4.97517
-4.96167
-4.94199
-4.91833
-4.89762
-4.88037
-4.8707
-4.87464
-4.89635
-4.92833
-4.96548
-4.99985
-5.0279
-5.04707
-5.05547
-5.05728
-5.05728
-5.0547
-5.05199
-5.04852
-5.04318
-5.03806
-5.03068
-5.02207
-5.01425
-5.00912
-5.007
-5.00976
-5.01642
-5.02697
-5.03833
-5.04686
-5.05124
-5.05103
-5.04284
-5.03009
-5.0151
-5.00021
-4.99105
-4.98849
-4.9966
-5.01464
-5.04081
-5.07141
-5.10301
-5.13199
-5.15414
-5.16605
-5.16745
-5.15709
-5.13785
-5.11187
-5.08385
-5.05866
-5.03939
-5.02775
-5.02515
-5.03026
-5.0405
-5.05698
-5.076
-5.0936
-5.10754
-5.11685
-5.11932
-5.11521
-5.10569
-5.09129
-5.07358
-5.05328
-5.03162
-5.01248
-4.99582
-4.98568
-4.98468
-4.99154
-5.00235
-5.0213
-5.04331
-5.0664
-5.09105
-5.11137
-5.1242
-5.12726
-5.11771
-5.09572
-5.06577
-5.02994
-4.99535
-4.96509
-4.94622
-4.94032
-4.94712
-4.96149
-4.97795
-4.99378
-5.00697
-5.01606
-5.01943
-5.01834
-5.01569
-5.01597
-5.01953
-5.02512
-5.03181
-5.04112
-5.05323
-5.06766
-5.08097
-5.0907
-5.09342
-5.08861
-5.07515
-5.05432
-5.03062
-5.00777
-4.98966
-4.98208
-4.98414
-4.99633
-5.0149
-5.03886
-5.06393
-5.08604
-5.10262
-5.11251
-5.11197
-5.10141
-5.08068
-5.05234
-5.0188
-4.98224
-4.94645
-4.9151
-4.89485
-4.88653
-4.89241
-4.90802
-4.92812
-4.94914
-4.96865
-4.98548
-4.99934
-5.01121
-5.02206
-5.03059
-5.03477
-5.03143
-5.01824
-4.99545
-4.96457
-4.93176
-4.90109
-4.87602
-4.85865
-4.85056
-4.85002
-4.85739
-4.86991
-4.88768
-4.90757
-4.92955
-4.94883
-4.96444
-4.97219
-4.96995
-4.9586
-4.93973
-4.91698
-4.89327
-4.87396
-4.86215
-4.85801
-4.8635
-4.8777
-4.89735
-4.92144
-4.94542
-4.96732
-4.98339
-4.99604
-5.00351
-5.00876
-5.00957
-5.00679
-5.00069
-4.99405
-4.98921
-4.98881
-4.99406
-5.00526
-5.01728
-5.02678
-5.03039
-5.0256
-5.01457
-5.00146
-4.99245
-4.99015
-4.99959
-5.019
-5.04128
-5.0582
-5.06828
-5.07256
-5.07534
-5.08245
-5.09722
-5.11951
-5.14303
-5.15935
-5.16398
-5.15079
-5.12224
-5.08054
-5.03384
-4.98792
-4.94986
-4.92323
-4.90532
-4.89831
-4.89988
-4.90713
-4.91535
-4.92202
-4.92383
-4.91876
-4.90806
-4.89301
-4.8762
-4.85606
-4.83156
-4.80679
-4.78583
-4.77138
-4.77193
-4.78974
-4.82749
-4.88041
-4.94358
-5.01113
-5.07421
-5.1239
-5.16026
-5.17939
-5.18284
-5.17336
-5.15466
-5.12951
-5.10132
-5.07482
-5.05275
-5.03654
-5.02476
-5.0175
-5.01537
-5.01645
-5.01875
-5.02161
-5.02312
-5.01747
-5.00656
-4.9888
-4.96594
-4.93986
-4.91327
-4.8893
-4.8718
-4.8623
-4.86275
-4.87243
-4.88849
-4.90606
-4.92287
-4.93743
-4.95167
-4.96646
-4.98521
-5.00599
-5.02661
-5.04837
-5.06823
-5.087
-5.10157
-5.11374
-5.12032
-5.12136
-5.11502
-5.10193
-5.08189
-5.05645
-5.02824
-5.0008
-4.97515
-4.95403
-4.93643
-4.91944
-4.90104
-4.88125
-4.86065
-4.8446
-4.83508
-4.83401
-4.84126
-4.85537
-4.87139
-4.88734
-4.90245
-4.91768
-4.93535
-4.95099
-4.96327
-4.96912
-4.97312
-4.97373
-4.97423
-4.97588
-4.97793
-4.98069
-4.98221
-4.98276
-4.9791
-4.97159
-4.9597
-4.94633
-4.93553
-4.93071
-4.93601
-4.95098
-4.97281
-4.99831
-5.02266
-5.04074
-5.05181
-5.05514
-5.05426
-5.04858
-5.0421
-5.03873
-5.03676
-5.03774
-5.04285
-5.04964
-5.05628
-5.06268
-5.06868
-5.07776
-5.0878
-5.10094
-5.11535
-5.12891
-5.13819
-5.14286
-5.14083
-5.13332
-5.11887
-5.0984
-5.07813
-5.05635
-5.03755
-5.02765
-5.02569
-5.03192
-5.04593
-5.06528
-5.08215
-5.0956
-5.10288
-5.10031
-5.09114
-5.07335
-5.04891
-5.02262
-4.99583
-4.97354
-4.95584
-4.94729
-4.94717
-4.95655
-4.97731
-5.00494
-5.03547
-5.06648
-5.09078
-5.10604
-5.11227
-5.10699
-5.09251
-5.07128
-5.04317
-5.01304
-4.98477
-4.96177
-4.94953
-4.94968
-4.9619
-4.9839
-5.01198
-5.04098
-5.06576
-5.08434
-5.09242
-5.09299
-5.08777
-5.07908
-5.07089
-5.06397
-5.05772
-5.05096
-5.04124
-5.03141
-5.01918
-5.00547
-4.994
-4.9842
-4.97601
-4.97297
-4.9716
-4.97501
-4.9813
-4.99027
-5.00221
-5.01777
-5.03678
-5.05755
-5.07762
-5.0955
-5.1088
-5.11616
-5.11621
-5.10851
-5.09794
-5.08366
-5.0697
-5.06049
-5.05961
-5.06521
-5.0749
-5.08495
-5.09003
-5.08478
-5.06753
-5.0398
-5.006
-4.97348
-4.94861
-4.93812
-4.9435
-4.96405
-4.99535
-5.0312
-5.06523
-5.09656
-5.11939
-5.13504
-5.14425
-5.14808
-5.14855
-5.14573
-5.14036
-5.13275
-5.12451
-5.11607
-5.10494
-5.09127
-5.07488
-5.0548
-5.0324
-5.00642
-4.97976
-4.95796
-4.94466
-4.94158
-4.94926
-4.96751
-4.98999
-5.01348
-5.03069
-5.04278
-5.04697
-5.04352
-5.03407
-5.01998
-5.00342
-4.98888
-4.97852
-4.97263
-4.9654
-4.95371
-4.93763
-4.918
-4.89689
-4.87596
-4.85863
-4.84527
-4.83533
-4.83338
-4.84913
-4.89163
-4.95826
-5.0281
-5.08598
-5.12902
-5.1555
-5.16589
-5.16314
-5.14794
-5.12249
-5.08964
-5.05388
-5.01899
-4.98802
-4.96426
-4.95035
-4.94687
-4.95494
-4.97166
-4.99329
-5.01701
-5.03879
-5.05834
-5.07414
-5.08245
-5.08516
-5.08198
-5.07078
-5.05369
-5.03129
-5.00586
-4.98233
-4.96192
-4.94874
-4.94062
-4.93933
-4.94364
-4.94768
-4.95291
-4.95777
-4.9652
-4.9749
-4.98409
-4.99156
-4.9958
-4.99637
-4.99662
-4.99787
-5.00224
-5.01498
-5.03474
-5.05841
-5.08543
-5.10983
-5.13014
-5.14233
-5.14456
-5.1369
-5.12005
-5.09715
-5.06932
-5.04248
-5.01919
-5.00016
-4.9888
-4.98288
-4.98116
-4.98086
-4.98435
-4.9891
-4.99618
-5.00574
-5.01528
-5.02216
-5.02742
-5.03032
-5.03159
-5.03091
-5.03013
-5.02971
-5.03274
-5.03996
-5.04885
-5.05906
-5.06733
-5.07432
-5.07788
-5.08014
-5.08238
-5.08732
-5.09595
-5.10952
-5.12825
-5.14874
-5.17069
-5.18429
-5.19304
-5.19382
-5.18716
-5.1763
-5.16179
-5.14363
-5.12254
-5.10046
-5.08023
-5.06158
-5.04582
-5.03446
-5.02653
-5.02198
-5.02201
-5.0251
-5.03122
-5.038
-5.04477
-5.05073
-5.05541
-5.0579
-5.05868
-5.05926
-5.05986
-5.06116
-5.06304
-5.06338
-5.06279
-5.06233
-5.0621
-5.06123
-5.06142
-5.061
-5.06028
-5.05878
-5.05627
-5.05412
-5.05078
-5.04777
-5.03998
-5.03025
-5.01985
-5.01197
-5.00956
-5.01493
-5.02985
-5.0497
-5.07246
-5.09454
-5.11232
-5.12574
-5.13306
-5.13427
-5.13088
-5.12354
-5.11632
-5.11188
-5.11022
-5.11329
-5.12017
-5.12776
-5.13404
-5.13726
-5.13202
-5.11854
-5.09834
-5.07096
-5.03911
-5.00854
-4.9806
-4.95699
-4.94279
-4.93635
-4.93702
-4.94093
-4.94287
-4.94167
-4.9356
-4.92606
-4.91424
-4.90391
-4.9018
-4.90989
-4.93003
-4.9603
-4.99608
-5.03189
-5.0641
-5.08747
-5.10167
-5.10544
-5.10061
-5.08793
-5.06964
-5.04677
-5.02092
-4.9946
-4.96619
-4.9376
-4.91017
-4.8855
-4.86435
-4.85022
-4.84269
-4.84178
-4.84856
-4.85899
-4.87344
-4.88936
-4.90501
-4.92204
-4.93784
-4.95097
-4.96132
-4.96709
-4.96969
-4.96924
-4.96849
-4.97004
-4.97218
-4.97631
-4.98058
-4.98554
-4.9905
-4.99625
-5.00092
-5.00553
-5.00935
-5.01065
-5.00938
-5.00712
-5.00415
-5.00282
-5.00128
-5.00149
-5.00181
-5.0055
-5.0134
-5.02281
-5.03154
-5.03753
-5.03906
-5.03648
-5.03362
-5.03171
-5.03187
-5.03388
-5.03331
-5.02966
-5.02251
-5.01009
-4.99193
-4.97065
-4.94895
-4.92655
-4.90646
-4.89222
-4.88474
-4.88584
-4.89311
-4.90363
-4.91498
-4.92503
-4.93163
-4.93674
-4.94107
-4.94548
-4.94942
-4.95392
-4.95953
-4.96473
-4.96997
-4.97596
-4.98032
-4.98411
-4.98904
-4.99494
-5.0025
-5.00739
-5.00744
-5.00297
-4.9933
-4.98114
-4.96603
-4.95167
-4.93907
-4.93311
-4.93568
-4.94778
-4.96938
-4.99882
-5.03283
-5.06833
-5.10402
-5.13479
-5.15942
-5.17599
-5.18271
-5.18111
-5.16919
-5.14897
-5.12067
-5.08629
-5.04768
-5.00838
-4.9728
-4.94237
-4.92145
-4.91091
-4.91331
-4.92556
-4.94563
-4.96897
-4.99183
-5.01079
-5.02281
-5.02885
-5.03041
-5.02982
-5.02912
-5.03198
-5.03651
-5.04298
-5.05198
-5.06227
-5.06931
-5.07554
-5.07796
-5.07499
-5.06868
-5.0612
-5.05215
-5.04365
-5.03452
-5.02819
-5.02166
-5.01627
-5.01298
-5.01375
-5.01783
-5.02577
-5.03628
-5.04533
-5.0501
-5.05132
-5.04817
-5.04115
-5.03059
-5.01847
-5.00407
-4.98993
-4.97618
-4.96684
-4.95931
-4.95569
-4.9531
-4.9528
-4.95163
-4.94913
-4.94496
-4.93632
-4.92403
-4.90736
-4.88693
-4.86506
-4.84701
-4.83181
-4.82261
-4.82269
-4.83061
-4.84482
-4.86303
-4.88455
-4.90679
-4.92857
-4.94943
-4.96676
-4.98153
-4.99311
-4.99986
-5.00055
-4.9971
-4.99217
-4.98459
-4.97631
-4.96933
-4.9655
-4.96398
-4.96755
-4.97496
-4.98362
-4.99521
-5.0055
-5.01818
-5.03612
-5.05842
-5.0839
-5.10957
-5.1329
-5.15338
-5.16654
-5.17289
-5.17117
-5.16202
-5.14766
-5.12955
-5.11217
-5.09719
-5.0858
-5.07667
-5.0675
-5.05864
-5.0499
-5.04282
-5.03587
-5.03179
-5.02589
-5.01728
-5.00492
-4.98951
-4.97435
-4.9584
-4.94322
-4.9296
-4.9194
-4.91327
-4.91035
-4.9128
-4.92069
-4.93121
-4.94436
-4.95737
-4.96978
-4.98113
-4.99213
-5.00017
-5.00529
-5.00644
-5.0029
-4.99752
-4.99029
-4.98285
-4.97666
-4.97374
-4.97833
-4.99132
-5.01315
-5.0417
-5.07277
-5.10287
-5.1275
-5.14477
-5.15281
-5.15166
-5.14097
-5.12302
-5.09887
-5.07273
-5.04662
-5.02338
-5.00595
-4.99613
-4.99473
-5.00074
-5.01443
-5.03363
-5.05404
-5.07626
-5.09527
-5.10893
-5.11445
-5.11498
-5.1089
-5.1009
-5.08936
-5.07811
-5.06646
-5.05478
-5.04116
-5.03056
-5.02098
-5.01652
-5.01498
-5.01687
-5.01915
-5.01974
-5.01913
-5.01758
-5.01749
-5.02145
-5.02999
-5.03718
-5.04199
-5.04125
-5.03681
-5.02878
-5.02181
-5.02073
-5.02619
-5.03717
-5.05142
-5.06321
-5.07181
-5.07476
-5.07153
-5.06148
-5.04502
-5.02628
-5.0084
-4.9955
-4.99092
-4.99715
-5.01241
-5.03401
-5.05703
-5.07763
-5.09222
-5.09874
-5.09742
-5.09124
-5.08257
-5.07179
-5.06238
-5.05471
-5.04777
-5.04184
-5.03634
-5.0293
-5.01985
-5.00753
-4.993
-4.97639
-4.95665
-4.93696
-4.91909
-4.90311
-4.89275
-4.88786
-4.88663
-4.88627
-4.88499
-4.88087
-4.87044
-4.85787
-4.84513
-4.83489
-4.83171
-4.83765
-4.84969
-4.86937
-4.89151
-4.9152
-4.93828
-4.95828
-4.97509
-4.98971
-5.00092
-5.01094
-5.01394
-5.01467
-5.01212
-5.008
-5.00435
-5.00091
-4.99833
-4.99604
-4.99271
-4.99014
-4.98827
-4.98902
-4.99286
-4.99727
-5.00311
-5.00856
-5.01088
-5.01165
-5.01001
-5.00631
-5.00152
-4.99979
-5.00018
-5.00604
-5.01659
-5.02593
-5.03316
-5.0357
-5.0325
-5.027
-5.02093
-5.01676
-5.01598
-5.01776
-5.02368
-5.02957
-5.03339
-5.03203
-5.02682
-5.01503
-4.99634
-4.97267
-4.9472
-4.92562
-4.91245
-4.91055
-4.92047
-4.94025
-4.96342
-4.9874
-5.00915
-5.0278
-5.04047
-5.04479
-5.04297
-5.03598
-5.0278
-5.01958
-5.01127
-5.00156
-4.9909
-4.9764
-4.95982
-4.94236
-4.92596
-4.91584
-4.91749
-4.93478
-4.97026
-5.01651
-5.0646
-5.1073
-5.13872
-5.15879
-5.16667
-5.16674
-5.15914
-5.14546
-5.12774
-5.10663
-5.082
-5.05632
-5.03359
-5.01543
-5.00295
-4.99595
-4.99342
-4.99181
-4.99386
-4.99601
-5.00082
-5.00457
-5.00709
-5.0088
-5.00942
-5.01006
-5.01365
-5.01799
-5.02139
-5.02291
-5.01793
-5.00957
-4.99717
-4.98299
-4.9699
-4.96052
-4.95868
-4.96488
-4.97756
-4.99609
-5.01936
-5.04205
-5.0617
-5.07506
-5.08206
-5.08304
-5.07999
-5.07575
-5.07049
-5.06565
-5.06081
-5.05713
-5.05105
-5.04409
-5.03337
-5.02045
-5.00473
-4.98549
-4.96651
-4.94888
-4.93615
-4.9322
-4.93707
-4.94675
-4.95593
-4.96107
-4.96191
-4.96126
-4.96103
-4.96383
-4.96376
-4.96134
-4.95527
-4.95042
-4.94819
-4.95121
-4.95517
-4.95842
-4.9597
-4.96082
-4.96365
-4.97018
-4.98202
-4.99824
-5.01728
-5.03886
-5.05987
-5.077
-5.08896
-5.09091
-5.08252
-5.06272
-5.03575
-5.0041
-4.97471
-4.95319
-4.94263
-4.94593
-4.9618
-4.98338
-5.00641
-5.02578
-5.03891
-5.04361
-5.04111
-5.03416
-5.02592
-5.0186
-5.01639
-5.01589
-5.0206
-5.02698
-5.03809
-5.05323
-5.06806
-5.08327
-5.09817
-5.10786
-5.10787
-5.09935
-5.08165
-5.05821
-5.03391
-5.01495
-5.00106
-4.99574
-4.99837
-5.00512
-5.01325
-5.01955
-5.02194
-5.02288
-5.02089
-5.0168
-5.01187
-5.0117
-5.01811
-5.03602
-5.06722
-5.10367
-5.13638
-5.1552
-5.15546
-5.13592
-5.0977
-5.04581
-4.9913
-4.94157
-4.90651
-4.89006
-4.89092
-4.90383
-4.92628
-4.95196
-4.97783
-5.00201
-5.02305
-5.03987
-5.05345
-5.06393
-5.07446
-5.08249
-5.08875
-5.09324
-5.09868
-5.1068
-5.12101
-5.1369
-5.14784
-5.15038
-5.14312
-5.12624
-5.10358
-5.07553
-5.04695
-5.01771
-4.99254
-4.97348
-4.96301
-4.9606
-4.96427
-4.97044
-4.97524
-4.97912
-4.98165
-4.98251
-4.98304
-4.98242
-4.98255
-4.98124
-4.97811
-4.97525
-4.97774
-4.98963
-5.01255
-5.04467
-5.07993
-5.11143
-5.1344
-5.14815
-5.15273
-5.14794
-5.13767
-5.11972
-5.09372
-5.06589
-5.04192
-5.02112
-5.00972
-5.00833
-5.01587
-5.02856
-5.04296
-5.05338
-5.05694
-5.05323
-5.04523
-5.03647
-5.03098
-5.03131
-5.03795
-5.04736
-5.05659
-5.05889
-5.05821
-5.0525
-5.04404
-5.03577
-5.03257
-5.03043
-5.0299
-5.02793
-5.0226
-5.01625
-5.01015
-5.00653
-5.00539
-5.00851
-5.01277
-5.01846
-5.02222
-5.02477
-5.02654
-5.02767
-5.03099
-5.03421
-5.03732
-5.04336
-5.04977
-5.05632
-5.06119
-5.06316
-5.06268
-5.06016
-5.0599
-5.06192
-5.06784
-5.07749
-5.08914
-5.0974
-5.1016
-5.10077
-5.09339
-5.08109
-5.06623
-5.04973
-5.03544
-5.02231
-5.01339
-5.00562
-4.99875
-4.99315
-4.98512
-4.97529
-4.96574
-4.95476
-4.94254
-4.93158
-4.92116
-4.91473
-4.91524
-4.92596
-4.94545
-4.97244
-5.00317
-5.03343
-5.06277
-5.08631
-5.10492
-5.11663
-5.12626
-5.13551
-5.14503
-5.15477
-5.16148
-5.15769
-5.14233
-5.11629
-5.0806
-5.04149
-5.00672
-4.97964
-4.9621
-4.95301
-4.95173
-4.95868
-4.97379
-4.99473
-5.01965
-5.0438
-5.06267
-5.07475
-5.08121
-5.08291
-5.08034
-5.07655
-5.07138
-5.06532
-5.05961
-5.05586
-5.05369
-5.0536
-5.05252
-5.05118
-5.04782
-5.04413
-5.04557
-5.05223
-5.06166
-5.06898
-5.07408
-5.0744
-5.07336
-5.07367
-5.0731
-5.07159
-5.06764
-5.06373
-5.06049
-5.05773
-5.05458
-5.04764
-5.03526
-5.02023
-5.00637
-4.99443
-4.98748
-4.98528
-4.98625
-4.98976
-4.9926
-4.99606
-5.00341
-5.01201
-5.02227
-5.03137
-5.03865
-5.04442
-5.05041
-5.0559
-5.06186
-5.07027
-5.07815
-5.08579
-5.0881
-5.08485
-5.07438
-5.05819
-5.03718
-5.012
-4.98331
-4.95758
-4.94055
-4.93227
-4.93401
-4.94056
-4.9465
-4.95434
-4.96406
-4.97472
-4.98571
-4.99706
-5.00241
-5.00191
-4.99221
-4.97528
-4.9537
-4.93217
-4.91326
-4.8989
-4.88904
-4.88399
-4.8837
-4.88694
-4.89607
-4.90753
-4.91991
-4.93139
-4.93721
-4.93778
-4.92987
-4.91849
-4.90805
-4.90232
-4.90741
-4.92516
-4.95261
-4.98899
-5.02771
-5.06577
-5.09953
-5.12727
-5.14441
-5.1525
-5.14844
-5.13557
-5.11976
-5.10526
-5.09691
-5.09557
-5.09873
-5.10136
-5.10051
-5.09261
-5.07657
-5.05353
-5.02677
-5.00242
-4.98287
-4.97093
-4.96568
-4.96553
-4.96701
-4.96869
-4.96822
-4.96467
-4.95815
-4.95049
-4.9415
-4.93659
-4.93759
-4.94484
-4.95864
-4.97466
-4.98962
-4.99681
-4.99534
-4.98561
-4.96875
-4.95112
-4.93851
-4.93436
-4.93538
-4.93703
-4.93746
-4.93691
-4.93961
-4.94424
-4.95165
-4.96036
-4.96971
-4.98248
-5.00063
-5.02105
-5.04074
-5.05634
-5.06586
-5.0668
-5.06292
-5.05306
-5.03777
-5.01821
-4.99836
-4.97686
-4.95698
-4.93995
-4.92721
-4.9189
-4.91329
-4.91329
-4.92058
-4.9344
-4.95277
-4.97443
-4.9961
-5.01623
-5.03203
-5.04306
-5.0501
-5.05349
-5.0527
-5.04963
-5.0448
-5.03678
-5.02655
-5.01395
-5.00119
-4.99075
-4.98406
-4.98132
-4.98471
-4.99192
-5.00124
-5.01246
-5.02674
-5.04582
-5.06694
-5.09061
-5.10962
-5.12126
-5.1235
-5.11654
-5.10112
-5.07672
-5.047
-5.01189
-4.97275
-4.93242
-4.89496
-4.86298
-4.8393
-4.83038
-4.83495
-4.85363
-4.88169
-4.916
-4.95128
-4.98505
-5.01584
-5.04222
-5.06406
-5.08254
-5.09472
-5.10191
-5.10567
-5.10326
-5.09561
-5.08128
-5.05878
-5.02976
-4.99274
-4.95314
-4.91498
-4.88479
-4.87032
-4.87091
-4.89031
-4.92152
-4.96115
-5.00323
-5.04159
-5.0729
-5.09644
-5.10945
-5.11315
-5.10972
-5.10109
-5.09009
-5.0785
-5.06732
-5.05859
-5.05041
-5.04378
-5.03858
-5.03715
-5.03914
-5.04338
-5.05092
-5.05823
-5.06305
-5.0653
-5.06248
-5.05802
-5.05158
-5.04535
-5.04789
-5.05556
-5.06724
-5.07903
-5.08462
-5.08166
-5.06881
-5.04494
-5.01402
-4.98059
-4.95014
-4.92994
-4.92399
-4.93123
-4.94807
-4.96987
-4.98901
-5.00376
-5.01173
-5.01298
-5.00568
-4.99272
-4.97526
-4.96132
-4.95035
-4.94505
-4.94482
-4.94946
-4.95555
-4.96173
-4.96704
-4.97109
-4.97403
-4.97744
-4.98433
-4.99568
-5.01149
-5.03069
-5.05179
-5.07207
-5.08781
-5.09986
-5.10639
-5.1061
-5.09944
-5.08709
-5.07161
-5.05504
-5.03884
-5.0245
-5.01282
-5.00612
-5.00549
-5.00919
-5.01739
-5.03016
-5.04465
-5.0598
-5.07255
-5.08125
-5.08653
-5.08985
-5.09213
-5.09443
-5.09717
-5.09707
-5.09381
-5.08892
-5.08
-5.06872
-5.05473
-5.03553
-5.01685
-4.99592
-4.97666
-4.96194
-4.9535
-4.94846
-4.94957
-4.95354
-4.96039
-4.96874
-4.97827
-4.98995
-4.99958
-5.00798
-5.01342
-5.01821
-5.01855
-5.01757
-5.01653
-5.01638
-5.01975
-5.02725
-5.03964
-5.05662
-5.07719
-5.09885
-5.11818
-5.13193
-5.13787
-5.13444
-5.12316
-5.1059
-5.08476
-5.06319
-5.04231
-5.02252
-5.00432
-4.98877
-4.97576
-4.96802
-4.965
-4.96695
-4.97308
-4.98271
-4.99318
-5.00509
-5.02067
-5.04115
-5.06896
-5.10155
-5.14067
-5.17883
-5.21446
-5.24141
-5.25564
-5.25769
-5.24825
-5.23166
-5.20971
-5.18607
-5.16191
-5.1353
-5.10848
-5.07906
-5.04456
-5.00851
-4.97287
-4.94128
-4.9195
-4.90838
-4.91143
-4.92742
-4.95239
-4.98062
-5.00806
-5.03109
-5.04771
-5.0574
-5.06059
-5.05562
-5.0455
-5.03459
-5.02739
-5.02217
-5.02221
-5.02578
-5.03133
-5.03999
-5.04728
-5.05517
-5.0599
-5.06185
-5.05984
-5.05497
-5.04785
-5.04003
-5.02941
-5.01717
-5.00324
-4.98787
-4.97341
-4.95905
-4.9471
-4.93595
-4.92935
-4.926
-4.92512
-4.92855
-4.93687
-4.95113
-4.96873
-4.99121
-5.013
-5.02866
-5.03963
-5.04389
-5.04091
-5.0337
-5.02362
-5.01295
-5.00497
-5.00196
-5.00349
-5.0073
-5.01192
-5.01629
-5.01575
-5.01031
-5.0015
-4.99267
-4.98368
-4.97548
-4.9696
-4.96366
-4.95788
-4.94997
-4.94429
-4.94504
-4.95358
-4.97101
-4.9931
-5.01623
-5.03542
-5.0489
-5.05525
-5.06084
-5.0616
-5.05985
-5.05333
-5.03985
-5.02183
-4.99944
-4.97701
-4.95512
-4.93397
-4.91717
-4.90351
-4.8973
-4.89966
-4.91039
-4.92758
-4.94536
-4.96317
-4.97519
-4.9834
-4.98874
-4.99363
-4.99903
-5.00648
-5.01728
-5.02699
-5.03543
-5.04177
-5.0465
-5.04862
-5.04932
-5.05044
-5.05176
-5.05426
-5.06217
-5.07537
-5.09031
-5.10622
-5.11772
-5.12128
-5.11542
-5.09977
-5.07855
-5.0545
-5.03534
-5.02715
-5.03302
-5.05086
-5.07647
-5.10178
-5.122
-5.13597
-5.14107
-5.13922
-5.13297
-5.1237
-5.11596
-5.10828
-5.1028
-5.09788
-5.09272
-5.08724
-5.07826
-5.06579
-5.05213
-5.03776
-5.022
-5.00565
-4.98517
-4.96148
-4.93607
-4.91292
-4.89646
-4.89052
-4.89618
-4.9084
-4.92449
-4.94357
-4.96541
-4.98934
-5.01501
-5.03946
-5.06003
-5.07638
-5.0865
-5.0911
-5.09129
-5.08903
-5.0828
-5.07406
-5.06278
-5.04967
-5.03356
-5.01557
-4.9989
-4.98456
-4.97365
-4.96877
-4.96617
-4.9671
-4.96939
-4.9715
-4.97287
-4.97238
-4.97341
-4.97553
-4.98147
-4.98933
-5.00167
-5.0169
-5.03229
-5.04701
-5.05698
-5.06383
-5.06854
-5.07053
-5.07141
-5.07281
-5.07576
-5.07912
-5.081
-5.08198
-5.0803
-5.0751
-5.06717
-5.05759
-5.047
-5.03673
-5.0253
-5.01274
-4.99927
-4.98441
-4.97028
-4.95931
-4.95528
-4.95626
-4.96503
-4.97831
-4.99504
-5.01191
-5.0267
-5.03485
-5.03488
-5.02745
-5.01527
-5.00363
-4.99159
-4.98134
-4.97235
-4.96729
-4.9671
-4.97595
-4.99308
-5.01449
-5.03447
-5.04951
-5.05317
-5.04713
-5.03202
-5.0087
-4.97843
-4.95158
-4.92789
-4.9142
-4.91234
-4.92132
-4.93794
-4.95586
-4.97064
-4.97707
-4.97484
-4.96152
-4.93964
-4.9101
-4.87539
-4.83881
-4.8034
-4.77185
-4.74747
-4.73314
-4.73177
-4.74308
-4.76657
-4.80141
-4.84155
-4.88383
-4.92438
-4.95864
-4.98762
-5.01068
-5.02946
-5.0467
-5.06264
-5.07762
-5.09002
-5.09949
-5.10684
-5.11014
-5.11098
-5.11092
-5.11208
-5.1151
-5.11929
-5.12236
-5.11905
-5.10849
-5.0933
-5.0734
-5.05377
-5.03637
-5.02519
-5.01781
-5.01253
-5.00604
-4.9982
-4.98648
-4.97015
-4.95184
-4.932
-4.91639
-4.90675
-4.90435
-4.91113
-4.9246
-4.94299
-4.96408
-4.98538
-5.00538
-5.0265
-5.04632
-5.06294
-5.07465
-5.08184
-5.0852
-5.08562
-5.0855
-5.08374
-5.07996
-5.07455
-5.06836
-5.0576
-5.04576
-5.03336
-5.01971
-5.00789
-4.99866
-4.99495
-4.99463
-4.9978
-5.00338
-5.00631
-5.00595
-5.00073
-4.99021
-4.97582
-4.95876
-4.94372
-4.93394
-4.93199
-4.93982
-4.95372
-4.96991
-4.98526
-4.99834
-5.01109
-5.02243
-5.0305
-5.03558
-5.03537
-5.03262
-5.02679
-5.0191
-5.01238
-5.00675
-5.0021
-4.99971
-4.99696
-4.99481
-4.99373
-4.99323
-4.9951
-4.99914
-5.00418
-5.01128
-5.02082
-5.0337
-5.0507
-5.06808
-5.08409
-5.09618
-5.10095
-5.10005
-5.093
-5.08514
-5.07291
-5.05933
-5.04536
-5.03042
-5.01592
-5.00466
-4.99599
-4.99265
-4.99253
-4.9983
-5.00946
-5.02381
-5.03999
-5.05747
-5.07566
-5.09182
-5.10687
-5.11898
-5.12606
-5.12889
-5.12622
-5.11838
-5.10564
-5.08897
-5.0691
-5.0468
-5.02655
-5.0074
-4.99065
-4.97815
-4.97054
-4.96765
-4.96912
-4.97043
-4.97115
-4.96962
-4.96676
-4.96407
-4.9646
-4.96773
-4.97502
-4.98576
-4.99938
-5.01678
-5.03841
-5.06298
-5.08574
-5.10755
-5.12431
-5.13286
-5.13365
-5.12519
-5.10968
-5.09198
-5.07192
-5.05399
-5.03721
-5.02189
-5.00866
-4.9944
-4.98473
-4.97858
-4.97866
-4.98366
-4.9936
-5.00527
-5.01561
-5.02375
-5.02584
-5.01989
-5.00367
-4.97838
-4.94493
-4.90842
-4.87266
-4.84315
-4.82444
-4.81699
-4.82043
-4.83284
-4.8512
-4.87265
-4.89717
-4.92426
-4.95272
-4.98008
-5.00722
-5.02999
-5.04432
-5.04914
-5.04122
-5.02256
-4.99707
-4.96837
-4.94605
-4.93362
-4.93289
-4.94458
-4.96688
-4.99684
-5.03349
-5.07206
-5.11031
-5.14225
-5.16616
-5.17904
-5.18089
-5.17458
-5.16052
-5.14237
-5.12361
-5.10539
-5.0903
-5.07989
-5.07473
-5.07496
-5.07842
-5.08517
-5.09104
-5.09537
-5.09691
-5.09234
-5.08336
-5.06889
-5.04981
-5.02963
-5.00945
-4.99349
-4.97974
-4.96972
-4.96111
-4.95222
-4.94205
-4.93108
-4.9199
-4.90878
-4.90235
-4.90169
-4.90939
-4.92434
-4.94748
-4.97616
-5.00714
-5.03382
-5.05455
-5.06579
-5.06578
-5.05973
-5.0471
-5.03522
-5.02446
-5.01916
-5.02127
-5.0274
-5.03725
-5.0444
-5.05111
-5.05434
-5.05465
-5.04972
-5.03935
-5.02376
-5.00299
-4.97871
-4.95451
-4.93691
-4.92811
-4.92806
-4.93713
-4.95084
-4.96598
-4.98129
-4.99658
-5.01267
-5.02955
-5.04355
-5.05363
-5.0603
-5.06387
-5.06232
-5.0548
-5.04153
-5.02332
-5.00038
-4.97382
-4.94773
-4.92685
-4.9111
-4.90529
-4.90758
-4.91755
-4.93133
-4.94429
-4.95669
-4.9682
-4.97859
-4.98886
-5.00266
-5.01859
-5.03582
-5.05156
-5.06574
-5.07516
-5.08116
-5.08451
-5.08371
-5.08187
-5.07826
-5.07467
-5.07073
-5.06469
-5.05548
-5.04501
-5.03167
-5.01548
-5.00123
-4.98918
-4.98269
-4.98096
-4.98742
-5.00003
-5.01478
-5.032
-5.0496
-5.06517
-5.07765
-5.08435
-5.08311
-5.07617
-5.06617
-5.05749
-5.0499
-5.04276
-5.03335
-5.01962
-5.00199
-4.98303
-4.96583
-4.95156
-4.94075
-4.93448
-4.93398
-4.93911
-4.95325
-4.97266
-4.9941
-5.01582
-5.0333
-5.04327
-5.04661
-5.04318
-5.03477
-5.02335
-5.00991
-4.99465
-4.97792
-4.96113
-4.94973
-4.94711
-4.95839
-4.98386
-5.01537
-5.04748
-5.07226
-5.08787
-5.09342
-5.09034
-5.07739
-5.05579
-5.02828
-4.99983
-4.97358
-4.95326
-4.9397
-4.93555
-4.93757
-4.94219
-4.94789
-4.9538
-4.95684
-4.95781
-4.95772
-4.95573
-4.95317
-4.95187
-4.95105
-4.95502
-4.96638
-4.98552
-5.00773
-5.03135
-5.04765
-5.05353
-5.04886
-5.03879
-5.02846
-5.02718
-5.03714
-5.05416
-5.07295
-5.08803
-5.09931
-5.1071
-5.11295
-5.11901
-5.12372
-5.13038
-5.13681
-5.14031
-5.14005
-5.1353
-5.12442
-5.10379
-5.07822
-5.04801
-5.01184
-4.97713
-4.94577
-4.92097
-4.90389
-4.89469
-4.8947
-4.90402
-4.9204
-4.93933
-4.96042
-4.9815
-5.00123
-5.02291
-5.04479
-5.06387
-5.07862
-5.08549
-5.08468
-5.07628
-5.06459
-5.05594
-5.05259
-5.05676
-5.06884
-5.08434
-5.10196
-5.11942
-5.13559
-5.1506
-5.16442
-5.17724
-5.18421
-5.18519
-5.17969
-5.17009
-5.15875
-5.14717
-5.13716
-5.12726
-5.11834
-5.10997
-5.09982
-5.0881
-5.07406
-5.05775
-5.04029
-5.02537
-5.01526
-5.01326
-5.01402
-5.01895
-5.02368
-5.02612
-5.02653
-5.02472
-5.02584
-5.02854
-5.03354
-5.04048
-5.04867
-5.05318
-5.05596
-5.05479
-5.04828
-5.03717
-5.02522
-5.01086
-4.99667
-4.98411
-4.96698
-4.94672
-4.92239
-4.89716
-4.87638
-4.86255
-4.85459
-4.85279
-4.85567
-4.85993
-4.8631
-4.8654
-4.86593
-4.86854
-4.87776
-4.89486
-4.91802
-4.94463
-4.9693
-4.98749
-4.99891
-5.00382
-5.00379
-5.00177
-4.99972
-4.99541
-4.98931
-4.98017
-4.96833
-4.95666
-4.95081
-4.95484
-4.96895
-4.99267
-5.01851
-5.04242
-5.06099
-5.07229
-5.07357
-5.06675
-5.05212
-5.03185
-5.00555
-4.97648
-4.94968
-4.92752
-4.91235
-4.90617
-4.90913
-4.92108
-4.93826
-4.96053
-4.98329
-5.00502
-5.02491
-5.04025
-5.05405
-5.06591
-5.0775
-5.08717
-5.10024
-5.11813
-5.14059
-5.16379
-5.18096
-5.18491
-5.17374
-5.1489
-5.11825
-5.08788
-5.06295
-5.04856
-5.04241
-5.04247
-5.04583
-5.05085
-5.05661
-5.06003
-5.06728
-5.07351
-5.07857
-5.08284
-5.08614
-5.08696
-5.08839
-5.0899
-5.09303
-5.09705
-5.10021
-5.10364
-5.10572
-5.10715
-5.10919
-5.10913
-5.10678
-5.10057
-5.09169
-5.07971
-5.06634
-5.05014
-5.03284
-5.01552
-4.99892
-4.98635
-4.97902
-4.97655
-4.97972
-4.98845
-5.00138
-5.01637
-5.03276
-5.04868
-5.05952
-5.06355
-5.06036
-5.05325
-5.04516
-5.03694
-5.03194
-5.02964
-5.02712
-5.02703
-5.0296
-5.03094
-5.03221
-5.03268
-5.03129
-5.02757
-5.02057
-5.01146
-4.99988
-4.98468
-4.96684
-4.94902
-4.92978
-4.91077
-4.89071
-4.87058
-4.8505
-4.8339
-4.8258
-4.82996
-4.84534
-4.86905
-4.89745
-4.92338
-4.94604
-4.96059
-4.96898
-4.9693
-4.96224
-4.94983
-4.93411
-4.91528
-4.89634
-4.87732
-4.86073
-4.84676
-4.83522
-4.82699
-4.82048
-4.81743
-4.81458
-4.81098
-4.80855
-4.80858
-4.81317
-4.82211
-4.83298
-4.84365
-4.85479
-4.86664
-4.88093
-4.8988
-4.92235
-4.94908
-4.97643
-5.00245
-5.02346
-5.03944
-5.0453
-5.04336
-5.0352
-5.02344
-5.01215
-5.00823
-5.01113
-5.0216
-5.03712
-5.0544
-5.06922
-5.07734
-5.07549
-5.06051
-5.03165
-4.98786
-4.93825
-4.88883
-4.8522
-4.83629
-4.83769
-4.84894
-4.86212
-4.8721
-4.87546
-4.87088
-4.86448
-4.85987
-4.86343
-4.87298
-4.88446
-4.89606
-4.90109
-4.90186
-4.89564
-4.88635
-4.87649
-4.87058
-4.87139
-4.88071
-4.89837
-4.92444
-4.95656
-4.99148
-5.02507
-5.05625
-5.07817
-5.08869
-5.08882
-5.07964
-5.06437
-5.04753
-5.03054
-5.01863
-5.00912
-5.00516
-5.006
-5.01053
-5.01808
-5.02467
-5.02872
-5.03173
-5.03026
-5.02735
-5.0256
-5.02722
-5.03285
-5.03709
-5.03869
-5.03436
-5.02257
-5.00799
-4.99575
-4.98901
-4.98815
-4.98993
-4.98758
-4.98366
-4.97776
-4.97323
-4.97392
-4.98311
-4.99889
-5.01663
-5.03099
-5.04099
-5.04253
-5.03496
-5.02237
-5.00681
-4.99242
-4.98294
-4.97815
-4.9815
-4.98905
-4.99962
-5.01277
-5.02713
-5.04396
-5.05943
-5.07352
-5.08421
-5.09105
-5.09569
-5.09833
-5.10012
-5.10125
-5.10375
-5.10693
-5.10582
-5.0995
-5.08692
-5.06919
-5.04947
-5.03502
-5.03023
-5.04003
-5.0621
-5.08999
-5.11618
-5.13487
-5.14154
-5.13345
-5.11493
-5.08808
-5.05942
-5.03
-5.0059
-4.98914
-4.98036
-4.97688
-4.97987
-4.98794
-5.00007
-5.01382
-5.02569
-5.03421
-5.03648
-5.03551
-5.03184
-5.02806
-5.02516
-5.0243
-5.02565
-5.03246
-5.04542
-5.06219
-5.08269
-5.10296
-5.12082
-5.13437
-5.14374
-5.14711
-5.14461
-5.13614
-5.12135
-5.10129
-5.07579
-5.04433
-5.00846
-4.9725
-4.9415
-4.91783
-4.90307
-4.89714
-4.89861
-4.90624
-4.91948
-4.93935
-4.95914
-4.97683
-4.989
-4.99367
-4.99098
-4.98468
-4.97806
-4.97486
-4.97679
-4.9848
-4.99368
-4.99954
-5.00057
-4.99458
-4.98427
-4.96954
-4.95251
-4.9337
-4.91486
-4.89708
-4.88462
-4.87887
-4.88026
-4.88693
-4.897
-4.91005
-4.92536
-4.94188
-4.95707
-4.97209
-4.98433
-4.99502
-5.00144
-5.00226
-4.99844
-4.99207
-4.98683
-4.98481
-4.9902
-5.0052
-5.03155
-5.0623
-5.09549
-5.12283
-5.14074
-5.14749
-5.14146
-5.12406
-5.09947
-5.06912
-5.03745
-5.00866
-4.98452
-4.96783
-4.95865
-4.95848
-4.96918
-4.98767
-5.00946
-5.03138
-5.05108
-5.0645
-5.07199
-5.07334
-5.06918
-5.05904
-5.04469
-5.02587
-5.00604
-4.98596
-4.97079
-4.96325
-4.966
-4.98102
-5.01066
-5.04938
-5.09445
-5.13954
-5.17915
-5.21014
-5.23064
-5.23939
-5.23621
-5.22158
-5.19933
-5.17099
-5.13913
-5.10845
-5.08261
-5.06552
-5.05731
-5.06121
-5.07298
-5.08952
-5.1081
-5.12702
-5.1423
-5.15112
-5.15216
-5.14177
-5.11953
-5.09011
-5.05876
-5.03061
-5.01079
-5.00201
-5.0042
-5.01598
-5.03455
-5.05799
-5.08116
-5.1016
-5.1185
-5.12893
-5.13511
-5.13427
-5.12691
