-3.36475
-3.36475
-3.36475
-3.36354
-3.36007
-3.35463
-3.35101
-3.34829
-3.34557
-3.34588
-3.34497
-3.34436
-3.34511
-3.34661
-3.34721
-3.34826
-3.34947
-3.34993
-3.35054
-3.35251
-3.35236
-3.35252
-3.35237
-3.35222
-3.35267
-3.35267
-3.35297
-3.35236
-3.35191
-3.351
-3.34995
-3.35055
-3.34995
-3.3501
-3.35071
-3.35131
-3.35071
-3.35131
-3.35115
-3.35176
-3.35115
-3.35146
-3.35161
-3.35297
-3.35236
-3.35176
-3.35101
-3.3504
-3.35101
-3.35071
-3.35026
-3.3498
-3.34996
-3.35071
-3.34965
-3.3495
-3.3498
-3.3498
-3.34934
-3.34919
-3.3495
-3.3498
-3.34995
-3.35025
-3.34859
-3.34799
-3.34784
-3.34769
-3.34708
-3.34723
-3.34632
-3.34526
-3.34527
-3.34436
-3.34466
-3.34482
-3.34466
-3.34406
-3.34481
-3.34633
-3.34572
-3.34542
-3.34602
-3.34527
-3.34587
-3.34587
-3.34647
-3.34723
-3.34662
-3.34693
-3.34738
-3.34723
-3.34708
-3.34633
-3.34572
-3.34391
-3.34482
-3.34587
-3.34587
-3.34557
-3.34512
-3.34451
-3.34527
-3.34481
-3.34511
-3.34602
-3.34587
-3.34557
-3.34542
-3.34572
-3.34618
-3.34618
-3.34693
-3.34709
-3.34618
-3.34754
-3.34799
-3.34814
-3.34769
-3.34648
-3.34663
-3.34693
-3.34723
-3.34784
-3.34844
-3.34738
-3.34602
-3.34723
-3.34783
-3.34677
-3.34602
-3.34663
-3.34678
-3.34769
-3.34769
-3.34769
-3.34875
-3.34844
-3.34889
-3.34919
-3.3498
-3.34995
-3.35041
-3.34965
-3.3498
-3.3489
-3.3495
-3.34889
-3.34829
-3.34934
-3.34935
-3.34935
-3.34935
-3.34905
-3.34951
-3.34981
-3.35011
-3.34935
-3.34874
-3.34934
-3.34829
-3.34904
-3.34829
-3.34814
-3.3489
-3.34859
-3.34754
-3.34784
-3.3495
-3.3498
-3.35011
-3.34935
-3.34875
-3.3489
-3.3486
-3.34844
-3.34723
-3.34784
-3.34829
-3.34799
-3.34875
-3.34965
-3.34753
-3.34829
-3.34783
-3.34783
-3.34799
-3.34799
-3.34785
-3.34845
-3.3492
-3.34799
-3.34784
-3.34935
-3.34905
-3.34905
-3.34875
-3.3492
-3.34905
-3.34874
-3.3495
-3.34919
-3.34874
-3.34859
-3.34905
-3.3492
-3.34814
-3.34814
-3.34845
-3.34829
-3.34905
-3.34784
-3.34724
-3.34754
-3.34769
-3.34753
-3.34708
-3.34632
-3.34783
-3.34844
-3.34995
-3.34995
-3.35146
-3.35207
-3.35162
-3.35177
-3.35207
-3.35252
-3.35313
-3.35313
-3.35312
-3.35282
-3.35222
-3.35267
-3.35131
-3.3507
-3.3501
-3.3501
-3.35055
-3.35025
-3.3501
-3.3507
-3.35085
-3.35025
-3.3495
-3.34845
-3.34875
-3.3483
-3.34754
-3.34739
-3.34708
-3.34617
-3.34602
-3.34541
-3.34647
-3.34632
-3.34647
-3.34798
-3.34723
-3.34768
-3.34723
-3.34678
-3.34618
-3.34527
-3.34481
-3.34587
-3.34572
-3.34662
-3.34798
-3.34753
-3.34753
-3.34799
-3.34814
-3.34783
-3.34904
-3.3501
-3.34935
-3.3501
-3.35086
-3.34935
-3.3492
-3.3495
-3.34905
-3.3495
-3.3498
-3.34995
-3.34995
-3.3495
-3.35071
-3.34935
-3.3489
-3.34859
-3.3492
-3.34784
-3.34799
-3.34753
-3.34723
-3.34693
-3.34587
-3.34633
-3.34557
-3.34618
-3.34588
-3.34527
-3.34542
-3.34512
-3.34618
-3.34678
-3.34694
-3.34633
-3.34633
-3.34663
-3.34542
-3.34481
-3.34527
-3.34557
-3.34602
-3.34693
-3.34753
-3.34739
-3.34663
-3.34709
-3.34724
-3.34694
-3.34694
-3.34815
-3.34754
-3.34769
-3.34723
-3.34693
-3.34693
-3.34708
-3.34738
-3.34783
-3.34889
-3.34799
-3.34799
-3.34754
-3.3489
-3.3489
-3.34966
-3.34965
-3.35011
-3.35116
-3.35071
-3.35011
-3.35071
-3.35025
-3.35041
-3.35071
-3.35162
-3.35131
-3.35131
-3.35026
-3.35041
-3.35071
-3.35071
-3.35056
-3.35086
-3.35116
-3.35116
-3.35056
-3.35026
-3.35071
-3.35071
-3.35041
-3.3498
-3.35086
-3.35086
-3.35147
-3.35147
-3.35147
-3.35177
-3.35116
-3.35252
-3.35146
-3.35146
-3.35162
-3.35071
-3.35086
-3.35086
-3.35086
-3.34996
-3.34981
-3.34951
-3.34981
-3.34905
-3.34769
-3.34784
-3.34875
-3.34844
-3.34814
-3.34859
-3.34874
-3.34739
-3.34844
-3.34844
-3.3492
-3.34965
-3.35056
-3.35086
-3.35041
-3.34965
-3.34905
-3.3489
-3.34799
-3.34784
-3.34754
-3.34663
-3.34663
-3.34708
-3.34783
-3.34844
-3.34935
-3.35071
-3.35131
-3.35192
-3.35237
-3.35177
-3.35071
-3.35087
-3.35162
-3.35071
-3.35101
-3.35116
-3.35297
-3.35237
-3.35358
-3.35434
-3.35343
-3.35283
-3.35177
-3.35192
-3.35222
-3.35161
-3.35101
-3.35041
-3.34965
-3.35011
-3.34981
-3.34905
-3.3492
-3.34845
-3.3495
-3.34875
-3.34844
-3.34799
-3.34829
-3.34799
-3.34724
-3.34618
-3.34573
-3.34588
-3.34664
-3.34649
-3.34603
-3.34573
-3.34603
-3.34527
-3.34603
-3.34618
-3.34633
-3.34588
-3.34528
-3.34422
-3.34513
-3.34543
-3.34558
-3.34467
-3.34512
-3.34573
-3.34709
-3.34649
-3.34755
-3.34785
-3.34709
-3.348
-3.34664
-3.34679
-3.34633
-3.34557
-3.34633
-3.34648
-3.34663
-3.34664
-3.34679
-3.34709
-3.34633
-3.34663
-3.34618
-3.34542
-3.34572
-3.34527
-3.34678
-3.34633
-3.34724
-3.34754
-3.34724
-3.34891
-3.34966
-3.35011
-3.34996
-3.34905
-3.3489
-3.34799
-3.3495
-3.35071
-3.35086
-3.35132
-3.35071
-3.35162
-3.35086
-3.35116
-3.35056
-3.35026
-3.35056
-3.35132
-3.35072
-3.35117
-3.34996
-3.34936
-3.3486
-3.34935
-3.34935
-3.3492
-3.3489
-3.3489
-3.34905
-3.3486
-3.34769
-3.348
-3.3477
-3.348
-3.34815
-3.3483
-3.34875
-3.3486
-3.34859
-3.34693
-3.34875
-3.34845
-3.3486
-3.34815
-3.34694
-3.34739
-3.34679
-3.34618
-3.34618
-3.34649
-3.34619
-3.34664
-3.34543
-3.34452
-3.34301
-3.34346
-3.34376
-3.34497
-3.34467
-3.34436
-3.34497
-3.34512
-3.34527
-3.34527
-3.34467
-3.34512
-3.34512
-3.34512
-3.34558
-3.34603
-3.34694
-3.348
-3.34875
-3.34845
-3.34785
-3.348
-3.34875
-3.34965
-3.3495
-3.34905
-3.3489
-3.3489
-3.34905
-3.34935
-3.34996
-3.3492
-3.3486
-3.3483
-3.34875
-3.34906
-3.34891
-3.3486
-3.34906
-3.34769
-3.34799
-3.34875
-3.3489
-3.3489
-3.34784
-3.34799
-3.348
-3.34694
-3.34709
-3.3483
-3.3483
-3.34755
-3.3474
-3.34755
-3.3474
-3.3474
-3.34815
-3.34739
-3.34905
-3.3492
-3.34875
-3.34906
-3.34815
-3.34876
-3.3471
-3.34755
-3.34936
-3.34936
-3.34921
-3.3492
-3.3498
-3.35026
-3.35071
-3.35041
-3.35072
-3.34996
-3.35087
-3.35103
-3.35012
-3.34982
-3.35042
-3.35208
-3.35192
-3.35237
-3.35252
-3.35177
-3.35208
-3.35132
-3.35133
-3.35178
-3.35117
-3.35102
-3.35117
-3.35147
-3.35208
-3.35328
-3.35313
-3.35328
-3.35374
-3.35344
-3.35314
-3.35253
-3.35223
-3.35223
-3.35253
-3.35086
-3.35071
-3.34981
-3.34966
-3.34981
-3.34921
-3.34996
-3.34921
-3.3492
-3.35071
-3.35041
-3.35011
-3.34981
-3.35103
-3.35012
-3.35087
-3.35087
-3.34996
-3.3501
-3.34995
-3.35041
-3.35041
-3.35011
-3.35011
-3.35012
-3.34951
-3.34906
-3.34906
-3.3483
-3.34799
-3.34754
-3.34723
-3.34648
-3.34663
-3.34603
-3.34649
-3.34724
-3.34664
-3.34649
-3.34724
-3.34588
-3.34542
-3.34512
-3.34618
-3.34694
-3.34769
-3.34754
-3.34694
-3.34754
-3.34648
-3.34664
-3.34618
-3.34573
-3.34558
-3.34452
-3.34377
-3.34452
-3.34512
-3.34663
-3.34663
-3.34693
-3.34799
-3.3486
-3.34965
-3.3495
-3.3495
-3.34996
-3.34966
-3.35011
-3.34996
-3.34935
-3.3483
-3.34845
-3.34829
-3.34875
-3.34874
-3.34784
-3.34754
-3.34723
-3.34844
-3.3486
-3.34799
-3.34724
-3.34678
-3.34708
-3.34739
-3.34648
-3.34663
-3.34709
-3.34694
-3.348
-3.3483
-3.3489
-3.3489
-3.34966
-3.34996
-3.3501
-3.34905
-3.34935
-3.34889
-3.34889
-3.3489
-3.34814
-3.34784
-3.34769
-3.34799
-3.34754
-3.34754
-3.34754
-3.34844
-3.34965
-3.34859
-3.34844
-3.3495
-3.34995
-3.35041
-3.35026
-3.34995
-3.3495
-3.34965
-3.34904
-3.34829
-3.34859
-3.34874
-3.34934
-3.34934
-3.34919
-3.34814
-3.34814
-3.34814
-3.34678
-3.34769
-3.34769
-3.34648
-3.34708
-3.34632
-3.34602
-3.34632
-3.34647
-3.34663
-3.34618
-3.34739
-3.34784
-3.34754
-3.34859
-3.34889
-3.34934
-3.35025
-3.35115
-3.35009
-3.34919
-3.34994
-3.3498
-3.34889
-3.35056
-3.35086
-3.35026
-3.35071
-3.35056
-3.35026
-3.35011
-3.34935
-3.34844
-3.34829
-3.34798
-3.34828
-3.34904
-3.34995
-3.34995
-3.35026
-3.34965
-3.3495
-3.34935
-3.34996
-3.3498
-3.3492
-3.34935
-3.34935
-3.34904
-3.3495
-3.34934
-3.34904
-3.34829
-3.34874
-3.34889
-3.3504
-3.35025
-3.3504
-3.35146
-3.35176
-3.35086
-3.35177
-3.35147
-3.35162
-3.35147
-3.35162
-3.35192
-3.35116
-3.35206
-3.35191
-3.35146
-3.35146
-3.35146
-3.35056
-3.34995
-3.35056
-3.35086
-3.3504
-3.3498
-3.34964
-3.34783
-3.34829
-3.34814
-3.34859
-3.3495
-3.34965
-3.34935
-3.34995
-3.34935
-3.34995
-3.34995
-3.3498
-3.35131
-3.35161
-3.35086
-3.35056
-3.35086
-3.35132
-3.35056
-3.3495
-3.3495
-3.3504
-3.3495
-3.34874
-3.34904
-3.34979
-3.3507
-3.3495
-3.35056
-3.35011
-3.34965
-3.35041
-3.35026
-3.35101
-3.35207
-3.35267
-3.35283
-3.35298
-3.35298
-3.35177
-3.35147
-3.35238
-3.35177
-3.35192
-3.35116
-3.35085
-3.351
-3.35115
-3.35116
-3.35162
-3.35071
-3.35041
-3.35011
-3.34966
-3.35011
-3.35041
-3.35056
-3.35025
-3.3498
-3.34965
-3.34889
-3.34799
-3.34889
-3.34799
-3.34874
-3.34844
-3.34799
-3.34829
-3.34798
-3.34663
-3.34617
-3.34617
-3.34662
-3.34632
-3.34678
-3.34693
-3.34738
-3.34784
-3.34784
-3.34799
-3.34874
-3.34919
-3.3501
-3.34919
-3.34889
-3.34919
-3.35025
-3.34965
-3.34889
-3.34844
-3.3495
-3.3495
-3.34965
-3.35041
-3.35041
-3.35056
-3.35041
-3.35025
-3.34995
-3.35025
-3.3492
-3.34859
-3.34889
-3.3492
-3.34859
-3.34875
-3.34815
-3.34815
-3.34784
-3.34694
-3.34738
-3.34814
-3.34753
-3.34813
-3.34814
-3.34799
-3.34754
-3.34694
-3.34633
-3.34679
-3.34679
-3.34633
-3.34542
-3.34497
-3.34482
-3.34467
-3.34572
-3.34391
-3.34436
-3.34497
-3.34527
-3.34542
-3.34452
-3.34452
-3.34482
-3.34603
-3.34618
-3.34573
-3.34588
-3.34542
-3.34603
-3.34618
-3.34648
-3.34664
-3.34709
-3.34664
-3.34573
-3.34574
-3.34528
-3.34513
-3.34589
-3.34513
-3.34693
-3.34693
-3.34723
-3.3489
-3.34815
-3.34815
-3.34906
-3.3489
-3.3489
-3.3495
-3.3495
-3.34965
-3.34935
-3.34981
-3.34981
-3.34966
-3.34936
-3.34875
-3.3486
-3.34905
-3.3489
-3.3495
-3.35011
-3.34996
-3.34921
-3.34951
-3.34875
-3.3489
-3.34875
-3.35026
-3.35011
-3.34936
-3.34967
-3.35012
-3.34997
-3.34967
-3.34846
-3.348
-3.34709
-3.34633
-3.34527
-3.34603
-3.34603
-3.34678
-3.34724
-3.34875
-3.34875
-3.34845
-3.3477
-3.34785
-3.3477
-3.34815
-3.3477
-3.34815
-3.34845
-3.3483
-3.34785
-3.34845
-3.3486
-3.34951
-3.34921
-3.34845
-3.3483
-3.34784
-3.34814
-3.3483
-3.3486
-3.34905
-3.34951
-3.34981
-3.35012
-3.35042
-3.34982
-3.34967
-3.35057
-3.35102
-3.35132
-3.35163
-3.35102
-3.35148
-3.35042
-3.35102
-3.35057
-3.34982
-3.34982
-3.35072
-3.35072
-3.35027
-3.35042
-3.35087
-3.35057
-3.35072
-3.34951
-3.35011
-3.35041
-3.35026
-3.34905
-3.34981
-3.34951
-3.34936
-3.34891
-3.34846
-3.34785
-3.34831
-3.34846
-3.34815
-3.34785
-3.348
-3.3477
-3.34634
-3.34664
-3.34603
-3.34558
-3.34588
-3.34588
-3.34664
-3.34664
-3.34755
-3.34815
-3.3477
-3.3477
-3.34891
-3.34997
-3.35012
-3.34967
-3.35027
-3.34951
-3.34951
-3.35027
-3.34921
-3.34875
-3.3486
-3.34785
-3.3474
-3.34755
-3.34785
-3.34876
-3.34891
-3.34936
-3.34966
-3.34936
-3.35027
-3.34936
-3.34801
-3.34831
-3.34982
-3.34937
-3.34921
-3.34875
-3.34845
-3.34875
-3.3486
-3.348
-3.3468
-3.34725
-3.3477
-3.34785
-3.3474
-3.3468
-3.34725
-3.34816
-3.34725
-3.34876
-3.34906
-3.34846
-3.34785
-3.34891
-3.34997
-3.35027
-3.35103
-3.35103
-3.35103
-3.35027
-3.35027
-3.34997
-3.34921
-3.34846
-3.34846
-3.34815
-3.34755
-3.34755
-3.34695
-3.34771
-3.34771
-3.34816
-3.34877
-3.34907
-3.34922
-3.34952
-3.34997
-3.34831
-3.34876
-3.34815
-3.34936
-3.34936
-3.34952
-3.34952
-3.35042
-3.34997
-3.34952
-3.34952
-3.34982
-3.34921
-3.34997
-3.34967
-3.34952
-3.34922
-3.34816
-3.34922
-3.34755
-3.3474
-3.34695
-3.34695
-3.34589
-3.34513
-3.34453
-3.34528
-3.34498
-3.34423
-3.34484
-3.34439
-3.34499
-3.34423
-3.34393
-3.34302
-3.34362
-3.34347
-3.34407
-3.34544
-3.34559
-3.34635
-3.34726
-3.3471
-3.3474
-3.3474
-3.34816
-3.34831
-3.34966
-3.34936
-3.34891
-3.34831
-3.34831
-3.34801
-3.3468
-3.34816
-3.34936
-3.34952
-3.34921
-3.34952
-3.34891
-3.34891
-3.34907
-3.34846
-3.34786
-3.34846
-3.34695
-3.34665
-3.34634
-3.34634
-3.34665
-3.3474
-3.3468
-3.34665
-3.3468
-3.34741
-3.34786
-3.34786
-3.34862
-3.34952
-3.34922
-3.34816
-3.34891
-3.3483
-3.34785
-3.348
-3.34755
-3.34786
-3.34756
-3.34802
-3.34787
-3.34741
-3.34575
-3.3459
-3.34665
-3.34695
-3.34755
-3.3474
-3.34785
-3.34725
-3.34725
-3.34741
-3.3468
-3.34741
-3.34771
-3.3468
-3.3471
-3.34665
-3.3465
-3.34635
-3.34665
-3.34725
-3.3468
-3.3462
-3.3465
-3.3468
-3.3465
-3.34574
-3.34483
-3.34438
-3.34453
-3.34423
-3.34499
-3.34438
-3.34484
-3.34438
-3.34438
-3.34408
-3.34483
-3.34453
-3.34438
-3.34423
-3.34498
-3.34574
-3.34574
-3.34589
-3.34559
-3.34514
-3.3465
-3.34574
-3.34498
-3.34543
-3.34528
-3.34468
-3.34423
-3.34483
-3.34544
-3.34604
-3.34529
-3.34574
-3.34574
-3.34483
-3.34604
-3.34635
-3.3471
-3.34771
-3.3468
-3.3468
-3.34665
-3.34619
-3.3465
-3.34574
-3.34649
-3.34649
-3.34589
-3.34665
-3.34619
-3.3471
-3.34741
-3.34695
-3.34725
-3.34665
-3.34695
-3.34619
-3.34634
-3.34528
-3.34468
-3.34483
-3.34498
-3.34407
-3.34256
-3.34362
-3.34302
-3.34257
-3.34302
-3.34408
-3.34484
-3.34468
-3.34438
-3.34498
-3.34483
-3.34559
-3.34574
-3.34634
-3.34619
-3.34604
-3.34649
-3.34619
-3.34709
-3.34694
-3.34649
-3.34664
-3.34649
-3.34543
-3.34558
-3.34573
-3.34483
-3.34468
-3.34498
-3.34483
-3.34543
-3.34497
-3.34437
-3.34483
-3.34468
-3.34437
-3.34483
-3.34543
-3.34528
-3.34619
-3.34619
-3.34589
-3.34634
-3.34709
-3.34845
-3.34815
-3.3486
-3.3483
-3.34799
-3.34739
-3.34785
-3.3474
-3.34725
-3.34634
-3.34604
-3.34529
-3.34559
-3.34498
-3.34558
-3.34528
-3.34407
-3.34392
-3.34347
-3.34392
-3.34452
-3.34543
-3.34497
-3.34588
-3.34588
-3.34678
-3.34739
-3.34815
-3.34815
-3.34845
-3.34936
-3.3489
-3.34875
-3.3492
-3.3492
-3.34905
-3.3489
-3.3489
-3.34874
-3.34844
-3.3492
-3.3486
-3.34784
-3.34784
-3.3492
-3.3489
-3.35087
-3.35102
-3.35102
-3.35041
-3.35072
-3.35117
-3.35087
-3.35057
-3.35117
-3.35132
-3.35056
-3.34996
-3.34996
-3.34935
-3.34996
-3.34935
-3.34965
-3.3495
-3.34935
-3.34981
-3.35072
-3.35026
-3.35041
-3.35087
-3.35132
-3.35011
-3.35026
-3.35011
-3.34996
-3.34951
-3.34921
-3.34906
-3.34891
-3.34906
-3.34906
-3.3486
-3.34875
-3.34875
-3.3486
-3.3486
-3.34965
-3.35011
-3.3489
-3.3489
-3.34845
-3.34906
-3.34966
-3.34951
-3.34951
-3.34981
-3.35042
-3.35087
-3.35026
-3.35102
-3.35041
-3.35072
-3.35133
-3.35178
-3.35209
-3.35209
-3.35344
-3.3542
-3.35434
-3.35359
-3.35178
-3.35223
-3.35223
-3.35163
-3.35178
-3.35178
-3.35238
-3.35148
-3.35072
-3.35072
-3.35011
-3.34966
-3.34981
-3.34921
-3.34997
-3.34952
-3.34982
-3.34966
-3.34981
-3.35147
-3.35268
-3.35299
-3.35344
-3.35374
-3.35222
-3.35207
-3.35192
-3.35222
-3.35132
-3.34996
-3.35042
-3.35012
-3.35012
-3.35027
-3.34997
-3.34846
-3.34861
-3.34891
-3.34966
-3.34966
-3.3489
-3.34784
-3.34769
-3.34663
-3.34694
-3.34543
-3.34528
-3.34604
-3.34619
-3.34559
-3.34559
-3.34559
-3.34589
-3.34725
-3.3483
-3.34815
-3.34815
-3.34754
-3.34799
-3.3477
-3.34695
-3.34665
-3.34665
-3.34725
-3.34771
-3.3471
-3.34725
-3.34694
-3.3483
-3.34891
-3.34952
-3.34831
-3.34831
-3.34785
-3.34754
-3.34845
-3.34905
-3.34784
-3.34785
-3.34724
-3.34604
-3.34664
-3.34544
-3.34468
-3.34589
-3.34634
-3.34619
-3.34664
-3.34573
-3.34634
-3.34755
-3.34755
-3.34603
-3.34573
-3.34573
-3.34634
-3.34649
-3.34589
-3.34604
-3.34679
-3.34634
-3.34619
-3.34543
-3.34544
-3.34498
-3.34529
-3.34604
-3.34679
-3.348
-3.34891
-3.34861
-3.34876
-3.34891
-3.35012
-3.35042
-3.35012
-3.34982
-3.34906
-3.34982
-3.34997
-3.35087
-3.34967
-3.35027
-3.34997
-3.35027
-3.35118
-3.35102
-3.35117
-3.35042
-3.34921
-3.35072
-3.35057
-3.35102
-3.35072
-3.34996
-3.35041
-3.34905
-3.34906
-3.34815
-3.34755
-3.34756
-3.3474
-3.3471
-3.34664
-3.34815
-3.3492
-3.35011
-3.35042
-3.35042
-3.34982
-3.35027
-3.34966
-3.34891
-3.34921
-3.34921
-3.34891
-3.34891
-3.35012
-3.34982
-3.34967
-3.34936
-3.34997
-3.35042
-3.34967
-3.34876
-3.348
-3.34815
-3.34755
-3.34921
-3.35012
-3.34981
-3.35011
-3.34996
-3.35011
-3.34936
-3.34981
-3.35042
-3.35057
-3.35133
-3.35133
-3.35118
-3.35088
-3.35027
-3.35073
-3.35027
-3.35056
-3.35011
-3.34936
-3.34981
-3.3489
-3.34906
-3.34951
-3.34921
-3.34937
-3.34921
-3.34906
-3.3486
-3.34936
-3.34981
-3.34905
-3.34829
-3.34845
-3.34845
-3.3474
-3.34755
-3.3477
-3.34664
-3.3471
-3.34755
-3.3477
-3.348
-3.34921
-3.34906
-3.3483
-3.34785
-3.3483
-3.34921
-3.3486
-3.348
-3.348
-3.34695
-3.34725
-3.34785
-3.34831
-3.34815
-3.34845
-3.3486
-3.3492
-3.3492
-3.34981
-3.35056
-3.34997
-3.34937
-3.34997
-3.34997
-3.35027
-3.35087
-3.34891
-3.34876
-3.34891
-3.34936
-3.34967
-3.34906
-3.34906
-3.3477
-3.3486
-3.34739
-3.34709
-3.34785
-3.34709
-3.348
-3.3471
-3.34725
-3.34755
-3.34755
-3.34785
-3.3483
-3.34921
-3.3489
-3.34921
-3.3486
-3.34785
-3.3474
-3.34816
-3.3477
-3.34831
-3.34785
-3.34755
-3.34785
-3.34724
-3.34875
-3.34875
-3.3483
-3.3486
-3.3483
-3.34845
-3.3483
-3.34815
-3.3483
-3.348
-3.34815
-3.34815
-3.34815
-3.34846
-3.34921
-3.34996
-3.35011
-3.34935
-3.35011
-3.35011
-3.34936
-3.35011
-3.34981
-3.35057
-3.35027
-3.35057
-3.35012
-3.34982
-3.35148
-3.35132
-3.35117
-3.35117
-3.35193
-3.35193
-3.35223
-3.35269
-3.35268
-3.35359
-3.35405
-3.35405
-3.35541
-3.35602
-3.35647
-3.35586
-3.356
-3.356
-3.35495
-3.3542
-3.35359
-3.35299
-3.35223
-3.35284
-3.35254
-3.35224
-3.35087
-3.34997
-3.35087
-3.35087
-3.35148
-3.35269
-3.35193
-3.35178
-3.35117
-3.35011
-3.35057
-3.35042
-3.35057
-3.35118
-3.35209
-3.35224
-3.35148
-3.35118
-3.35133
-3.34966
-3.34951
-3.3492
-3.34905
-3.34769
-3.34648
-3.34633
-3.34573
-3.34589
-3.34619
-3.34604
-3.34529
-3.34544
-3.34513
-3.34453
-3.34512
-3.34452
-3.34587
-3.34497
-3.34542
-3.34573
-3.34664
-3.34604
-3.34664
-3.3489
-3.3489
-3.34875
-3.3486
-3.34739
-3.34799
-3.34815
-3.34709
-3.34573
-3.34663
-3.34724
-3.34724
-3.34845
-3.34739
-3.34649
-3.34739
-3.34785
-3.34739
-3.34634
-3.34649
-3.34664
-3.3474
-3.34664
-3.34784
-3.34724
-3.34769
-3.34754
-3.34633
-3.34619
-3.34558
-3.34543
-3.34589
-3.34604
-3.34467
-3.34543
-3.34588
-3.34573
-3.34542
-3.34694
-3.34679
-3.34725
-3.3471
-3.34755
-3.34846
-3.3477
-3.34709
-3.3483
-3.34815
-3.34815
-3.34799
-3.34724
-3.3483
-3.34845
-3.34799
-3.34784
-3.34844
-3.34859
-3.34905
-3.34875
-3.3489
-3.3489
-3.34815
-3.348
-3.34951
-3.34936
-3.3495
-3.34965
-3.34874
-3.34889
-3.34798
-3.34829
-3.34889
-3.3495
-3.34935
-3.3489
-3.34875
-3.3486
-3.348
-3.3483
-3.34815
-3.3486
-3.34845
-3.34814
-3.34829
-3.34859
-3.34874
-3.3495
-3.34995
-3.34874
-3.3489
-3.34935
-3.3492
-3.34905
-3.34981
-3.34996
-3.3495
-3.34905
-3.34845
-3.34845
-3.3486
-3.34829
-3.3489
-3.34769
-3.34663
-3.34738
-3.34874
-3.34754
-3.3489
-3.3489
-3.34739
-3.34769
-3.34754
-3.34755
-3.34845
-3.34891
-3.3486
-3.34951
-3.3495
-3.35041
-3.34965
-3.3495
-3.34935
-3.35026
-3.35102
-3.35056
-3.34981
-3.34951
-3.35011
-3.35041
-3.35011
-3.3492
-3.3495
-3.35011
-3.34996
-3.3486
-3.34754
-3.34694
-3.34709
-3.34664
-3.34619
-3.34528
-3.34528
-3.34528
-3.34483
-3.34497
-3.34482
-3.34361
-3.34391
-3.34376
-3.34452
-3.34452
-3.34542
-3.34603
-3.34558
-3.34483
-3.34543
-3.34543
-3.34573
-3.34543
-3.34543
-3.34588
-3.34618
-3.34648
-3.34588
-3.34633
-3.34557
-3.34603
-3.34648
-3.34633
-3.34618
-3.34633
-3.34679
-3.34709
-3.34724
-3.34754
-3.34754
-3.34785
-3.34845
-3.34906
-3.34966
-3.3489
-3.34845
-3.34784
-3.34723
-3.34678
-3.34708
-3.34648
-3.34648
-3.34603
-3.34678
-3.34693
-3.34814
-3.3483
-3.34966
-3.35087
-3.35117
-3.35117
-3.35072
-3.35056
-3.34996
-3.35026
-3.35116
-3.35071
-3.35041
-3.35041
-3.34965
-3.34996
-3.34981
-3.34981
-3.34799
-3.34754
-3.34664
-3.34784
-3.34845
-3.34875
-3.34814
-3.34784
-3.34784
-3.34814
-3.34829
-3.3492
-3.3489
-3.3486
-3.34876
-3.34815
-3.34739
-3.34679
-3.34724
-3.34603
-3.34527
-3.34558
-3.34649
-3.34634
-3.34649
-3.34664
-3.34663
-3.34678
-3.34663
-3.34678
-3.34664
-3.34558
-3.34574
-3.34453
-3.34438
-3.34377
-3.34422
-3.34391
-3.34421
-3.34587
-3.34542
-3.34542
-3.34527
-3.34528
-3.34482
-3.34528
-3.34604
-3.34619
-3.34649
-3.34679
-3.34845
-3.34936
-3.34815
-3.34739
-3.34769
-3.34648
-3.34663
-3.34632
-3.34723
-3.34693
-3.34603
-3.34634
-3.3471
-3.34589
-3.34664
-3.34664
-3.34649
-3.34664
-3.34754
-3.34814
-3.34784
-3.34769
-3.34784
-3.34859
-3.34859
-3.34844
-3.3492
-3.3495
-3.3486
-3.34814
-3.3492
-3.3486
-3.34951
-3.34996
-3.35011
-3.34965
-3.3489
-3.34829
-3.34874
-3.34889
-3.34904
-3.3492
-3.34965
-3.34966
-3.34996
-3.34981
-3.34981
-3.3489
-3.3495
-3.34996
-3.3492
-3.34966
-3.3492
-3.34951
-3.34845
-3.3489
-3.34875
-3.34905
-3.34875
-3.34875
-3.34845
-3.34799
-3.34769
-3.34799
-3.34693
-3.34588
-3.34512
-3.34482
-3.34512
-3.34573
-3.34482
-3.34467
-3.34451
-3.34452
-3.34437
-3.34467
-3.34422
-3.34422
-3.34437
-3.34392
-3.34467
-3.34452
-3.34528
-3.34498
-3.34694
-3.34739
-3.34784
-3.3486
-3.34875
-3.34905
-3.3486
-3.34921
-3.34921
-3.34981
-3.34981
-3.34966
-3.34965
-3.3492
-3.3495
-3.34965
-3.3492
-3.34936
-3.35011
-3.35011
-3.35042
-3.35011
-3.35102
-3.35011
-3.3489
-3.34935
-3.3486
-3.34784
-3.3486
-3.34936
-3.34936
-3.34921
-3.34845
-3.34935
-3.3486
-3.3483
-3.34815
-3.34845
-3.34815
-3.3486
-3.3486
-3.34951
-3.34936
-3.34785
-3.34921
-3.3489
-3.34799
-3.34905
-3.34905
-3.3483
-3.34845
-3.35042
-3.35012
-3.35012
-3.35042
-3.34906
-3.34982
-3.34997
-3.34951
-3.35027
-3.35011
-3.35087
-3.35011
-3.35056
-3.35011
-3.34905
-3.34981
-3.35011
-3.34981
-3.35102
-3.35072
-3.34967
-3.34967
-3.34876
-3.34861
-3.34997
-3.35012
-3.35057
-3.35117
-3.35101
-3.35162
-3.35207
-3.35192
-3.35132
-3.35087
-3.35057
-3.35012
-3.35103
-3.35057
-3.35118
-3.35208
-3.35208
-3.35223
-3.35208
-3.35163
-3.35133
-3.35012
-3.35133
-3.35208
-3.35178
-3.35238
-3.35208
-3.35042
-3.35102
-3.35042
-3.35147
-3.35208
-3.35193
-3.35132
-3.35117
-3.35178
-3.35253
-3.35269
-3.35299
-3.35329
-3.3539
-3.3542
-3.35329
-3.3545
-3.35435
-3.35344
-3.35253
-3.35268
-3.35208
-3.35133
-3.35148
-3.35209
-3.35179
-3.35103
-3.35058
-3.35057
-3.35117
-3.35086
-3.35071
-3.35026
-3.35056
-3.35147
-3.35223
-3.35163
-3.35269
-3.35178
-3.35087
-3.35027
-3.34997
-3.35072
-3.35132
-3.35147
-3.35072
-3.35026
-3.35057
-3.34966
-3.34861
-3.34815
-3.34785
-3.34876
-3.3483
-3.34694
-3.34679
-3.34754
-3.34784
-3.34739
-3.34815
-3.34815
-3.34906
-3.34756
-3.34725
-3.34665
-3.3462
-3.34665
-3.34725
-3.34695
-3.34664
-3.34634
-3.3471
-3.3465
-3.34514
-3.34484
-3.34544
-3.34604
-3.34514
-3.34423
-3.34363
-3.34287
-3.34286
-3.34301
-3.34271
-3.34423
-3.34439
-3.34333
-3.34424
-3.34545
-3.34575
-3.3465
-3.34695
-3.34741
-3.34771
-3.34831
-3.34876
-3.34846
-3.348
-3.348
-3.3477
-3.34815
-3.34816
-3.34725
-3.3465
-3.34529
-3.34559
-3.3471
-3.34665
-3.34665
-3.34741
-3.34726
-3.34801
-3.34862
-3.34846
-3.34906
-3.34876
-3.34967
-3.34876
-3.34846
-3.34967
-3.34907
-3.34937
-3.34846
-3.34816
-3.34816
-3.3474
-3.3471
-3.34725
-3.3471
-3.34785
-3.34785
-3.34634
-3.34664
-3.34695
-3.34559
-3.34529
-3.34423
-3.34469
-3.34514
-3.34514
-3.34514
-3.34514
-3.3462
-3.34604
-3.34664
-3.3471
-3.34604
-3.34649
-3.3471
-3.34801
-3.34755
-3.34846
-3.34816
-3.34786
-3.34861
-3.34937
-3.34892
-3.34922
-3.34967
-3.35058
-3.35073
-3.35072
-3.34951
-3.34891
-3.34921
-3.34861
-3.34846
-3.3474
-3.34755
-3.3471
-3.3474
-3.348
-3.34921
-3.34966
-3.34936
-3.34921
-3.34846
-3.35042
-3.34876
-3.34922
-3.34922
-3.34846
-3.34876
-3.34937
-3.34937
-3.34876
-3.34846
-3.34982
-3.35072
-3.35102
-3.35148
-3.35117
-3.35042
-3.35072
-3.35087
-3.35148
-3.35133
-3.35118
-3.35148
-3.35238
-3.35284
-3.35269
-3.35268
-3.35253
-3.35284
-3.35374
-3.35344
-3.35268
-3.35238
-3.35238
-3.35163
-3.35193
-3.35193
-3.35223
-3.35238
-3.35193
-3.35208
-3.35163
-3.35299
-3.35208
-3.35193
-3.35223
-3.35283
-3.35283
-3.35207
-3.35253
-3.35208
-3.35208
-3.35208
-3.35102
-3.35072
-3.35042
-3.35012
-3.35027
-3.34951
-3.34936
-3.34996
-3.34951
-3.34936
-3.34936
-3.34845
-3.34755
-3.34815
-3.3477
-3.34785
-3.34951
-3.34981
-3.34845
-3.34845
-3.3486
-3.34785
-3.3489
-3.34936
-3.35012
-3.35072
-3.34982
-3.34921
-3.34861
-3.34891
-3.34876
-3.34769
-3.34769
-3.34709
-3.34678
-3.34694
-3.34724
-3.34725
-3.34785
-3.34725
-3.3471
-3.34665
-3.34695
-3.3471
-3.3474
-3.34725
-3.34694
-3.348
-3.34785
-3.3474
-3.34694
-3.34679
-3.34619
-3.34694
-3.34724
-3.34664
-3.34694
-3.34589
-3.34589
-3.34589
-3.34483
-3.34483
-3.34438
-3.34377
-3.34438
-3.34483
-3.34559
-3.34498
-3.34407
-3.34453
-3.34437
-3.34513
-3.34513
-3.34513
-3.34467
-3.34483
-3.34407
-3.34392
-3.34438
-3.34422
-3.34347
-3.34317
-3.34271
-3.34362
-3.34347
-3.34377
-3.34226
-3.3415
-3.34211
-3.34241
-3.34256
-3.34317
-3.34392
-3.34422
-3.34528
-3.34573
-3.34573
-3.34619
-3.34513
-3.34453
-3.34544
-3.34634
-3.34604
-3.34589
-3.34694
-3.34694
-3.34649
-3.34664
-3.34633
-3.34694
-3.34739
-3.3474
-3.3474
-3.3474
-3.34634
-3.34619
-3.34694
-3.3483
-3.3486
-3.3483
-3.34815
-3.3474
-3.34724
-3.34876
-3.34921
-3.34891
-3.34891
-3.34906
-3.35102
-3.35208
-3.35178
-3.35148
-3.35057
-3.35087
-3.35027
-3.35026
-3.34905
-3.3486
-3.34845
-3.34845
-3.3489
-3.34981
-3.35041
-3.35057
-3.35193
-3.35223
-3.35269
-3.35314
-3.35269
-3.35314
-3.35239
-3.35208
-3.35163
-3.35148
-3.35102
-3.35057
-3.35087
-3.34996
-3.3495
-3.3486
-3.3492
-3.3492
-3.3492
-3.3486
-3.348
-3.3477
-3.34679
-3.34634
-3.34619
-3.34618
-3.34603
-3.34769
-3.3483
-3.348
-3.34815
-3.34905
-3.348
-3.34891
-3.34966
-3.34891
-3.3483
-3.34905
-3.34936
-3.34996
-3.3489
-3.34951
-3.3489
-3.34815
-3.34724
-3.34694
-3.34603
-3.34588
-3.34709
-3.34785
-3.34709
-3.34664
-3.34604
-3.34573
-3.34558
-3.34664
-3.34679
-3.34694
-3.34573
-3.34633
-3.34603
-3.34724
-3.34754
-3.34875
-3.3486
-3.348
-3.3483
-3.34815
-3.34906
-3.34981
-3.34966
-3.34875
-3.34981
-3.34936
-3.34845
-3.3492
-3.35011
-3.35072
-3.35057
-3.35102
-3.35117
-3.35102
-3.35102
-3.34936
-3.348
-3.3474
-3.34679
-3.34528
-3.34437
-3.34558
-3.34619
-3.34649
-3.34694
-3.348
-3.34769
-3.3483
-3.34906
-3.3486
-3.34981
-3.3486
-3.34754
-3.348
-3.34845
-3.34875
-3.3483
-3.3474
-3.348
-3.3474
-3.3471
-3.34619
-3.34513
-3.34513
-3.34528
-3.34649
-3.34694
-3.34679
-3.34649
-3.34619
-3.34694
-3.3474
-3.3477
-3.34619
-3.34695
-3.34725
-3.3477
-3.3477
-3.34725
-3.3483
-3.34845
-3.34815
-3.3474
-3.3474
-3.34815
-3.348
-3.3483
-3.34891
-3.34785
-3.3471
-3.34604
-3.34559
-3.34559
-3.34664
-3.34649
-3.34619
-3.34574
-3.34483
-3.34559
-3.34634
-3.34679
-3.34649
-3.34543
-3.34558
-3.34588
-3.34634
-3.34664
-3.34634
-3.34634
-3.34604
-3.34635
-3.3468
-3.3477
-3.34801
-3.34861
-3.34846
-3.34906
-3.34936
-3.34921
-3.34906
-3.34906
-3.34936
-3.34921
-3.34981
-3.35057
-3.34936
-3.34967
-3.34952
-3.34937
-3.34786
-3.34816
-3.3474
-3.34831
-3.3474
-3.3474
-3.3474
-3.34785
-3.34649
-3.34709
-3.34619
-3.34679
-3.34679
-3.34785
-3.34861
-3.34846
-3.34846
-3.348
-3.3474
-3.34724
-3.34815
-3.34695
-3.34649
-3.34619
-3.34755
-3.3477
-3.34724
-3.34769
-3.3483
-3.3489
-3.34981
-3.34861
-3.3477
-3.34695
-3.34695
-3.34695
-3.34604
-3.34588
-3.34603
-3.34633
-3.34633
-3.34663
-3.34633
-3.34619
-3.34589
-3.34604
-3.34619
-3.34574
-3.34468
-3.34453
-3.34543
-3.34543
-3.34603
-3.34649
-3.34573
-3.34498
-3.34498
-3.34498
-3.34483
-3.34438
-3.34438
-3.34483
-3.34422
-3.34452
-3.34558
-3.34528
-3.34573
-3.34649
-3.34694
-3.34679
-3.3471
-3.34816
-3.34725
-3.3474
-3.3477
-3.34709
-3.34694
-3.34785
-3.34724
-3.3483
-3.348
-3.34785
-3.348
-3.3477
-3.34755
-3.34831
-3.34846
-3.35042
-3.34906
-3.34936
-3.34951
-3.34951
-3.34982
-3.34951
-3.34967
-3.35042
-3.35057
-3.35118
-3.35087
-3.35057
-3.35072
-3.34982
-3.35012
-3.35103
-3.35058
-3.35073
-3.35073
-3.35058
-3.34997
-3.35072
-3.34936
-3.34831
-3.34861
-3.34786
-3.34831
-3.34891
-3.34831
-3.34831
-3.34831
-3.34846
-3.34861
-3.34755
-3.348
-3.34801
-3.34801
-3.34695
-3.34756
-3.34786
-3.34756
-3.34725
-3.34695
-3.3474
-3.34785
-3.3477
-3.3474
-3.348
-3.3474
-3.34695
-3.3465
-3.3474
-3.34846
-3.34816
-3.34816
-3.34755
-3.34785
-3.34846
-3.34891
-3.34876
-3.34967
-3.34937
-3.34937
-3.34952
-3.34921
-3.34951
-3.35011
-3.34966
-3.35012
-3.34997
-3.34967
-3.34998
-3.34952
-3.34952
-3.34831
-3.34846
-3.34816
-3.3474
-3.34725
-3.34771
-3.34755
-3.34725
-3.34785
-3.34816
-3.34801
-3.34801
-3.34892
-3.34846
-3.34967
-3.34907
-3.34998
-3.34998
-3.34998
-3.35043
-3.35013
-3.34892
-3.34922
-3.34952
-3.34982
-3.35119
-3.35043
-3.35103
-3.35133
-3.35148
-3.35148
-3.35103
-3.35163
-3.35254
-3.35223
-3.35148
-3.35178
-3.35133
-3.35134
-3.35119
-3.35164
-3.35194
-3.35179
-3.35179
-3.35088
-3.35027
-3.34967
-3.35043
-3.34952
-3.34937
-3.34816
-3.34816
-3.34862
-3.34786
-3.34801
-3.34771
-3.3471
-3.34695
-3.34695
-3.34681
-3.34666
-3.34651
-3.34605
-3.34575
-3.34529
-3.34696
-3.34635
-3.34605
-3.34514
-3.34605
-3.34635
-3.34726
-3.34681
-3.34666
-3.34665
-3.34726
-3.34786
-3.34831
-3.34907
-3.34937
-3.34892
-3.34937
-3.34983
-3.34953
-3.35013
-3.34968
-3.34968
-3.34892
-3.34937
-3.34922
-3.34967
-3.35027
-3.34952
-3.34891
-3.34952
-3.34937
-3.34983
-3.35059
-3.3521
-3.353
-3.3533
-3.35315
-3.35269
-3.35164
-3.35254
-3.35133
-3.35148
-3.34967
-3.34937
-3.35043
-3.34937
-3.34831
-3.34892
-3.34938
-3.34832
-3.34862
-3.34877
-3.34877
-3.34862
-3.34982
-3.34892
-3.34831
-3.34862
-3.34877
-3.34922
-3.34922
-3.34802
-3.34847
-3.34892
-3.34938
-3.34922
-3.35073
-3.35103
-3.35058
-3.35073
-3.34983
-3.34954
-3.34909
-3.34894
-3.34909
-3.34893
-3.34847
-3.34998
-3.34997
-3.34952
-3.34906
-3.34892
-3.34801
-3.34847
-3.34817
-3.34756
-3.34741
-3.34772
-3.34772
-3.34786
-3.34741
-3.34862
-3.34877
-3.34892
-3.34877
-3.34892
-3.34801
-3.34862
-3.34968
-3.35014
-3.35074
-3.35134
-3.35104
-3.35149
-3.35073
-3.35134
-3.35058
-3.35028
-3.34967
-3.34952
-3.34952
-3.34982
-3.34998
-3.34892
-3.34877
-3.34937
-3.34968
-3.34998
-3.34907
-3.34938
-3.34968
-3.34968
-3.34952
-3.35012
-3.35073
-3.35058
-3.35028
-3.35013
-3.34998
-3.34938
-3.34893
-3.34832
-3.34681
-3.34787
-3.34862
-3.34711
-3.34665
-3.34892
-3.34891
-3.34952
-3.34997
-3.35028
-3.34998
-3.35028
-3.35013
-3.34968
-3.34907
-3.34907
-3.34922
-3.34937
-3.34952
-3.35028
-3.35073
-3.35179
-3.35013
-3.35119
-3.35194
-3.35179
-3.35043
-3.35103
-3.35028
-3.35088
-3.35179
-3.35164
-3.35179
-3.35164
-3.35163
-3.35088
-3.35133
-3.35103
-3.35179
-3.35149
-3.35134
-3.35133
-3.35073
-3.35164
-3.35149
-3.35013
-3.35028
-3.34952
-3.34892
-3.34862
-3.34877
-3.34952
-3.34952
-3.35058
-3.35058
-3.35027
-3.35043
-3.35164
-3.35134
-3.35119
-3.35149
-3.35088
-3.35013
-3.34997
-3.34922
-3.34967
-3.34891
-3.34967
-3.34952
-3.34937
-3.35073
-3.35058
-3.34982
-3.35058
-3.35103
-3.35103
-3.35209
-3.35163
-3.35057
-3.34921
-3.34906
-3.34861
-3.34831
-3.34756
-3.3459
-3.34635
-3.34635
-3.34741
-3.3465
-3.3462
-3.34589
-3.34529
-3.34559
-3.34696
-3.3462
-3.3456
-3.34666
-3.34726
-3.3474
-3.348
-3.348
-3.34831
-3.34876
-3.34936
-3.35012
-3.35073
-3.35027
-3.35028
-3.35028
-3.34953
-3.34862
-3.34877
-3.34937
-3.34907
-3.34952
-3.34982
-3.34982
-3.34982
-3.35042
-3.35073
-3.35163
-3.35133
-3.35194
-3.35194
-3.35118
-3.35178
-3.35209
-3.35194
-3.35103
-3.35209
-3.35194
-3.35164
-3.35239
-3.35239
-3.35284
-3.35254
-3.35269
-3.35239
-3.35149
-3.35118
-3.35058
-3.34907
-3.34831
-3.34937
-3.34982
-3.35057
-3.35103
-3.35103
-3.35194
-3.35148
-3.35042
-3.35103
-3.35073
-3.35133
-3.35163
-3.35179
-3.35179
-3.35254
-3.35254
-3.35209
-3.35269
-3.35194
-3.35239
-3.35194
-3.35224
-3.35179
-3.35149
-3.35179
-3.35269
-3.35254
-3.35284
-3.35359
-3.35223
-3.35224
-3.35284
-3.35164
-3.35148
-3.35148
-3.35043
-3.34892
-3.34937
-3.34847
-3.34907
-3.34907
-3.34937
-3.34937
-3.34967
-3.34952
-3.34922
-3.34861
-3.34846
-3.34891
-3.34861
-3.34997
-3.35027
-3.35013
-3.35058
-3.34983
-3.35028
-3.34892
-3.34861
-3.34922
-3.34876
-3.34861
-3.34891
-3.34831
-3.34952
-3.34967
-3.34922
-3.34802
-3.34787
-3.34711
-3.34862
-3.34847
-3.34711
-3.34605
-3.34484
-3.34468
-3.34529
-3.3459
-3.34545
-3.3456
-3.3462
-3.34711
-3.34771
-3.34756
-3.34831
-3.34861
-3.34937
-3.34982
-3.35012
-3.34937
-3.34877
-3.34816
-3.34786
-3.34801
-3.34922
-3.34892
-3.34952
-3.35012
-3.34982
-3.34997
-3.34952
-3.34983
-3.34862
-3.34787
-3.34817
-3.34771
-3.34726
-3.34665
-3.3471
-3.34801
-3.34892
-3.34952
-3.34877
-3.34907
-3.34877
-3.34967
-3.35088
-3.35073
-3.34997
-3.34982
-3.34907
-3.34847
-3.34832
-3.34877
-3.34786
-3.34877
-3.34937
-3.34922
-3.34847
-3.34982
-3.35013
-3.35043
-3.35012
-3.34982
-3.34967
-3.34786
-3.34665
-3.3468
-3.34725
-3.34695
-3.3468
-3.34635
-3.34666
-3.34666
-3.3465
-3.34665
-3.34681
-3.3459
-3.3456
-3.34635
-3.34665
-3.34726
-3.34741
-3.34801
-3.34937
-3.35043
-3.34982
-3.34998
-3.35028
-3.35058
-3.35073
-3.35058
-3.35088
-3.34983
-3.35089
-3.35074
-3.35013
-3.34923
-3.34892
-3.34953
-3.34922
-3.35013
-3.35058
-3.35013
-3.34937
-3.34952
-3.34967
-3.34861
-3.34921
-3.34846
-3.34816
-3.34726
-3.34726
-3.34696
-3.34666
-3.34651
-3.3459
-3.34515
-3.34575
-3.34499
-3.34424
-3.34499
-3.34469
-3.34484
-3.345
-3.34469
-3.3459
-3.3459
-3.34665
-3.34665
-3.34604
-3.3471
-3.34619
-3.3474
-3.34711
-3.34726
-3.34787
-3.34802
-3.34817
-3.34968
-3.35029
-3.35044
-3.35059
-3.35028
-3.34998
-3.34953
-3.34877
-3.34937
-3.34937
-3.34952
-3.34907
-3.34952
-3.34998
-3.34952
-3.35028
-3.35043
-3.34968
-3.34968
-3.34877
-3.34983
-3.35013
-3.34831
-3.34982
-3.35013
-3.35028
-3.35074
-3.34998
-3.34938
-3.34938
-3.34847
-3.34802
-3.34771
-3.34665
-3.34604
-3.34635
-3.3468
-3.34741
-3.34862
-3.34772
-3.34681
-3.34606
-3.34666
-3.34651
-3.34666
-3.34514
-3.34635
-3.34665
-3.3471
-3.3471
-3.34786
-3.34801
-3.34817
-3.34862
-3.34922
-3.34937
-3.34907
-3.34952
-3.35028
-3.35088
-3.35118
-3.35164
-3.35194
-3.35073
-3.35089
-3.35194
-3.35285
-3.35315
-3.35209
-3.35088
-3.35043
-3.35073
-3.35133
-3.35103
-3.35073
-3.35088
-3.34982
-3.34846
-3.34816
-3.34786
-3.34862
-3.34937
-3.34953
-3.34952
-3.34967
-3.34967
-3.34998
-3.35134
-3.35134
-3.35058
-3.35119
-3.35089
-3.35119
-3.35164
-3.34968
-3.35058
-3.35013
-3.34967
-3.34952
-3.35013
-3.34877
-3.34907
-3.34862
-3.34816
-3.34711
-3.34605
-3.34696
-3.34665
-3.34681
-3.34635
-3.34786
-3.34741
-3.34741
-3.34786
-3.34801
-3.34862
-3.34877
-3.34846
-3.34786
-3.34771
-3.34817
-3.34877
-3.34923
-3.34953
-3.34923
-3.34953
-3.35043
-3.35103
-3.35179
-3.35194
-3.35134
-3.35073
-3.35103
-3.35103
-3.35179
-3.35164
-3.35118
-3.35103
-3.35194
-3.35179
-3.35088
-3.35043
-3.35012
-3.35088
-3.34982
-3.35058
-3.34968
-3.35059
-3.35164
-3.35164
-3.35179
-3.35134
-3.35164
-3.35103
-3.35058
-3.35043
-3.34907
-3.34983
-3.35104
-3.35013
-3.34952
-3.34907
-3.34907
-3.35088
-3.35103
-3.35073
-3.35012
-3.34967
-3.34907
-3.34877
-3.34817
-3.34711
-3.34621
-3.34636
-3.3453
-3.34394
-3.34333
-3.34469
-3.34424
-3.34484
-3.34529
-3.34484
-3.3456
-3.34439
-3.34484
-3.34469
-3.34514
-3.34499
-3.34484
-3.34469
-3.34575
-3.3459
-3.34635
-3.34696
-3.34741
-3.34892
-3.34937
-3.34998
-3.34862
-3.34892
-3.34952
-3.34922
-3.34907
-3.34877
-3.34892
-3.34756
-3.34832
-3.34892
-3.34726
-3.34711
-3.34726
-3.34666
-3.34681
-3.3468
-3.3462
-3.34559
-3.34544
-3.34514
-3.34393
-3.34303
-3.34409
-3.34424
-3.34379
-3.34318
-3.34393
-3.34409
-3.34363
-3.34424
-3.34454
-3.34575
-3.34545
-3.3459
-3.34756
-3.34831
-3.34877
-3.34817
-3.34847
-3.34908
-3.34968
-3.34802
-3.34907
-3.34832
-3.34892
-3.34983
-3.34938
-3.34922
-3.34771
-3.34726
-3.34711
-3.34665
-3.34831
-3.34861
-3.34907
-3.34891
-3.34846
-3.34877
-3.34817
-3.34983
-3.34998
-3.35058
-3.35088
-3.35103
-3.35028
-3.34967
-3.35118
-3.35164
-3.35194
-3.35194
-3.35239
-3.35224
-3.35224
-3.3533
-3.3536
-3.35209
-3.35148
-3.35164
-3.35088
-3.35164
-3.3521
-3.3518
-3.35119
-3.35013
-3.35058
-3.35028
-3.35012
-3.34997
-3.34997
-3.34982
-3.35058
-3.35043
-3.34953
-3.34953
-3.34862
-3.34802
-3.34832
-3.34816
-3.34937
-3.34877
-3.34846
-3.34786
-3.34741
-3.34816
-3.34786
-3.3468
-3.34665
-3.3468
-3.3462
-3.34665
-3.34635
-3.3468
-3.34756
-3.34831
-3.34846
-3.34846
-3.34922
-3.34846
-3.3471
-3.34635
-3.3462
-3.34589
-3.3462
-3.3465
-3.3465
-3.34726
-3.34711
-3.34635
-3.34559
-3.34635
-3.34665
-3.34741
-3.34801
-3.34877
-3.34831
-3.34725
-3.34755
-3.34831
-3.34876
-3.35042
-3.34982
-3.34967
-3.34967
-3.34982
-3.35012
-3.34906
-3.34906
-3.34861
-3.34937
-3.34861
-3.34876
-3.34922
-3.34922
-3.35013
-3.34937
-3.34907
-3.34967
-3.34952
-3.34891
-3.34846
-3.34876
-3.34907
-3.34846
-3.34877
-3.34922
-3.34922
-3.34907
-3.34892
-3.34861
-3.34922
-3.34937
-3.34937
-3.34952
-3.34891
-3.34831
-3.34785
-3.34891
-3.34815
-3.34846
-3.34785
-3.34755
-3.34741
-3.34846
-3.34892
-3.34862
-3.34756
-3.34605
-3.34635
-3.34559
-3.34559
-3.34559
-3.3465
-3.34604
-3.34589
-3.34574
-3.34544
-3.34484
-3.3456
-3.34454
-3.34454
-3.34544
-3.3459
-3.34378
-3.34514
-3.34468
-3.34468
-3.34438
-3.34348
-3.34287
-3.34212
-3.34228
-3.34182
-3.34213
-3.34122
-3.34122
-3.34167
-3.34242
-3.34333
-3.34393
-3.34393
-3.34393
-3.34408
-3.34498
-3.34529
-3.34514
-3.34604
-3.34559
-3.34499
-3.34469
-3.34348
-3.34378
-3.34424
-3.34438
-3.34484
-3.34484
-3.34499
-3.34454
-3.34393
-3.34438
-3.34393
-3.34348
-3.34317
-3.34332
-3.34348
-3.34378
-3.34469
-3.34424
-3.34348
-3.34454
-3.34469
-3.34514
-3.34453
-3.34529
-3.34559
-3.34589
-3.34544
-3.3462
-3.3468
-3.3465
-3.34665
-3.34529
-3.34514
-3.34498
-3.34423
-3.34453
-3.34469
-3.34514
-3.3459
-3.34605
-3.34484
-3.34514
-3.34545
-3.34545
-3.345
-3.34515
-3.34575
-3.34605
-3.34696
-3.34696
-3.34635
-3.3465
-3.34862
-3.34847
-3.34877
-3.34937
-3.34892
-3.34937
-3.34967
-3.35103
-3.35088
-3.35058
-3.35149
-3.35119
-3.35119
-3.35119
-3.35104
-3.35119
-3.35058
-3.35043
-3.35012
-3.34937
-3.34982
-3.35028
-3.35089
-3.35134
-3.35073
-3.35058
-3.35028
-3.34953
-3.34983
-3.34907
-3.34937
-3.34907
-3.34801
-3.34771
-3.34741
-3.3468
-3.34741
-3.34696
-3.3465
-3.34635
-3.34575
-3.34635
-3.34786
-3.34877
-3.34937
-3.34907
-3.34832
-3.34862
-3.34847
-3.34908
-3.35044
-3.35059
-3.35119
-3.35058
-3.3524
-3.35179
-3.35134
-3.35179
-3.35179
-3.35134
-3.35164
-3.35088
-3.35103
-3.34952
-3.34892
-3.34922
-3.34922
-3.34877
-3.34847
-3.34862
-3.34741
-3.34696
-3.34681
-3.34605
-3.3462
-3.3462
-3.3462
-3.34605
-3.34605
-3.3459
-3.34499
-3.3462
-3.34711
-3.34771
-3.34832
-3.34832
-3.34756
-3.34756
-3.34681
-3.34726
-3.34787
-3.34847
-3.34862
-3.34953
-3.34953
-3.34998
-3.35028
-3.34983
-3.34937
-3.34968
-3.35074
-3.34998
-3.35089
-3.35195
-3.3521
-3.35286
-3.3524
-3.35119
-3.35149
-3.35059
-3.35119
-3.35149
-3.3518
-3.35285
-3.35119
-3.35134
-3.35074
-3.35104
-3.35089
-3.35149
-3.35165
-3.35074
-3.35059
-3.35014
-3.34984
-3.34908
-3.34908
-3.34878
-3.34938
-3.34953
-3.34952
-3.34998
-3.34968
-3.34907
-3.34877
-3.34862
-3.34787
-3.34757
-3.34772
-3.34772
-3.34636
-3.34666
-3.34742
-3.34772
-3.34908
-3.34939
-3.34969
-3.35044
-3.34953
-3.34998
-3.35013
-3.34952
-3.34922
-3.34907
-3.34817
-3.34817
-3.34772
-3.34863
-3.34878
-3.34954
-3.34953
-3.34893
-3.34938
-3.34908
-3.34892
-3.34953
-3.34937
-3.34892
-3.34847
-3.34832
-3.34907
-3.34953
-3.35104
-3.35104
-3.35074
-3.35089
-3.34983
-3.35013
-3.35044
-3.35013
-3.35043
-3.34998
-3.35103
-3.35073
-3.35103
-3.35104
-3.35074
-3.35028
-3.35028
-3.35043
-3.34937
-3.34967
-3.35013
-3.35118
-3.35043
-3.34937
-3.34817
-3.34817
-3.34757
-3.34832
-3.34878
-3.34742
-3.34817
-3.34771
-3.34937
-3.34922
-3.34862
-3.34892
-3.34847
-3.34983
-3.34907
-3.34998
-3.35013
-3.35074
-3.35044
-3.35013
-3.35059
-3.35104
-3.35089
-3.34998
-3.35043
-3.35088
-3.35012
-3.35028
-3.35028
-3.34998
-3.34952
-3.34892
-3.34892
-3.35013
-3.35013
-3.34922
-3.34892
-3.34998
-3.35058
-3.35028
-3.34983
-3.35028
-3.35119
-3.35164
-3.35239
-3.3542
-3.3536
-3.3536
-3.35269
-3.3527
-3.353
-3.3521
-3.3521
-3.35285
-3.353
-3.35194
-3.35224
-3.35254
-3.35315
-3.353
-3.3536
-3.35285
-3.35239
-3.3527
-3.35149
-3.35103
-3.34997
-3.34982
-3.35043
-3.35058
-3.34982
-3.35043
-3.35058
-3.34937
-3.34982
-3.34997
-3.35088
-3.35012
-3.35073
-3.35164
-3.35073
-3.35043
-3.35058
-3.35058
-3.35134
-3.35209
-3.35179
-3.35179
-3.35163
-3.35209
-3.35148
-3.35103
-3.35103
-3.35088
-3.35013
-3.34907
-3.34861
-3.34846
-3.34831
-3.34846
-3.34906
-3.34876
-3.35027
-3.35088
-3.35028
-3.35073
-3.35134
-3.35104
-3.35119
-3.35073
-3.34998
-3.34952
-3.34952
-3.34967
-3.34952
-3.34861
-3.34876
-3.3483
-3.34831
-3.34952
-3.34952
-3.35058
-3.35058
-3.35043
-3.34998
-3.35058
-3.35058
-3.35013
-3.34967
-3.35058
-3.35163
-3.35269
-3.35239
-3.35329
-3.3539
-3.3533
-3.3527
-3.3533
-3.353
-3.3527
-3.353
-3.35254
-3.35209
-3.35254
-3.35149
-3.35088
-3.35088
-3.35118
-3.34968
-3.35013
-3.34983
-3.34968
-3.34983
-3.35119
-3.35103
-3.35103
-3.35088
-3.35028
-3.35028
-3.34983
-3.34998
-3.34998
-3.34968
-3.34983
-3.34817
-3.34817
-3.34862
-3.34832
-3.34817
-3.34908
-3.35059
-3.34953
-3.35029
-3.35164
-3.34983
-3.34907
-3.34832
-3.34862
-3.34967
-3.35013
-3.35013
-3.35013
-3.35028
-3.34953
-3.35013
-3.35089
-3.34998
-3.35013
-3.35028
-3.34968
-3.34983
-3.34968
-3.35014
-3.34968
-3.34892
-3.34937
-3.34907
-3.34832
-3.34847
-3.34802
-3.34877
-3.35013
-3.35104
-3.35104
-3.35028
-3.35074
-3.35013
-3.35013
-3.35013
-3.35043
-3.35058
-3.35013
-3.35028
-3.34968
-3.34937
-3.34938
-3.34847
-3.34817
-3.34847
-3.34892
-3.34877
-3.34877
-3.34831
-3.34937
-3.34771
-3.34771
-3.34817
-3.34877
-3.34968
-3.34907
-3.34997
-3.34967
-3.34892
-3.34862
-3.34967
-3.34862
-3.34862
-3.34862
-3.34786
-3.34665
-3.34726
-3.34635
-3.34575
-3.34771
-3.34786
-3.34892
-3.34922
-3.34877
-3.34876
-3.34907
-3.34846
-3.34846
-3.34907
-3.34907
-3.34862
-3.34953
-3.34983
-3.34982
-3.35012
-3.35012
-3.34937
-3.34907
-3.34847
-3.34696
-3.34636
-3.34666
-3.34711
-3.34771
-3.34862
-3.34786
-3.34756
-3.34771
-3.34786
-3.34756
-3.34756
-3.34771
-3.3471
-3.34786
-3.34741
-3.34681
-3.34651
-3.34681
-3.3459
-3.34575
-3.34605
-3.34772
-3.34817
-3.34771
-3.34801
-3.34831
-3.34846
-3.34876
-3.34877
-3.34907
-3.34801
-3.34832
-3.34817
-3.34817
-3.34877
-3.34771
-3.34786
-3.34832
-3.34983
-3.34907
-3.34892
-3.34861
-3.34832
-3.34862
-3.34968
-3.35014
-3.35029
-3.34953
-3.35013
-3.35088
-3.35073
-3.35178
-3.35209
-3.35194
-3.35133
-3.35103
-3.35149
-3.34982
-3.35179
-3.35239
-3.35209
-3.35209
-3.35254
-3.35148
-3.35103
-3.34997
-3.34982
-3.35027
-3.34997
-3.35012
-3.34907
-3.34771
-3.34801
-3.34816
-3.34877
-3.34861
-3.34877
-3.34831
-3.34846
-3.34756
-3.3471
-3.3474
-3.3474
-3.34801
-3.34846
-3.3477
-3.34725
-3.34801
-3.34906
-3.34861
-3.34756
-3.34726
-3.3468
-3.34665
-3.3462
-3.3465
-3.3474
-3.34725
-3.34801
-3.34891
-3.34755
-3.34725
-3.34876
-3.34861
-3.34846
-3.34846
-3.34861
-3.34907
-3.34891
-3.34922
-3.34967
-3.34922
-3.34846
-3.34922
-3.34922
-3.34982
-3.34997
-3.35058
-3.35042
-3.34982
-3.34951
-3.34997
-3.34997
-3.34982
-3.35073
-3.35013
-3.35058
-3.34938
-3.34953
-3.34923
-3.34847
-3.34802
-3.34832
-3.34786
-3.34801
-3.34741
-3.34756
-3.34801
-3.34816
-3.34862
-3.34801
-3.34907
-3.34983
-3.34983
-3.34998
-3.34952
-3.34922
-3.34937
-3.34953
-3.34938
-3.34998
-3.35043
-3.35058
-3.35013
-3.35088
-3.35134
-3.35104
-3.35074
-3.34968
-3.35044
-3.34953
-3.34938
-3.34983
-3.34998
-3.34937
-3.35073
-3.35103
-3.35103
-3.35058
-3.35028
-3.35028
-3.35029
-3.35029
-3.34969
-3.34938
-3.34772
-3.34892
-3.34876
-3.3477
-3.34725
-3.3468
-3.34666
-3.34636
-3.34636
-3.34666
-3.34605
-3.3468
-3.34665
-3.34786
-3.34847
-3.34802
-3.34907
-3.34817
-3.34907
-3.34862
-3.34862
-3.34816
-3.34801
-3.34786
-3.3477
-3.34695
-3.3465
-3.34605
-3.34544
-3.34439
-3.34575
-3.34605
-3.3453
-3.34499
-3.34484
-3.34499
-3.34604
-3.34589
-3.3474
-3.3468
-3.3468
-3.34665
-3.34605
-3.3462
-3.34559
-3.34484
-3.3465
-3.34665
-3.34634
-3.34559
-3.34498
-3.34574
-3.34529
-3.34604
-3.34725
-3.34725
-3.3474
-3.34755
-3.34709
-3.3471
-3.34831
-3.34755
-3.3483
-3.34845
-3.348
-3.34724
-3.34754
-3.348
-3.34785
-3.34665
-3.3474
-3.34786
-3.34695
-3.34664
-3.34589
-3.34543
-3.34604
-3.34558
-3.34725
-3.34815
-3.34861
-3.34921
-3.34921
-3.35057
-3.35072
-3.35118
-3.35118
-3.35072
-3.35102
-3.35117
-3.35102
-3.34981
-3.34951
-3.35057
-3.35027
-3.35012
-3.35042
-3.35133
-3.35193
-3.35313
-3.35298
-3.35328
-3.35359
-3.35359
-3.35345
-3.3539
-3.35436
-3.35315
-3.35314
-3.35299
-3.3545
-3.35389
-3.35344
-3.35313
-3.35329
-3.35193
-3.35117
-3.35057
-3.35042
-3.35057
-3.35057
-3.35148
-3.35118
-3.35163
-3.35148
-3.35178
-3.35238
-3.35313
-3.35253
-3.35238
-3.35283
-3.35238
-3.35283
-3.35268
-3.35208
-3.35102
-3.35102
-3.35102
-3.35133
-3.35163
-3.35133
-3.35148
-3.35208
-3.35223
-3.35163
-3.35102
-3.35102
-3.35056
-3.35011
-3.35042
-3.35117
-3.35147
-3.35087
-3.35163
-3.35027
-3.34937
-3.34937
-3.34967
-3.34921
-3.34921
-3.34966
-3.35026
-3.34966
-3.34951
-3.34876
-3.348
-3.348
-3.3471
-3.34725
-3.3471
-3.3474
-3.3474
-3.3474
-3.34649
-3.34664
-3.34739
-3.3486
-3.34921
-3.34891
-3.34891
-3.34966
-3.35087
-3.35057
-3.35057
-3.34921
-3.34906
-3.34876
-3.34785
-3.3471
-3.34694
-3.348
-3.34845
-3.34875
-3.34875
-3.35041
-3.34996
-3.35087
-3.35073
-3.35058
-3.35118
-3.35118
-3.35057
-3.35087
-3.35027
-3.34966
-3.34996
-3.35011
-3.35071
-3.35026
-3.34935
-3.35011
-3.35132
-3.35178
-3.35208
-3.35299
-3.35239
-3.35163
-3.35088
-3.35073
-3.35043
-3.35103
-3.35088
-3.35133
-3.35042
-3.35027
-3.35042
-3.35042
-3.34981
-3.35057
-3.34966
-3.34936
-3.34922
-3.34892
-3.34892
-3.34937
-3.34982
-3.34997
-3.34937
-3.34997
-3.35042
-3.34982
-3.34936
-3.34921
-3.34981
-3.3486
-3.34861
-3.34831
-3.34831
-3.34846
-3.34891
-3.34831
-3.3474
-3.34831
-3.34922
-3.34906
-3.34921
-3.34966
-3.34981
-3.35011
-3.35072
-3.35117
-3.35147
-3.35133
-3.35193
-3.35148
-3.35058
-3.35073
-3.35027
-3.35163
-3.35179
-3.35133
