2.99767
2.98953
2.975
2.95301
2.92193
2.87957
2.82316
2.74965
2.65622
2.54107
2.40456
2.25063
2.08781
1.92861
1.78706
1.67487
1.5983
1.55744
1.54749
1.56089
1.58932
1.62491
1.6611
1.69311
1.71809
1.73517
1.74523
1.75036
1.75301
1.75507
1.7572
1.75872
1.75786
1.75232
1.73991
1.71946
1.69181
1.6599
1.62807
1.60028
1.57865
1.56327
1.5533
1.54834
1.54878
1.55528
1.5678
1.58502
1.60446
1.62311
1.63813
1.64738
1.64965
1.64479
1.63391
1.6195
1.60494
1.59321
1.58583
1.5827
1.58301
1.58601
1.59118
1.59797
1.6054
1.61196
1.61613
1.61703
1.61528
1.61297
1.61289
1.61711
1.62607
1.63845
1.65186
1.6639
1.67315
1.67976
1.685
1.68995
1.6943
1.69627
1.69414
1.68777
1.67898
1.67033
1.66381
1.66037
1.66022
1.66321
1.66874
1.67576
1.68278
1.68812
1.69021
1.68789
1.68058
1.66842
1.65226
1.63346
1.61334
1.59277
1.57228
1.55273
1.53595
1.52455
1.52069
1.52511
1.53718
1.55559
1.57843
1.60278
1.62494
1.64155
1.65062
1.65185
1.64636
1.63606
1.62328
1.61022
1.59848
1.5886
1.58008
1.57213
1.56468
1.55904
1.55737
1.56161
1.5728
1.59104
1.61565
1.64499
1.67646
1.7067
1.73242
1.75123
1.76225
1.76638
1.76624
1.76518
1.76564
1.76752
1.76821
1.76429
1.75384
1.73773
1.7196
1.70426
1.69532
1.69372
1.69792
1.70526
1.71272
1.71714
1.71532
1.70448
1.68337
1.65358
1.62025
1.59089
1.57177
1.56435
1.56535
1.57032
1.57671
1.58472
1.5961
1.6121
1.63196
1.65293
1.67159
1.68548
1.69389
1.69734
1.69704
1.69476
1.69244
1.69086
1.68894
1.68468
1.67719
1.66792
1.66093
1.66202
1.67647
1.7056
1.74495
1.78594
1.8201
1.84244
1.85223
1.8516
1.84355
1.83063
1.81437
1.79543
1.77398
1.75007
1.72403
1.69692
1.67069
1.64767
1.62965
1.61722
1.60975
1.60591
1.60426
1.60357
1.60275
1.60093
1.59751
1.59235
1.58597
1.57947
1.5742
1.57142
1.5723
1.57811
1.59008
1.60841
1.6319
1.6583
1.68533
1.71111
1.73384
1.75154
1.76222
1.76444
1.75786
1.7433
1.72251
1.69788
1.67199
1.64732
1.62587
1.60896
1.59705
1.58969
1.58602
1.58547
1.58885
1.59886
1.61874
1.64895
1.68453
1.71678
1.73786
1.74397
1.73554
1.71576
1.68905
1.66009
1.63305
1.611
1.59567
1.58764
1.58668
1.59198
1.60208
1.61476
1.62759
1.6384
1.64595
1.65009
1.65165
1.65227
1.65382
1.65781
1.66495
1.67486
1.68656
1.69899
1.71131
1.72292
1.73334
1.74191
1.74781
1.74993
1.74727
1.73925
1.72595
1.70835
1.68807
1.66704
1.64709
1.62962
1.61526
1.60389
1.59471
1.58669
1.57899
1.57127
1.56415
1.55908
1.55805
1.56287
1.57429
1.59159
1.6126
1.63435
1.65399
1.66973
1.6811
1.6889
1.69443
1.69864
1.7016
1.70227
1.69911
1.69079
1.677
1.65873
1.6382
1.61849
1.60307
1.59507
1.59676
1.60883
1.6301
1.65749
1.68669
1.71306
1.73257
1.74249
1.74164
1.73041
1.71072
1.6857
1.65908
1.63432
1.61402
1.5998
1.59252
1.59248
1.59937
1.61193
1.62779
1.64384
1.65693
1.6647
1.66624
1.66207
1.65372
1.64305
1.63165
1.62074
1.6114
1.6048
1.60198
1.6032
1.60764
1.61366
1.61958
1.62409
1.6263
1.62568
1.62197
1.61544
1.60698
1.59789
1.58956
1.58308
1.5791
1.57802
1.58028
1.58666
1.59783
1.61352
1.63182
1.64945
1.66313
1.67097
1.6732
1.67184
1.66978
1.66957
1.67244
1.67791
1.68444
1.69034
1.6944
1.69591
1.69429
1.68892
1.67953
1.66675
1.65194
1.63675
1.62254
1.6104
1.60136
1.5963
1.5958
1.59976
1.60742
1.6176
1.62906
1.64082
1.65223
1.66306
1.6729
1.68099
1.68622
1.68769
1.68524
1.67957
1.6719
1.66348
1.65574
1.65032
1.64902
1.65336
1.6639
1.68006
1.70053
1.72384
1.7482
1.77108
1.78924
1.79968
1.80087
1.79381
1.78217
1.77092
1.76408
1.7627
1.76475
1.76675
1.76537
1.75834
1.74501
1.72673
1.70685
1.68977
1.6793
1.67698
1.68167
1.69033
1.6994
1.70595
1.70818
1.70531
1.6973
1.68485
1.66961
1.65435
1.64252
1.63705
1.63876
1.64578
1.65434
1.66046
1.66129
1.65583
1.64517
1.632
1.61977
1.61149
1.60894
1.61237
1.62064
1.63151
1.64192
1.64889
1.65073
1.64787
1.64279
1.63878
1.63841
1.64284
1.65184
1.66409
1.67737
1.68879
1.69534
1.69458
1.68528
1.66808
1.64583
1.62308
1.60485
1.59499
1.59463
1.60163
1.61176
1.62122
1.62859
1.63465
1.64122
1.65024
1.66321
1.68116
1.70415
1.73085
1.75851
1.78342
1.80171
1.81032
1.80756
1.79352
1.76994
1.73981
1.70674
1.67424
1.64523
1.62163
1.60387
1.59089
1.58079
1.57228
1.56573
1.56294
1.56581
1.57496
1.58963
1.60816
1.62843
1.64789
1.66354
1.67268
1.67395
1.66821
1.65852
1.64908
1.64359
1.64412
1.65073
1.6621
1.67609
1.69025
1.70207
1.70937
1.71053
1.70502
1.69385
1.67956
1.6659
1.6566
1.65397
1.65786
1.66577
1.67403
1.67927
1.68
1.67746
1.67492
1.67507
1.67751
1.67914
1.67707
1.6706
1.66082
1.64906
1.63592
1.62179
1.60778
1.59598
1.58873
1.5874
1.59197
1.60132
1.61396
1.62854
1.644
1.65954
1.67454
1.68843
1.70074
1.71116
1.71941
1.72497
1.72698
1.7244
1.71672
1.70459
1.68994
1.6755
1.66386
1.65667
1.65427
1.6559
1.66029
1.66625
1.67313
1.68078
1.68904
1.69715
1.70337
1.70552
1.70167
1.69105
1.67437
1.65378
1.6323
1.61353
1.60104
1.59742
1.60341
1.61751
1.63652
1.65668
1.67483
1.68886
1.69763
1.70061
1.69746
1.68784
1.6715
1.64867
1.62116
1.59347
1.57245
1.56391
1.56842
1.58136
1.59663
1.60971
1.61798
1.61991
1.61482
1.60335
1.58807
1.57367
1.56566
1.56823
1.5825
1.6065
1.63626
1.6669
1.6934
1.71143
1.71829
1.71344
1.69873
1.67833
1.65842
1.64572
1.64487
1.65594
1.67452
1.69452
1.71096
1.7209
1.72321
1.71792
1.70594
1.68904
1.66989
1.65209
1.63961
1.63523
1.63906
1.64819
1.65841
1.66627
1.67044
1.67165
1.67201
1.67411
1.68023
1.69118
1.70513
1.71801
1.7259
1.72732
1.72397
1.72024
1.72145
1.73075
1.74617
1.76115
1.7686
1.76449
1.74881
1.72512
1.70011
1.68209
1.67789
1.68946
1.7137
1.74547
1.77948
1.81019
1.83187
1.84006
1.83344
1.81409
1.78668
1.75711
1.73087
1.71171
1.7006
1.69556
1.69262
1.68766
1.67819
1.6642
1.64796
1.63284
1.62187
1.61635
1.61566
1.61866
1.62508
1.63522
1.6487
1.66397
1.67878
1.69076
1.69795
1.69912
1.69397
1.68318
1.66831
1.65157
1.63554
1.62252
1.61391
1.60986
1.60949
1.61167
1.6156
1.62094
1.62738
1.63402
1.63911
1.64057
1.63688
1.62788
1.61466
1.5992
1.58383
1.57079
1.56212
1.5594
1.56336
1.57361
1.5887
1.60653
1.62536
1.64446
1.6639
1.68382
1.70376
1.72262
1.73913
1.75228
1.76129
1.76551
1.76413
1.75651
1.74248
1.72289
1.6999
1.67671
1.65683
1.64292
1.63599
1.6354
1.63953
1.64654
1.65487
1.66335
1.67116
1.67769
1.6826
1.68594
1.68806
1.68945
1.69042
1.69087
1.69023
1.68769
1.68239
1.6738
1.66181
1.64685
1.62982
1.61208
1.59536
1.58168
1.57297
1.57053
1.57455
1.58395
1.59681
1.61082
1.6237
1.63337
1.63813
1.63696
1.63003
1.6193
1.60859
1.60258
1.60476
1.61535
1.63079
1.64546
1.65422
1.65433
1.64596
1.6319
1.6164
1.604
1.5985
1.60254
1.61734
1.64257
1.6764
1.71559
1.75595
1.79302
1.82289
1.84263
1.85049
1.84593
1.82966
1.80357
1.77059
1.73467
1.70048
1.67288
1.65587
1.65136
1.65835
1.67333
1.69161
1.70874
1.72118
1.72651
1.72327
1.71092
1.68996
1.662
1.62964
1.59593
1.56373
1.53528
1.51223
1.49597
1.4878
1.48901
1.50061
1.52282
1.55449
1.5927
1.63297
1.6704
1.7007
1.72077
1.72886
1.72461
1.70933
1.68632
1.66082
1.63839
1.62252
1.61318
1.60744
1.60158
1.59282
1.58019
1.5646
1.54851
1.53517
1.52752
1.5275
1.53567
1.55139
1.57311
1.59872
1.62596
1.65292
1.67836
1.70159
1.72234
1.74063
1.75674
1.77093
1.78268
1.79001
1.78977
1.77872
1.75513
1.72007
1.67785
1.63469
1.59568
1.56236
1.53422
1.51192
1.49845
1.49733
1.50981
1.53346
1.563
1.59242
1.61727
1.6359
1.64916
1.65884
1.66613
1.67104
1.67292
1.67092
1.6636
1.64904
1.62551
1.59296
1.55395
1.51382
1.47983
1.45938
1.45731
1.47371
1.50384
1.54041
1.5766
1.60778
1.63147
1.64656
1.65285
1.65113
1.64359
1.6337
1.62516
1.62039
1.61974
1.62189
1.62523
1.6287
1.63208
1.63576
1.64039
1.64653
1.65448
1.66418
1.67538
1.68786
1.70138
1.71554
1.72936
1.74125
1.74953
1.75307
1.75174
1.74638
1.73832
1.72887
1.71923
1.71067
1.70463
1.70206
1.70261
1.70476
1.7072
1.71007
1.71501
1.72353
1.73491
1.74604
1.75368
1.75671
1.75652
1.75588
1.75741
1.7624
1.77031
1.77927
1.78725
1.793
1.7958
1.79472
1.78816
1.77436
1.75243
1.72361
1.69186
1.66341
1.64466
1.63931
1.6466
1.66208
1.67998
1.69536
1.70513
1.70809
1.70463
1.69622
1.68501
1.67333
1.66317
1.65578
1.65156
1.65008
1.65046
1.65161
1.65257
1.65265
1.65166
1.64998
1.64824
1.64678
1.64554
1.64468
1.64556
1.6511
1.66392
1.68388
1.70742
1.72968
1.74692
1.75723
1.75988
1.75395
1.73768
1.70922
1.66896
1.62187
1.57785
1.54787
1.5375
1.5436
1.55782
1.57248
1.5837
1.59131
1.59738
1.60454
1.6146
1.62768
1.64225
1.65593
1.6665
1.67266
1.67408
1.67107
1.66412
1.65382
1.64138
1.62904
1.61933
1.61329
1.60976
1.60734
1.60704
1.61233
1.6263
1.64875
1.67558
1.70078
1.71882
1.72608
1.72114
1.70446
1.67771
1.6435
1.6054
1.56797
1.53612
1.51402
1.50419
1.50703
1.52118
1.54393
1.57153
1.59995
1.62605
1.64849
1.66746
1.68362
1.69717
1.70762
1.71412
1.71599
1.71283
1.70451
1.69121
1.67341
1.65203
1.62861
1.60534
1.58494
1.5703
1.56393
1.56728
1.58034
1.60135
1.62703
1.65303
1.67497
1.68967
1.69619
1.69616
1.69264
1.68821
1.68362
1.67829
1.67162
1.66409
1.65686
1.65069
1.64509
1.63843
1.62886
1.61559
1.5994
1.58201
1.56478
1.54807
1.53175
1.51633
1.50354
1.49621
1.49753
1.50994
1.53414
1.56828
1.6083
1.64927
1.68673
1.71753
1.73993
1.75342
1.75853
1.75677
1.75052
1.74239
1.73439
1.72753
1.72207
1.7182
1.71624
1.71627
1.71765
1.71887
1.71805
1.71366
1.70494
1.69217
1.67663
1.66001
1.64353
1.62755
1.61203
1.5972
1.58388
1.57334
1.56725
1.56751
1.57567
1.59186
1.61407
1.63874
1.66229
1.68243
1.69842
1.71038
1.71825
1.7215
1.71934
1.71116
1.69661
1.67571
1.64871
1.61658
1.58179
1.54936
1.52622
1.51751
1.52275
1.5368
1.55444
1.57285
1.59116
1.6092
1.62666
1.64279
1.65633
1.66591
1.67086
1.67182
1.6709
1.67066
1.67273
1.67677
1.68074
1.68203
1.67864
1.66993
1.65664
1.6405
1.62347
1.60717
1.59294
1.58213
1.57615
1.5762
1.58261
1.59461
1.61035
1.62724
1.64259
1.65416
1.66023
1.65946
1.65091
1.63446
1.61132
1.58422
1.55693
1.53336
1.51652
1.50774
1.50622
1.5097
1.51588
1.52383
1.53389
1.54663
1.56183
1.57848
1.59516
1.61041
1.62309
1.63264
1.63913
1.64314
1.64555
1.64714
1.64844
1.64978
1.65148
1.65396
1.65797
1.66445
1.67397
1.68584
1.69774
1.70639
1.70888
1.70419
1.69383
1.6816
1.67245
1.67035
1.67642
1.68826
1.70124
1.71074
1.71376
1.70941
1.69864
1.68375
1.66769
1.65312
1.64156
1.63312
1.62668
1.62029
1.61176
1.59953
1.58408
1.56846
1.55725
1.55395
1.55924
1.57159
1.58897
1.60955
1.63134
1.65214
1.67006
1.6842
1.69489
1.7034
1.71127
1.7197
1.72934
1.74016
1.75124
1.76064
1.76567
1.76372
1.75282
1.73204
1.70162
1.66318
1.61982
1.57626
1.53849
1.51266
1.50347
1.5124
1.53641
1.56811
1.59821
1.61917
1.62757
1.62384
1.61067
1.59137
1.56915
1.54732
1.52931
1.51824
1.51577
1.52137
1.53237
1.54498
1.55589
1.56384
1.57018
1.57729
1.58592
1.59436
1.60066
1.60506
1.60962
1.61607
1.62399
1.63101
1.6342
1.63176
1.62383
1.61236
1.60042
1.59117
1.58666
1.58683
1.58952
1.59187
1.59186
1.58901
1.58401
1.578
1.572
1.56697
1.56384
1.56364
1.56721
1.57462
1.58444
1.59358
1.59838
1.5963
1.587
1.57259
1.55669
1.54299
1.53396
1.53028
1.53084
1.53341
1.53559
1.53609
1.53559
1.53646
1.54138
1.55159
1.56585
1.58103
1.59382
1.60234
1.60651
1.6074
1.6061
1.6031
1.59867
1.59375
1.59041
1.59119
1.59744
1.60842
1.6217
1.63448
1.64458
1.65076
1.65267
1.6507
1.6459
1.63987
1.63433
1.63063
1.6295
1.6313
1.63631
1.64499
1.65778
1.67461
1.69426
1.71413
1.73101
1.74219
1.74651
1.74444
1.73751
1.72731
1.71486
1.7007
1.6853
1.66926
1.65331
1.63845
1.6261
1.61805
1.61525
1.61677
1.62005
1.62264
1.62371
1.62421
1.62577
1.62939
1.63453
1.63957
1.64314
1.64545
1.64849
1.65452
1.66419
1.67629
1.68889
1.70046
1.71003
1.71671
1.71936
1.71696
1.70921
1.6969
1.68144
1.66426
1.64684
1.6314
1.62069
1.61753
1.62381
1.63972
1.66307
1.68948
1.71353
1.73026
1.73631
1.73053
1.71426
1.69078
1.66433
1.63851
1.6152
1.5945
1.57554
1.55751
1.54034
1.52508
1.51354
1.5076
1.50831
1.5155
1.52795
1.54357
1.55974
1.57385
1.5838
1.58861
1.58868
1.58558
1.58152
1.57889
1.57974
1.58554
1.59698
1.61405
1.63606
1.66174
1.68942
1.71723
1.74341
1.76668
1.78626
1.80167
1.81244
1.81805
1.818
1.81186
1.79942
1.78094
1.75736
1.7301
1.70088
1.67149
1.64357
1.61862
1.59788
1.58217
1.5717
1.56607
1.56428
1.56497
1.56657
1.56763
1.56738
1.56614
1.56537
1.56702
1.5724
1.58143
1.59246
1.60291
1.61023
1.6126
1.6094
1.60116
1.58904
1.57434
1.55824
1.54198
1.52741
1.51692
1.51319
1.5182
1.53238
1.55427
1.58094
1.60884
1.63467
1.65614
1.67216
1.6827
1.68862
1.69184
1.69559
1.70372
1.71856
1.73879
1.75975
1.77588
1.78278
1.77821
1.76237
1.73838
1.712
1.68945
1.67372
1.66328
1.65493
1.64693
1.63952
1.6335
1.62909
1.6261
1.62461
1.62537
1.62941
1.63689
1.64625
1.65433
1.6576
1.65368
1.642
1.62382
1.60157
1.57771
1.55376
1.53015
1.50733
1.48714
1.47289
1.468
1.47442
1.49221
1.51996
1.55533
1.59503
1.63493
1.67037
1.69696
1.71129
1.71135
1.69685
1.66955
1.63352
1.59495
1.56121
1.53918
1.53363
1.54597
1.57375
1.61162
1.65303
1.69208
1.72452
1.74809
1.76202
1.76651
1.7622
1.75009
1.73212
1.71212
1.69602
1.68994
1.69658
1.71321
1.73371
1.75187
1.76319
1.76463
1.75418
1.73135
1.6993
1.66655
1.64308
1.63155
1.62542
1.61726
1.60508
1.59165
1.58127
1.5774
1.58166
1.5937
1.61175
1.63319
1.6552
1.67509
1.69071
1.70053
1.70376
1.70038
1.6912
1.67789
1.66249
1.64696
1.63287
1.62153
1.61414
1.61156
1.61392
1.62045
1.62966
1.63991
1.64988
1.65887
1.66673
1.67339
1.67849
1.68132
1.68109
1.67769
1.67249
1.66848
1.66911
1.67613
1.68846
1.70341
1.71856
1.73251
1.74468
1.75493
1.76333
1.77
1.77488
1.77756
1.7773
1.77292
1.76305
1.7466
1.72319
1.69356
1.65986
1.62534
1.59368
1.56788
1.54938
1.53795
1.53248
1.53228
1.53765
1.54978
1.56939
1.59505
1.62248
1.64565
1.65916
1.6602
1.64951
1.63105
1.61061
1.59348
1.58236
1.57689
1.57482
1.57376
1.57238
1.57079
1.57
1.57119
1.57506
1.58163
1.59024
1.59966
1.6085
1.61569
1.62062
1.62304
1.62304
1.62092
1.61701
1.61147
1.60445
1.59636
1.58789
1.57996
1.5739
1.57166
1.57517
1.58513
1.60053
1.61955
1.64052
1.66209
1.68251
1.69918
1.70893
1.70881
1.69721
1.67496
1.6464
1.61898
1.60012
1.59309
1.59681
1.60844
1.62506
1.64292
1.65731
1.66424
1.66228
1.6531
1.6407
1.63
1.62557
1.63089
1.6484
1.679
1.7203
1.76621
1.8095
1.84486
1.86992
1.8844
1.88894
1.88444
1.87179
1.85207
1.82672
1.79793
1.76856
1.74152
1.71873
1.7004
1.68492
1.66967
1.65193
1.62963
1.60161
1.56796
1.53031
1.49225
1.45942
1.43898
1.43741
1.45758
1.49667
1.54703
1.5995
1.64698
1.68589
1.71594
1.7388
1.75654
1.77048
1.78079
1.78687
1.78828
1.78523
1.77871
1.77004
1.76056
1.75157
1.74415
1.73874
1.73475
1.73068
1.72481
1.71606
1.70436
1.69083
1.67746
1.66681
1.66145
1.66299
1.67131
1.68435
1.69861
1.71027
1.71624
1.71477
1.70576
1.69076
1.6724
1.65372
1.63726
1.62453
1.61594
1.61118
1.60968
1.61094
1.61456
1.62008
1.62704
1.6348
1.64231
1.64791
1.64959
1.64586
1.63681
1.62464
1.6132
1.60675
1.60846
1.61961
1.63962
1.66657
1.69775
1.7299
1.75956
1.78367
1.80023
1.8092
1.81245
1.81297
1.81326
1.81426
1.81528
1.81458
1.81031
1.80129
1.78758
1.77055
1.75236
1.73458
1.7169
1.69695
1.67203
1.64187
1.61056
1.58547
1.5724
1.57078
1.57501
1.5806
1.58771
1.59871
1.6141
1.63189
1.64967
1.66598
1.68015
1.69174
1.70029
1.7055
1.70741
1.70656
1.70391
1.70099
1.69972
1.70204
1.70902
1.71996
1.73219
1.74166
1.74447
1.73812
1.72243
1.69958
1.67355
1.64911
1.63058
1.62103
1.62176
1.63244
1.65137
1.67585
1.70238
1.72683
1.745
1.7533
1.74947
1.73337
1.70726
1.67569
1.64499
1.62162
1.60999
1.61055
1.61985
1.63248
1.64343
1.64963
1.65024
1.64617
1.63917
1.63098
1.62304
1.61657
1.61271
1.61265
1.61717
1.6261
1.63797
1.65056
1.66185
1.67107
1.67869
1.68571
1.69257
1.69861
1.70226
1.7018
1.69609
1.68513
1.67026
1.65412
1.64001
1.63102
1.62858
1.63132
1.63535
1.63597
1.62973
1.61579
1.59595
1.57366
1.55219
1.53449
1.52498
1.52922
1.54942
1.58154
1.61824
1.65275
1.68035
1.69861
1.70778
1.71019
1.70898
1.70656
1.70384
1.70052
1.69594
1.68976
1.68224
1.67408
1.66641
1.66068
1.65841
1.66071
1.66768
1.67807
1.68943
1.69872
1.70325
1.70152
1.69349
1.68058
1.66545
1.65146
1.64216
1.64051
1.64831
1.66574
1.69132
1.72206
1.75411
1.78324
1.80554
1.81805
1.81915
1.80894
1.78925
1.76342
1.73571
1.71037
1.6908
1.67901
1.67566
1.68031
1.69176
1.70809
1.72665
1.74439
1.75848
1.76704
1.76936
1.76571
1.75664
1.74284
1.72514
1.70468
1.68333
1.66359
1.64813
1.63905
1.6373
1.64279
1.65482
1.6724
1.69441
1.71901
1.74335
1.76382
1.77665
1.77881
1.7688
1.74711
1.71626
1.68043
1.64494
1.61544
1.59672
1.59097
1.59686
1.61047
1.62739
1.64397
1.65746
1.66595
1.66902
1.66823
1.66649
1.66647
1.66942
1.67516
1.68321
1.69358
1.70629
1.72058
1.73433
1.74452
1.74814
1.74333
1.72987
1.70949
1.68564
1.66295
1.64605
1.63817
1.64038
1.65182
1.67039
1.69343
1.7179
1.74046
1.75779
1.76708
1.76654
1.75568
1.73525
1.70691
1.67292
1.63606
1.59997
1.56922
1.54853
1.54096
1.54639
1.56154
1.58179
1.60295
1.62231
1.6387
1.65225
1.66397
1.67452
1.68304
1.68692
1.68298
1.66918
1.64579
1.61567
1.58331
1.55325
1.52878
1.51187
1.50348
1.50354
1.51091
1.52388
1.5409
1.56064
1.58141
1.60054
1.61478
1.62132
1.61878
1.60743
1.58902
1.56642
1.54331
1.5237
1.51099
1.50731
1.5131
1.52729
1.5477
1.57148
1.59562
1.61751
1.6354
1.6485
1.65687
1.66092
1.66112
1.65804
1.65254
1.6462
1.64138
1.64067
1.64576
1.65605
1.66838
1.67818
1.68164
1.67744
1.66717
1.65468
1.64521
1.64413
1.65431
1.67342
1.69479
1.71186
1.72179
1.72593
1.72871
1.73567
1.7506
1.77273
1.79639
1.81376
1.81824
1.80625
1.77786
1.73677
1.68962
1.644
1.60565
1.57736
1.5599
1.55289
1.55461
1.56186
1.57052
1.57674
1.57779
1.57257
1.56158
1.54622
1.52775
1.5067
1.48341
1.4594
1.43814
1.4249
1.42531
1.44341
1.48026
1.53348
1.59755
1.66479
1.72712
1.77801
1.81361
1.83275
1.83635
1.82673
1.80712
1.78136
1.75348
1.72713
1.70491
1.68795
1.67616
1.66906
1.66617
1.66695
1.67015
1.67347
1.67392
1.66887
1.65705
1.63884
1.61583
1.5902
1.56438
1.54101
1.52306
1.51341
1.51371
1.52323
1.53884
1.55641
1.57291
1.58762
1.60187
1.61756
1.63571
1.65603
1.67741
1.69872
1.71903
1.73749
1.75312
1.76484
1.77157
1.77231
1.76627
1.75317
1.73344
1.70845
1.68055
1.65281
1.62821
1.60815
1.59131
1.57461
1.55591
1.53552
1.51583
1.49993
1.49056
1.48949
1.4969
1.5107
1.52717
1.54312
1.55808
1.57377
1.59068
1.60646
1.61799
1.62415
1.62619
1.62634
1.62639
1.62729
1.62919
1.63164
1.63361
1.63355
1.62989
1.62178
1.60989
1.59667
1.58588
1.58151
1.58651
1.60133
1.62361
1.64895
1.67254
1.69063
1.70139
1.70503
1.70324
1.69847
1.6932
1.68938
1.68816
1.6899
1.69425
1.70029
1.70692
1.71347
1.72023
1.72841
1.73921
1.75265
1.76721
1.78046
1.79004
1.79426
1.79223
1.78381
1.76952
1.75055
1.72893
1.70744
1.68955
1.6786
1.67664
1.68362
1.69748
1.71486
1.73203
1.74548
1.75246
1.75125
1.74132
1.72339
1.6994
1.67236
1.64571
1.62267
1.60573
1.59673
1.59706
1.6075
1.62751
1.65483
1.68566
1.71546
1.74006
1.75638
1.76261
1.75823
1.7439
1.72131
1.69306
1.66248
1.6336
1.61075
1.59792
1.59761
1.60998
1.63258
1.66111
1.69041
1.71564
1.73331
1.74185
1.74181
1.73569
1.727
1.71866
1.71189
1.70609
1.69964
1.69112
1.68009
1.6671
1.65369
1.64162
1.63212
1.62559
1.62194
1.62119
1.62353
1.62922
1.63835
1.65088
1.6666
1.685
1.70501
1.72493
1.74252
1.75551
1.76226
1.76201
1.75521
1.74344
1.72931
1.71626
1.70796
1.70693
1.71313
1.72357
1.73347
1.73794
1.73299
1.7165
1.68922
1.65543
1.62231
1.59774
1.58741
1.59324
1.61349
1.64387
1.67897
1.7136
1.74388
1.76761
1.78417
1.79399
1.79812
1.79783
1.79441
1.78888
1.78203
1.77424
1.7655
1.75528
1.74267
1.72673
1.70695
1.68364
1.65812
1.63282
1.61118
1.59711
1.59374
1.60186
1.61936
1.64184
1.66442
1.68314
1.69552
1.70032
1.69733
1.68743
1.67273
1.65647
1.64224
1.63218
1.62553
1.6189
1.60857
1.59279
1.57256
1.55085
1.53082
1.5144
1.50165
1.49246
1.49051
1.50613
1.54893
1.61403
1.68371
1.74265
1.78479
1.81006
1.82014
1.81664
1.80099
1.77508
1.74194
1.70557
1.67023
1.63957
1.61626
1.60235
1.59917
1.60678
1.6235
1.64604
1.67051
1.6935
1.71274
1.72704
1.7358
1.73851
1.73457
1.72352
1.70568
1.68267
1.6574
1.63326
1.61316
1.59907
1.59186
1.59087
1.59397
1.59862
1.60354
1.60931
1.61704
1.62674
1.63669
1.64446
1.64854
1.64927
1.64877
1.65002
1.6559
1.66833
1.6878
1.71282
1.74014
1.76559
1.78546
1.79719
1.79942
1.79176
1.77491
1.75096
1.72328
1.69583
1.67209
1.65412
1.64231
1.63579
1.63315
1.63331
1.63589
1.64094
1.64832
1.65713
1.66592
1.67324
1.6782
1.68065
1.68102
1.68018
1.6794
1.6802
1.68383
1.69075
1.70024
1.7106
1.71993
1.72677
1.73079
1.73274
1.73437
1.73811
1.74629
1.76016
1.77904
1.80029
1.82026
1.83553
1.84383
1.84461
1.8387
1.82754
1.81242
1.79426
1.77378
1.752
1.73042
1.71085
1.6948
1.68298
1.67536
1.67156
1.67129
1.67423
1.67974
1.68668
1.6936
1.69925
1.70303
1.70506
1.706
1.70658
1.70733
1.70832
1.70929
1.70994
1.71011
1.70995
1.70972
1.7096
1.70949
1.70907
1.70805
1.7064
1.70434
1.70204
1.69916
1.69478
1.6879
1.67832
1.66762
1.65914
1.65673
1.66285
1.67732
1.69762
1.72039
1.74246
1.76129
1.77502
1.78264
1.78415
1.78061
1.77403
1.76697
1.76192
1.76071
1.76394
1.77081
1.7793
1.78649
1.78911
1.78432
1.77069
1.74883
1.72115
1.69065
1.66009
1.632
1.60915
1.59388
1.587
1.5869
1.59021
1.59305
1.59246
1.58699
1.57715
1.56549
1.55621
1.55411
1.56281
1.58325
1.61336
1.64883
1.68464
1.71624
1.74021
1.75457
1.75879
1.75366
1.74083
1.72224
1.69953
1.67397
1.6466
1.61834
1.5902
1.56323
1.53871
1.51816
1.50328
1.49545
1.49514
1.50162
1.5131
1.52755
1.54347
1.56018
1.57721
1.59346
1.6072
1.61694
1.62225
1.6241
1.62426
1.62441
1.62551
1.6278
1.63118
1.63545
1.64042
1.64583
1.65142
1.65685
1.66161
1.66498
1.66643
1.66592
1.66395
1.66144
1.6592
1.65781
1.65772
1.65955
1.664
1.67129
1.6804
1.68898
1.69436
1.69514
1.69226
1.68834
1.68598
1.68613
1.68769
1.68817
1.68513
1.67707
1.66375
1.64589
1.62476
1.60201
1.57961
1.55997
1.54559
1.5384
1.5389
1.54572
1.55623
1.56758
1.57763
1.58529
1.59055
1.59413
1.59718
1.60082
1.60562
1.61138
1.61734
1.62272
1.62721
1.63111
1.63521
1.64014
1.64588
1.65148
1.6553
1.65566
1.6515
1.64273
1.63027
1.61576
1.60141
1.59002
1.58451
1.58724
1.59934
1.62048
1.64901
1.68242
1.71777
1.75209
1.78256
1.80673
1.82285
1.83003
1.82797
1.8168
1.79689
1.76904
1.73482
1.69666
1.65782
1.62194
1.59241
1.57195
1.56232
1.56411
1.57636
1.59642
1.62037
1.64383
1.66309
1.67602
1.68251
1.68422
1.68364
1.68309
1.68429
1.68821
1.69499
1.70384
1.71322
1.72131
1.72663
1.72829
1.72608
1.72038
1.71215
1.70279
1.69369
1.68562
1.67869
1.67276
1.66812
1.66574
1.66681
1.6718
1.67989
1.68919
1.69748
1.703
1.70468
1.70213
1.69541
1.685
1.67183
1.65728
1.64299
1.63045
1.6205
1.61327
1.60845
1.60556
1.60405
1.60303
1.60113
1.59666
1.58816
1.57497
1.55754
1.53727
1.51631
1.4972
1.48246
1.47416
1.47348
1.4805
1.4941
1.51246
1.53353
1.55562
1.57755
1.59842
1.61741
1.63353
1.64571
1.65307
1.65527
1.65273
1.64659
1.6384
1.62982
1.62238
1.6175
1.61629
1.61925
1.6259
1.63501
1.6454
1.6569
1.67064
1.68812
1.70997
1.73514
1.76127
1.78551
1.80538
1.81914
1.8258
1.82498
1.81688
1.80253
1.78427
1.76568
1.75025
1.73901
1.73018
1.72131
1.71169
1.7025
1.69512
1.68968
1.68484
1.67865
1.66958
1.65722
1.64226
1.62604
1.60995
1.59507
1.5822
1.572
1.56512
1.56235
1.5645
1.57178
1.58336
1.59727
1.61133
1.6242
1.63555
1.64549
1.65367
1.6591
1.66069
1.65807
1.65193
1.64395
1.63606
1.63017
1.62831
1.63275
1.64544
1.66681
1.69506
1.72642
1.75653
1.78145
1.79843
1.80601
1.80396
1.79296
1.77441
1.75041
1.72367
1.69726
1.67417
1.65689
1.64707
1.64538
1.65154
1.66461
1.68306
1.70468
1.7266
1.74575
1.75956
1.7666
1.76683
1.7615
1.7526
1.74197
1.73071
1.71906
1.70693
1.69467
1.68347
1.6748
1.66973
1.66819
1.66902
1.67054
1.67128
1.67067
1.66958
1.6701
1.6742
1.68184
1.69024
1.69549
1.69506
1.68926
1.68109
1.67457
1.67304
1.67789
1.68826
1.7016
1.7146
1.72411
1.72781
1.72459
1.71454
1.69899
1.6804
1.66237
1.64917
1.64459
1.65051
1.66607
1.68783
1.71114
1.73159
1.74603
1.753
1.75274
1.74671
1.73713
1.72636
1.71634
1.70822
1.70203
1.69686
1.69136
1.68432
1.67502
1.66315
1.64863
1.63156
1.61242
1.59243
1.57351
1.55783
1.54702
1.54137
1.53968
1.53948
1.53789
1.53272
1.52319
1.51047
1.49743
1.48779
1.48477
1.4898
1.50245
1.52107
1.5435
1.56735
1.59028
1.61057
1.62754
1.6414
1.65247
1.66052
1.66488
1.66531
1.66261
1.65849
1.65454
1.6514
1.64866
1.64562
1.64214
1.63897
1.6374
1.63845
1.64214
1.64745
1.65299
1.65753
1.6603
1.66093
1.65929
1.65573
1.65155
1.64906
1.65082
1.65773
1.66798
1.67807
1.68485
1.68679
1.68419
1.6787
1.67262
1.6683
1.66738
1.67021
1.67568
1.68156
1.68538
1.68508
1.67927
1.66717
1.64878
1.62542
1.60026
1.57823
1.5646
1.56285
1.57308
1.59225
1.61602
1.64046
1.66265
1.6804
1.69201
1.69663
1.69481
1.68843
1.67994
1.67112
1.66236
1.6528
1.64123
1.62703
1.61046
1.59285
1.57675
1.56633
1.56738
1.58512
1.62015
1.66654
1.71493
1.75732
1.7892
1.80927
1.81836
1.81828
1.81098
1.79806
1.78048
1.75893
1.73444
1.70907
1.68573
1.66727
1.65495
1.64795
1.6445
1.64335
1.64419
1.64694
1.65085
1.65459
1.65712
1.65838
1.6593
1.66115
1.66443
1.66847
1.67156
1.67173
1.6675
1.65854
1.64583
1.63151
1.61842
1.60949
1.60705
1.61235
1.62532
1.64461
1.66758
1.69071
1.71037
1.72388
1.73042
1.7311
1.7282
1.72397
1.71961
1.71537
1.71114
1.7067
1.70153
1.69472
1.68521
1.67229
1.65611
1.63763
1.6185
1.60118
1.58905
1.58525
1.59012
1.59995
1.60927
1.61457
1.61586
1.61551
1.61573
1.61688
1.6174
1.61529
1.61013
1.60437
1.60184
1.60395
1.60836
1.61177
1.61305
1.61356
1.61579
1.62187
1.63295
1.64887
1.66836
1.68949
1.71004
1.72747
1.73883
1.74123
1.73284
1.7138
1.68638
1.65488
1.62504
1.60292
1.59311
1.59702
1.61228
1.63401
1.65659
1.67519
1.68681
1.69061
1.68781
1.68101
1.67323
1.66697
1.66385
1.66455
1.66912
1.67731
1.68872
1.7028
1.71869
1.73495
1.74925
1.75849
1.75955
1.75073
1.73287
1.70944
1.6853
1.66513
1.65214
1.64742
1.64976
1.65635
1.66403
1.67032
1.67393
1.67441
1.67196
1.66743
1.66264
1.66097
1.66707
1.68544
1.71648
1.75384
1.78684
1.80611
1.80653
1.78684
1.74876
1.69734
1.64133
1.5916
1.55699
1.54099
1.542
1.55582
1.57781
1.6038
1.63026
1.65459
1.67533
1.69216
1.70558
1.71652
1.72584
1.73372
1.73983
1.74447
1.74976
1.75879
1.77239
1.78722
1.79771
1.79964
1.79177
1.7752
1.75209
1.7248
1.69561
1.66713
1.64226
1.62381
1.61349
1.61108
1.61445
1.62046
1.62632
1.63035
1.63227
1.63284
1.63306
1.63335
1.63317
1.63156
1.62844
1.62573
1.62761
1.6389
1.66197
1.69439
1.7298
1.76145
1.78502
1.79923
1.80441
1.80113
1.78981
1.7711
1.74661
1.71923
1.693
1.67221
1.6602
1.65836
1.6656
1.67859
1.69268
1.70325
1.70726
1.70416
1.69616
1.68725
1.68161
1.68179
1.68767
1.69663
1.7048
1.70876
1.70702
1.70055
1.69225
1.68535
1.68154
1.68015
1.67901
1.67614
1.67096
1.66446
1.65852
1.65489
1.65451
1.65718
1.66174
1.66667
1.67073
1.67344
1.6752
1.67694
1.67936
1.68272
1.68719
1.69308
1.70024
1.70741
1.71257
1.71439
1.71316
1.71064
1.70932
1.71134
1.71756
1.72707
1.7375
1.74606
1.75041
1.74928
1.74251
1.73096
1.71625
1.70051
1.68577
1.67339
1.66372
1.65611
1.64938
1.64242
1.63454
1.62547
1.61516
1.60372
1.59151
1.5795
1.56953
1.56415
1.56603
1.5769
1.59684
1.62413
1.65561
1.68754
1.71643
1.73996
1.75751
1.77013
1.78007
1.78961
1.79974
1.80917
1.81452
1.81148
1.79673
1.76964
1.73335
1.69409
1.65872
1.63164
1.6138
1.60424
1.60236
1.60856
1.62307
1.64446
1.66937
1.69352
1.71314
1.72613
1.73244
1.73354
1.73128
1.72703
1.72156
1.7155
1.70979
1.70544
1.70296
1.70197
1.70119
1.69924
1.69588
1.69295
1.69379
1.70014
1.70972
1.71795
1.72199
1.72246
1.72172
1.72128
1.72071
1.71875
1.7151
1.71103
1.7081
1.70624
1.7034
1.69706
1.68619
1.67192
1.65701
1.64461
1.63691
1.63425
1.63522
1.63782
1.64112
1.64564
1.65239
1.66128
1.67094
1.67973
1.68686
1.69263
1.69787
1.70336
1.70978
1.71758
1.72621
1.7334
1.73616
1.73261
1.72259
1.7067
1.6854
1.6593
1.63077
1.60474
1.58696
1.58003
1.58177
1.58772
1.59486
1.60285
1.61258
1.62429
1.63679
1.64769
1.65394
1.65284
1.64313
1.62591
1.60433
1.5825
1.56374
1.54969
1.54042
1.53553
1.53479
1.53833
1.5461
1.55725
1.56978
1.58081
1.58739
1.5875
1.58095
1.56988
1.55883
1.55356
1.5588
1.57625
1.6043
1.63947
1.67803
1.71655
1.75152
1.7794
1.79729
1.80388
1.79997
1.78846
1.77371
1.76043
1.75223
1.75028
1.75284
1.75591
1.75491
1.74641
1.72946
1.70582
1.67921
1.65412
1.63426
1.62156
1.61586
1.61541
1.61764
1.61992
1.62005
1.61681
1.61014
1.60127
1.59258
1.58707
1.58747
1.59502
1.60867
1.62514
1.63979
1.64819
1.64748
1.63744
1.62103
1.60387
1.59186
1.58725
1.58736
1.58811
1.58794
1.58815
1.59054
1.59547
1.60198
1.60947
1.61898
1.63251
1.65081
1.67198
1.69227
1.70802
1.71709
1.71894
1.71415
1.70368
1.68855
1.66974
1.64853
1.62673
1.60655
1.58983
1.57738
1.56923
1.56543
1.56664
1.57378
1.58714
1.60582
1.62763
1.64975
1.66958
1.68537
1.69656
1.70345
1.70669
1.7068
1.70403
1.69845
1.69012
1.6793
1.66654
1.65318
1.64138
1.63363
1.6315
1.63473
1.64164
1.65066
1.66173
1.67616
1.69493
1.71712
1.73973
1.75888
1.77113
1.77428
1.76761
1.7516
1.7275
1.69687
1.6613
1.62262
1.58305
1.54544
1.51331
1.49069
1.48117
1.48649
1.50547
1.53443
1.56874
1.60433
1.63839
1.66933
1.69632
1.71892
1.73679
1.74973
1.75767
1.76068
1.75857
1.75077
1.73628
1.71409
1.68386
1.64684
1.60649
1.56833
1.53874
1.52322
1.52472
1.54291
1.57442
1.61389
1.65536
1.69357
1.72472
1.74676
1.75917
1.76271
1.75914
1.75081
1.74011
1.72898
1.71855
1.70921
1.70104
1.69426
1.68951
1.68763
1.68916
1.69386
1.70064
1.7078
1.71337
1.71562
1.7137
1.70819
1.70146
1.69703
1.69807
1.70543
1.71695
1.72829
1.73463
1.73228
1.71943
1.69647
1.666
1.63288
1.60349
1.5839
1.57764
1.58443
1.60066
1.62125
1.64129
1.65695
1.66568
1.66632
1.65917
1.64606
1.63012
1.61497
1.6037
1.59795
1.59772
1.6016
1.60753
1.61356
1.61842
1.62187
1.62466
1.62837
1.63481
1.64541
1.66061
1.67951
1.70016
1.72013
1.73708
1.74898
1.75445
1.75325
1.74629
1.735
1.72072
1.70461
1.68811
1.67316
1.66178
1.65539
1.65461
1.65937
1.66893
1.682
1.69679
1.71118
1.72318
1.73172
1.73701
1.74017
1.74246
1.74445
1.74583
1.74573
1.74322
1.73773
1.72911
1.71753
1.70309
1.68585
1.66626
1.64579
1.62699
1.61242
1.60338
1.59969
1.6005
1.60492
1.61222
1.62163
1.63222
1.64299
1.65293
1.66117
1.66707
1.67035
1.67114
1.67016
1.66867
1.66837
1.67113
1.67849
1.69118
1.70876
1.72948
1.75069
1.7694
1.7827
1.78834
1.78521
1.77363
1.75547
1.73373
1.7114
1.69037
1.67118
1.65358
1.63774
1.62472
1.61623
1.61336
1.61577
1.62205
1.63077
1.64139
1.65421
1.67024
1.69102
1.71808
1.75173
1.79009
1.82916
1.86387
1.88976
1.904
1.90589
1.89691
1.88002
1.85868
1.83549
1.81148
1.78623
1.75865
1.72802
1.69443
1.65898
1.6238
1.59221
1.56862
1.55736
1.5607
1.5773
1.60271
1.63155
1.65929
1.68292
1.7006
1.71119
1.71424
1.71032
1.70156
1.69126
1.68271
1.67793
1.67737
1.68049
1.68649
1.6944
1.70289
1.71033
1.71521
1.7167
1.71484
1.71013
1.70316
1.69428
1.68352
1.67082
1.65628
1.64046
1.62449
1.60968
1.59712
1.58733
1.58043
1.57648
1.57589
1.57948
1.5881
1.60221
1.62118
1.64289
1.66408
1.6814
1.69252
1.69663
1.69426
1.6869
1.67682
1.66675
1.65938
1.65652
1.65835
1.66336
1.66889
1.6722
1.67151
1.66652
1.65832
1.64874
1.6396
1.63185
1.62536
1.61912
1.61213
1.60453
1.59839
1.59749
1.60527
1.62225
1.64494
1.66776
1.68635
1.69922
1.70724
1.71177
1.71328
1.71093
1.7035
1.69047
1.6726
1.65173
1.62975
1.60802
1.58732
1.56885
1.55489
1.54824
1.55074
1.56193
1.57881
1.59719
1.61334
1.62521
1.63282
1.63786
1.6426
1.64875
1.65681
1.66609
1.67536
1.68349
1.68983
1.6941
1.69638
1.69708
1.69714
1.69816
1.70217
1.71069
1.72373
1.73943
1.75458
1.76562
1.76949
1.76422
1.74963
1.72797
1.70422
1.68522
1.67718
1.68304
1.70104
1.72589
1.75135
1.77247
1.78644
1.79245
1.79121
1.78465
1.77554
1.76659
1.75951
1.75434
1.75002
1.74531
1.73907
1.73039
1.71898
1.70548
1.69096
1.6758
1.65899
1.63881
1.61468
1.58851
1.56461
1.548
1.54206
1.54696
1.55993
1.57739
1.59722
1.61921
1.64345
1.66881
1.69296
1.71353
1.72912
1.7394
1.74475
1.7457
1.74268
1.73615
1.72665
1.71477
1.7009
1.68524
1.66832
1.65135
1.63625
1.62489
1.61835
1.61635
1.61743
1.61972
1.62168
1.62275
1.62332
1.62435
1.62692
1.63211
1.64072
1.65291
1.66768
1.68307
1.69689
1.70761
1.71477
1.71887
1.72101
1.7225
1.72435
1.72699
1.73005
1.73254
1.73321
1.73108
1.72588
1.71811
1.70868
1.69838
1.68751
1.67593
1.66337
1.64975
1.6355
1.62197
1.61146
1.60637
1.6081
1.61658
1.63046
1.64748
1.6645
1.67824
1.68593
1.68626
1.67989
1.66922
1.65728
1.646
1.63575
1.62676
1.6208
1.62106
1.63006
1.64733
1.66905
1.68963
1.70392
1.70863
1.70259
1.68657
1.66281
1.63465
1.60645
1.58321
1.56952
1.56796
1.57784
1.59506
1.61374
1.62836
1.63525
1.63272
1.6203
1.59842
1.56843
1.53297
1.49548
1.45947
1.42792
1.40354
1.38906
1.38679
1.3978
1.42143
1.45536
1.49595
1.53884
1.57968
1.61516
1.64384
1.66644
1.68507
1.70187
1.71781
1.73263
1.74548
1.75556
1.76246
1.76621
1.7675
1.76775
1.76875
1.77162
1.77551
1.77767
1.77481
1.76501
1.74876
1.72872
1.70864
1.69184
1.6799
1.67222
1.66664
1.6606
1.652
1.63968
1.62365
1.60519
1.58671
1.57125
1.56176
1.56012
1.5666
1.57991
1.59785
1.61818
1.63933
1.66053
1.68136
1.70087
1.7175
1.72965
1.7367
1.73945
1.73957
1.73855
1.73678
1.73361
1.72805
1.71975
1.70914
1.69699
1.68399
1.67079
1.65852
1.64899
1.64392
1.64375
1.64722
1.65189
1.65512
1.65476
1.64954
1.63918
1.62463
1.60818
1.59329
1.58382
1.58262
1.59
1.60344
1.61902
1.63392
1.64761
1.66051
1.67215
1.68098
1.68575
1.6863
1.68325
1.67772
1.67109
1.66467
1.65934
1.6553
1.6523
1.65001
1.64831
1.64738
1.64748
1.64875
1.65128
1.65541
1.66191
1.67175
1.68539
1.70208
1.71961
1.73502
1.74574
1.75036
1.74886
1.74242
1.73275
1.72112
1.70799
1.69357
1.67863
1.66459
1.65302
1.64511
1.64162
1.64301
1.64938
1.66024
1.67459
1.69122
1.709
1.72704
1.74441
1.75991
1.77217
1.78
1.78268
1.78001
1.77218
1.75958
1.74291
1.72319
1.7018
1.68035
1.66029
1.64294
1.62984
1.62222
1.62009
1.62156
1.62362
1.62389
1.62175
1.61829
1.61545
1.61508
1.6182
1.62504
1.63548
1.64955
1.66741
1.68874
1.71224
1.73576
1.75666
1.77236
1.78076
1.78079
1.77279
1.75849
1.74049
1.72133
1.7028
1.68571
1.67009
1.65581
1.64321
1.63339
1.62784
1.62763
1.63278
1.64211
1.65363
1.66487
1.67315
1.6757
1.67005
1.65459
1.62929
1.59615
1.55905
1.52313
1.49363
1.47446
1.46731
1.47135
1.48406
1.50258
1.52478
1.5496
1.57654
1.605
1.63372
1.66056
1.68257
1.69659
1.70006
1.69183
1.67287
1.64664
1.61884
1.59608
1.58349
1.58337
1.59536
1.61781
1.64867
1.68532
1.72434
1.76169
1.79347
1.81663
1.82951
1.83196
1.8252
1.81145
1.79345
1.77408
1.75601
1.74138
1.73142
1.72641
1.72589
1.7289
1.73413
1.74
1.74463
1.74602
1.74251
1.73322
1.71845
1.69968
1.6792
1.65947
1.64246
1.62901
1.61869
1.61007
1.60148
1.59177
1.5808
1.56947
1.5594
1.55267
1.55156
1.55821
1.57391
1.59811
1.62799
1.65897
1.68625
1.70622
1.71701
1.71836
1.71156
1.69938
1.68585
1.67525
1.67055
1.67235
1.67893
1.68742
1.69532
1.70113
1.7042
1.70391
1.69929
1.68921
1.67317
1.65195
1.62782
1.60453
1.58649
1.57723
1.57793
1.58685
1.60056
1.61601
1.63176
1.64767
1.66375
1.67942
1.69343
1.70441
1.71138
1.71389
1.71173
1.70452
1.6917
1.67304
1.64919
1.62218
1.59534
1.57264
1.5575
1.55169
1.55488
1.56485
1.57832
1.59219
1.60459
1.61535
1.62559
1.63692
1.65041
1.66605
1.68267
1.69857
1.71213
1.72232
1.72877
1.73182
1.73223
1.73084
1.72828
1.72484
1.7203
1.71411
1.70565
1.69458
1.68109
1.66611
1.65141
1.6392
1.63181
1.63084
1.63669
1.64839
1.66405
1.68157
1.69902
1.71459
1.72631
1.73226
1.73132
1.72438
1.71454
1.7054
1.69841
1.69172
1.68232
1.66874
1.65187
1.63396
1.61722
1.60309
1.59244
1.58602
1.58491
1.59035
1.60298
1.62179
1.64382
1.66508
1.68196
1.69223
1.69543
1.69245
1.68479
1.67382
1.66038
1.64498
1.6284
1.61252
1.60097
1.59881
1.61008
1.63434
1.66585
1.6969
1.72168
1.73743
1.74344
1.73975
1.7268
1.70566
1.67861
1.64926
1.62195
1.60057
1.58731
1.58225
1.58367
1.5889
1.59519
1.6005
1.60384
1.60512
1.60473
1.60318
1.60108
1.59933
1.59956
1.60414
1.6155
1.63434
1.65805
1.68122
1.69782
1.70385
1.69903
1.6876
1.67743
1.67615
1.68626
1.70388
1.72267
1.73819
1.74933
1.75712
1.76327
1.76919
1.77556
1.78221
1.78819
1.79199
1.79187
1.78623
1.77384
1.75426
1.72794
1.69636
1.66201
1.62806
1.59746
1.57236
1.55422
1.54457
1.54457
1.55389
1.57012
1.58981
1.61029
1.63062
1.65126
1.67278
1.6945
1.71419
1.72878
1.73581
1.73455
1.7266
1.71567
1.70657
1.70352
1.70845
1.72038
1.73633
1.75319
1.76928
1.78455
1.79956
1.81414
1.8265
1.83408
1.83506
1.82956
1.81966
1.80817
1.79704
1.78688
1.77758
1.76896
1.76059
1.75135
1.73994
1.72559
1.70883
1.69152
1.67661
1.66695
1.66389
1.66631
1.67124
1.67552
1.67735
1.67685
1.67565
1.67586
1.67887
1.68462
1.69187
1.699
1.70457
1.70734
1.70617
1.70041
1.69051
1.67797
1.66451
1.65093
1.6364
1.61912
1.5978
1.57317
1.54839
1.52762
1.51349
1.50613
1.50433
1.5066
1.51085
1.51448
1.51588
1.51611
1.51872
1.52764
1.54473
1.56865
1.59556
1.62083
1.64053
1.65255
1.65716
1.65668
1.65406
1.6511
1.64754
1.64175
1.63245
1.62046
1.6091
1.60326
1.60713
1.62185
1.6448
1.67109
1.69561
1.71448
1.72547
1.72767
1.721
1.70607
1.68414
1.65738
1.62876
1.60166
1.57921
1.56389
1.55741
1.56037
1.57201
1.59025
1.61221
1.63513
1.65686
1.67614
1.69254
1.70619
1.71759
1.72767
1.7381
1.75133
1.76952
1.79228
1.81516
1.83127
1.83477
1.82345
1.79937
1.76813
1.737
1.71223
1.69678
1.69032
1.69053
1.6945
1.69981
1.70512
1.71021
1.7155
1.72111
1.72648
1.73076
1.7336
1.73548
1.73736
1.73993
1.74321
1.74678
1.75024
1.75352
1.75666
1.75944
1.76118
1.76097
1.75801
1.75196
1.74293
1.7314
1.71788
1.70258
1.68573
1.66811
1.65151
1.63834
1.63056
1.62884
1.63247
1.64045
1.65231
1.66775
1.68521
1.70142
1.71272
1.7169
1.71416
1.70676
1.69776
1.68969
1.68393
1.68073
1.67957
1.67978
1.68083
1.68233
1.68375
1.68421
1.68267
1.6785
1.67165
1.66224
1.65021
1.63546
1.61838
1.5998
1.58056
1.56095
1.54074
1.52
1.50008
1.48409
1.47629
1.47999
1.49537
1.51923
1.54672
1.57325
1.59546
1.61121
1.61946
1.62008
1.61377
1.60181
1.5858
1.56742
1.54833
1.52991
1.51317
1.49874
1.48706
1.47838
1.47247
1.46835
1.46475
1.46115
1.45857
1.45905
1.46395
1.47274
1.48345
1.49427
1.50481
1.51621
1.53034
1.54867
1.57147
1.59774
1.62539
1.65171
1.67378
1.68901
1.69577
1.69398
1.68537
1.67347
1.66278
1.6575
1.6601
1.67057
1.68654
1.70411
1.71894
1.72706
1.72521
1.71082
1.68227
1.64014
1.58932
1.54007
1.5045
1.48904
1.49088
1.50228
1.51576
1.52575
1.5288
1.52483
1.51767
1.51322
1.51557
1.52451
1.53644
1.54699
1.55292
1.55279
1.54702
1.53773
1.52832
1.52257
1.52353
1.533
1.55143
1.57795
1.61052
1.64603
1.68068
1.7105
1.73212
1.74339
1.74382
1.73479
1.71938
1.70148
1.68465
1.67123
1.66232
1.65836
1.65935
1.66448
1.67188
1.67908
1.68389
1.68523
1.68361
1.68101
1.68001
1.68224
1.68711
1.6918
1.69265
1.68711
1.67532
1.66059
1.64821
1.64192
1.64105
1.64162
1.64003
1.63535
1.6293
1.62524
1.62668
1.63557
1.65089
1.66878
1.68434
1.69359
1.69468
1.68801
1.67573
1.66092
1.64698
1.6369
1.63256
1.63425
1.64089
1.65102
1.66356
1.67792
1.69339
1.70871
1.72235
1.73303
1.74032
1.74467
1.74716
1.7491
1.75144
1.75424
1.75636
1.75555
1.74938
1.73649
1.71786
1.69754
1.68189
1.67725
1.68674
1.70851
1.7364
1.76274
1.78097
1.78718
1.7803
1.76179
1.73509
1.70492
1.67611
1.65246
1.63601
1.62708
1.62496
1.6287
1.63737
1.64966
1.66324
1.67511
1.68273
1.6853
1.68389
1.68036
1.67628
1.67278
1.67117
1.67312
1.68008
1.69259
1.70981
1.72985
1.75028
1.76874
1.78334
1.79271
1.79608
1.79328
1.78451
1.77002
1.74981
1.72371
1.6921
1.65683
1.62148
1.59048
1.56726
1.55296
1.54672
1.54744
1.55477
1.56861
1.58772
1.60887
1.62746
1.63963
1.644
1.64177
1.63547
1.6284
1.6246
1.62713
1.63529
1.64493
1.65154
1.65256
1.64749
1.63702
1.62245
1.60512
1.5863
1.56746
1.55059
1.53798
1.53148
1.53166
1.53773
1.54809
1.56114
1.5757
1.59101
1.6065
1.62152
1.63512
1.64596
1.65268
1.65441
1.65134
1.64513
1.63883
1.63636
1.64145
1.65645
1.68114
1.71233
1.74462
1.7721
1.79016
1.79631
1.79028
1.77349
1.74859
1.71886
1.68779
1.6587
1.63441
1.61711
1.60839
1.60912
1.61907
1.63635
1.65768
1.67929
1.69809
1.71211
1.72036
1.72246
1.71845
1.70861
1.69366
1.67499
1.65471
1.63554
1.62052
1.61283
1.61558
1.63121
1.6601
1.69972
1.74508
1.79032
1.83024
1.86122
1.88127
1.88957
1.88624
1.87221
1.84936
1.82057
1.78931
1.75909
1.7334
1.71571
1.70871
1.71261
1.72467
1.74121
1.75965
1.77811
1.79399
1.80372
1.80385
1.79256
1.77047
1.7409
1.7091
1.6808
1.66068
1.65129
1.65303
1.6645
1.68322
1.70606
1.72968
1.75103
1.76777
1.77865
1.78348
1.78249
1.77558
