1.99844
1.99302
1.98334
1.96867
1.94795
1.91971
1.88211
1.8331
1.77081
1.69405
1.60304
1.50042
1.39187
1.28574
1.19138
1.11658
1.06553
1.03829
1.03166
1.04059
1.05955
1.08327
1.1074
1.12874
1.14539
1.15678
1.16349
1.16691
1.16868
1.17005
1.17147
1.17248
1.17191
1.16821
1.15994
1.14631
1.12787
1.1066
1.08538
1.06685
1.05243
1.04218
1.03554
1.03223
1.03252
1.03685
1.0452
1.05668
1.06964
1.08207
1.09209
1.09826
1.09977
1.09653
1.08927
1.07967
1.06996
1.06214
1.05722
1.05513
1.05534
1.05734
1.06079
1.06531
1.07026
1.07464
1.07742
1.07802
1.07685
1.07532
1.07526
1.07807
1.08405
1.0923
1.10124
1.10926
1.11543
1.11984
1.12333
1.12663
1.12954
1.13085
1.12942
1.12518
1.11932
1.11355
1.10921
1.10691
1.10681
1.10881
1.11249
1.11717
1.12185
1.12541
1.12681
1.12526
1.12039
1.11228
1.10151
1.08898
1.07556
1.06185
1.04819
1.03515
1.02397
1.01637
1.01379
1.01674
1.02478
1.03706
1.05228
1.06852
1.08329
1.09437
1.10041
1.10123
1.09757
1.09071
1.08218
1.07348
1.06566
1.05907
1.05339
1.04809
1.04312
1.03936
1.03825
1.04107
1.04853
1.06069
1.0771
1.09666
1.11764
1.1378
1.15494
1.16748
1.17483
1.17759
1.17749
1.17679
1.1771
1.17835
1.1788
1.17619
1.16922
1.15849
1.1464
1.13617
1.13022
1.12915
1.13195
1.13684
1.14181
1.14476
1.14355
1.13632
1.12225
1.10239
1.08017
1.06059
1.04785
1.0429
1.04357
1.04688
1.05114
1.05648
1.06407
1.07473
1.08797
1.10195
1.11439
1.12366
1.12926
1.13156
1.13136
1.12984
1.12829
1.12724
1.12596
1.12312
1.11813
1.11195
1.10728
1.10802
1.11765
1.13707
1.1633
1.19062
1.2134
1.22829
1.23482
1.2344
1.22903
1.22042
1.20958
1.19695
1.18265
1.16671
1.14936
1.13128
1.11379
1.09845
1.08643
1.07815
1.07317
1.0706
1.06951
1.06904
1.0685
1.06729
1.06501
1.06157
1.05731
1.05298
1.04947
1.04761
1.0482
1.05208
1.06005
1.07227
1.08793
1.10553
1.12355
1.14074
1.15589
1.16769
1.17481
1.17629
1.17191
1.1622
1.14834
1.13192
1.11466
1.09821
1.08391
1.07264
1.0647
1.05979
1.05735
1.05698
1.05923
1.0659
1.07916
1.0993
1.12302
1.14452
1.15857
1.16265
1.15703
1.14384
1.12603
1.10673
1.0887
1.074
1.06378
1.05843
1.05778
1.06132
1.06805
1.07651
1.08506
1.09226
1.0973
1.10006
1.1011
1.10151
1.10254
1.10521
1.10997
1.11657
1.12437
1.13266
1.14087
1.14861
1.15556
1.16128
1.16521
1.16662
1.16485
1.1595
1.15064
1.1389
1.12538
1.11136
1.09806
1.08641
1.07684
1.06926
1.06314
1.05779
1.05266
1.04751
1.04276
1.03939
1.0387
1.04191
1.04953
1.06106
1.07507
1.08956
1.10266
1.11315
1.12074
1.12594
1.12962
1.13243
1.1344
1.13485
1.13274
1.12719
1.118
1.10582
1.09213
1.079
1.06871
1.06338
1.06451
1.07255
1.08673
1.10499
1.12446
1.14204
1.15505
1.16166
1.16109
1.15361
1.14048
1.1238
1.10605
1.08955
1.07602
1.06653
1.06168
1.06165
1.06625
1.07462
1.08519
1.09589
1.10462
1.1098
1.11082
1.10804
1.10248
1.09537
1.08777
1.0805
1.07427
1.06987
1.06799
1.0688
1.07176
1.07577
1.07972
1.08272
1.0842
1.08379
1.08132
1.07696
1.07132
1.06526
1.0597
1.05539
1.05273
1.05201
1.05352
1.05777
1.06522
1.07568
1.08788
1.09963
1.10875
1.11398
1.11546
1.11456
1.11319
1.11305
1.11496
1.11861
1.12296
1.12689
1.1296
1.13061
1.12953
1.12595
1.11969
1.11116
1.10129
1.09117
1.0817
1.0736
1.06757
1.0642
1.06386
1.0665
1.07161
1.0784
1.08604
1.09388
1.10149
1.10871
1.11527
1.12066
1.12415
1.12512
1.12349
1.11972
1.1146
1.10899
1.10383
1.10021
1.09935
1.10224
1.10927
1.12004
1.13369
1.14922
1.16546
1.18072
1.19283
1.19979
1.20058
1.19588
1.18811
1.18061
1.17605
1.17513
1.1765
1.17783
1.17691
1.17223
1.16334
1.15115
1.1379
1.12651
1.11953
1.11799
1.12112
1.12689
1.13293
1.1373
1.13879
1.13687
1.13153
1.12323
1.11307
1.1029
1.09501
1.09136
1.09251
1.09719
1.10289
1.10697
1.10752
1.10389
1.09678
1.088
1.07985
1.07433
1.07263
1.07492
1.08043
1.08767
1.09461
1.09926
1.10049
1.09858
1.09519
1.09252
1.09227
1.09523
1.10123
1.10939
1.11825
1.12586
1.13023
1.12972
1.12352
1.11206
1.09722
1.08206
1.0699
1.06333
1.06309
1.06775
1.0745
1.08082
1.08573
1.08976
1.09415
1.10016
1.1088
1.12078
1.1361
1.1539
1.17234
1.18895
1.20114
1.20688
1.20504
1.19568
1.17996
1.15988
1.13783
1.11616
1.09682
1.08109
1.06925
1.06059
1.05386
1.04819
1.04382
1.04196
1.04387
1.04998
1.05976
1.07211
1.08562
1.09859
1.10903
1.11512
1.11597
1.11214
1.10568
1.09939
1.09573
1.09608
1.10049
1.10806
1.1174
1.12683
1.13471
1.13958
1.14035
1.13668
1.12923
1.11971
1.1106
1.1044
1.10265
1.10524
1.11052
1.11602
1.11951
1.12
1.11831
1.11661
1.11671
1.11834
1.11943
1.11805
1.11373
1.10722
1.09938
1.09061
1.08119
1.07185
1.06399
1.05916
1.05827
1.06131
1.06755
1.07597
1.08569
1.096
1.10636
1.11636
1.12562
1.13383
1.14077
1.14627
1.14998
1.15132
1.1496
1.14448
1.13639
1.12663
1.117
1.10924
1.10444
1.10285
1.10394
1.10686
1.11083
1.11542
1.12052
1.12603
1.13143
1.13558
1.13701
1.13445
1.12736
1.11625
1.10252
1.0882
1.07569
1.06736
1.06495
1.06894
1.07834
1.09101
1.10446
1.11655
1.12591
1.13176
1.13374
1.13164
1.12523
1.11433
1.09911
1.08078
1.06231
1.0483
1.04261
1.04562
1.05424
1.06442
1.07314
1.07865
1.07994
1.07655
1.0689
1.05871
1.04911
1.04377
1.04549
1.055
1.071
1.09084
1.11127
1.12893
1.14095
1.14553
1.1423
1.13248
1.11889
1.10561
1.09715
1.09658
1.10396
1.11635
1.12968
1.14064
1.14727
1.14881
1.14528
1.1373
1.12602
1.11326
1.1014
1.09307
1.09016
1.0927
1.0988
1.10561
1.11085
1.11362
1.11444
1.11467
1.11608
1.12015
1.12745
1.13675
1.14534
1.1506
1.15154
1.14931
1.14683
1.14764
1.15383
1.16411
1.1741
1.17907
1.17633
1.16587
1.15008
1.13341
1.1214
1.1186
1.1263
1.14247
1.16364
1.18632
1.20679
1.22125
1.22671
1.22229
1.20939
1.19112
1.1714
1.15391
1.14114
1.13374
1.13038
1.12841
1.12511
1.11879
1.10947
1.09864
1.08856
1.08125
1.07756
1.07711
1.07911
1.08339
1.09015
1.09913
1.10932
1.11919
1.12718
1.13196
1.13275
1.12931
1.12212
1.11221
1.10105
1.09036
1.08168
1.07594
1.07324
1.07299
1.07444
1.07707
1.08063
1.08492
1.08934
1.09274
1.09371
1.09126
1.08525
1.07644
1.06614
1.05588
1.04719
1.04142
1.0396
1.04224
1.04907
1.05914
1.07102
1.08357
1.0963
1.10926
1.12255
1.13584
1.14841
1.15942
1.16818
1.17419
1.177
1.17609
1.171
1.16165
1.14859
1.13327
1.11781
1.10455
1.09528
1.09066
1.09027
1.09302
1.09769
1.10325
1.1089
1.11411
1.11846
1.12173
1.12396
1.12537
1.1263
1.12695
1.12725
1.12682
1.12512
1.12159
1.11587
1.10787
1.0979
1.08655
1.07472
1.06358
1.05445
1.04865
1.04702
1.0497
1.05597
1.06454
1.07388
1.08247
1.08891
1.09209
1.09131
1.08669
1.07954
1.07239
1.06838
1.06984
1.0769
1.0872
1.09697
1.10282
1.10289
1.09731
1.08793
1.0776
1.06933
1.06567
1.06836
1.07822
1.09504
1.1176
1.14373
1.17063
1.19535
1.21526
1.22842
1.23366
1.23062
1.21978
1.20238
1.1804
1.15644
1.13365
1.11525
1.10391
1.10091
1.10557
1.11555
1.12774
1.13916
1.14745
1.15101
1.14885
1.14061
1.12664
1.108
1.08643
1.06396
1.04249
1.02352
1.00816
0.997315
0.991869
0.992674
1.00041
1.01521
1.03633
1.0618
1.08865
1.1136
1.1338
1.14718
1.15257
1.14974
1.13955
1.12421
1.10721
1.09226
1.08168
1.07545
1.07163
1.06772
1.06188
1.05346
1.04307
1.03234
1.02345
1.01835
1.01834
1.02378
1.03426
1.04874
1.06581
1.08397
1.10195
1.11891
1.13439
1.14822
1.16042
1.17116
1.18062
1.18845
1.19334
1.19318
1.18581
1.17009
1.14672
1.11857
1.0898
1.06378
1.04157
1.02281
1.00794
0.998966
0.998223
1.00654
1.02231
1.042
1.06161
1.07818
1.0906
1.09944
1.1059
1.11075
1.11402
1.11528
1.11395
1.10907
1.09936
1.08367
1.06197
1.03597
1.00921
0.986554
0.97292
0.971538
0.982472
1.00256
1.02694
1.05107
1.07185
1.08764
1.09771
1.1019
1.10075
1.09573
1.08913
1.08344
1.08026
1.07982
1.08126
1.08348
1.0858
1.08805
1.09051
1.09359
1.09768
1.10298
1.10945
1.11692
1.12524
1.13425
1.1437
1.1529
1.16083
1.16635
1.16871
1.16782
1.16425
1.15888
1.15258
1.14615
1.14045
1.13642
1.13471
1.13507
1.13651
1.13813
1.14005
1.14334
1.14902
1.1566
1.16402
1.16912
1.17114
1.17101
1.17059
1.1716
1.17493
1.18021
1.18618
1.1915
1.19533
1.1972
1.19648
1.19211
1.1829
1.16829
1.14907
1.12791
1.10894
1.09644
1.09288
1.09774
1.10805
1.11999
1.13024
1.13675
1.13873
1.13642
1.13081
1.12334
1.11556
1.10878
1.10386
1.10104
1.10005
1.1003
1.10107
1.10171
1.10176
1.1011
1.09999
1.09882
1.09785
1.09703
1.09645
1.09704
1.10073
1.10928
1.12259
1.13828
1.15312
1.16461
1.17149
1.17325
1.1693
1.15846
1.13948
1.11264
1.08125
1.0519
1.03191
1.025
1.02907
1.03855
1.04832
1.0558
1.06087
1.06492
1.0697
1.0764
1.08512
1.09484
1.10395
1.111
1.11511
1.11605
1.11405
1.10941
1.10255
1.09426
1.08602
1.07955
1.07553
1.07317
1.07156
1.07136
1.07488
1.0842
1.09916
1.11705
1.13386
1.14588
1.15072
1.14742
1.13631
1.11848
1.09567
1.07027
1.04532
1.02408
1.00935
1.00279
1.00468
1.01412
1.02929
1.04769
1.06663
1.08403
1.09899
1.11164
1.12241
1.13145
1.13841
1.14275
1.14399
1.14189
1.13634
1.12747
1.1156
1.10135
1.08574
1.07023
1.05662
1.04687
1.04262
1.04485
1.05356
1.06757
1.08469
1.10202
1.11664
1.12644
1.13079
1.13077
1.12843
1.12547
1.12241
1.11886
1.11442
1.10939
1.10457
1.10046
1.09673
1.09229
1.08591
1.07706
1.06627
1.05467
1.04319
1.03204
1.02117
1.01089
1.00236
0.997476
0.998351
1.00663
1.02276
1.04552
1.0722
1.09951
1.12449
1.14502
1.15996
1.16895
1.17235
1.17118
1.16701
1.16159
1.15626
1.15169
1.14805
1.14547
1.14416
1.14418
1.1451
1.14591
1.14537
1.14244
1.13663
1.12812
1.11775
1.10667
1.09569
1.08503
1.07468
1.0648
1.05592
1.04889
1.04483
1.04501
1.05045
1.06124
1.07605
1.09249
1.1082
1.12162
1.13228
1.14025
1.1455
1.14766
1.14623
1.14077
1.13108
1.11714
1.09914
1.07772
1.05453
1.0329
1.01748
1.01168
1.01517
1.02453
1.03629
1.04857
1.06078
1.0728
1.08444
1.09519
1.10422
1.11061
1.1139
1.11455
1.11393
1.11377
1.11515
1.11784
1.1205
1.12136
1.1191
1.11329
1.10443
1.09367
1.08231
1.07144
1.06196
1.05475
1.05077
1.0508
1.05507
1.06307
1.07357
1.08483
1.09506
1.10277
1.10682
1.1063
1.10061
1.08964
1.07421
1.05615
1.03795
1.02224
1.01102
1.00516
1.00415
1.00647
1.01059
1.01588
1.0226
1.03108
1.04122
1.05232
1.06344
1.07361
1.08206
1.08842
1.09275
1.09543
1.09704
1.09809
1.09896
1.09986
1.10098
1.10264
1.10531
1.10964
1.11598
1.12389
1.13183
1.13759
1.13925
1.13613
1.12922
1.12107
1.11496
1.11356
1.11761
1.12551
1.13416
1.14049
1.14251
1.1396
1.13243
1.1225
1.11179
1.10208
1.09437
1.08875
1.08445
1.0802
1.07451
1.06636
1.05605
1.04564
1.03816
1.03597
1.03949
1.04773
1.05932
1.07303
1.08756
1.10143
1.11337
1.1228
1.12993
1.1356
1.14085
1.14647
1.15289
1.1601
1.1675
1.17376
1.17711
1.17581
1.16854
1.15469
1.13441
1.10879
1.07988
1.05084
1.02566
1.00844
1.00231
1.00826
1.02427
1.04541
1.06548
1.07945
1.08505
1.08256
1.07378
1.06091
1.0461
1.03155
1.01954
1.01216
1.01052
1.01425
1.02158
1.02999
1.03726
1.04256
1.04679
1.05153
1.05728
1.06291
1.06711
1.07004
1.07308
1.07738
1.08266
1.08734
1.08947
1.08784
1.08255
1.07491
1.06694
1.06078
1.05777
1.05788
1.05968
1.06125
1.06124
1.05934
1.05601
1.052
1.048
1.04464
1.04256
1.04242
1.04481
1.04975
1.0563
1.06239
1.06559
1.0642
1.058
1.04839
1.03779
1.02866
1.02264
1.02018
1.02056
1.02227
1.02373
1.02406
1.02373
1.02431
1.02759
1.03439
1.0439
1.05402
1.06255
1.06823
1.071
1.0716
1.07073
1.06874
1.06578
1.0625
1.06028
1.06079
1.06496
1.07228
1.08113
1.08966
1.09639
1.10051
1.10178
1.10047
1.09727
1.09325
1.08956
1.08709
1.08633
1.08753
1.09087
1.09666
1.10519
1.11641
1.1295
1.14276
1.15401
1.16146
1.16434
1.16296
1.15834
1.15154
1.14324
1.1338
1.12354
1.11284
1.10221
1.0923
1.08407
1.0787
1.07684
1.07785
1.08003
1.08176
1.08247
1.08281
1.08385
1.08626
1.08968
1.09304
1.09542
1.09696
1.09899
1.10301
1.10946
1.11752
1.12593
1.13364
1.14002
1.14447
1.14624
1.14464
1.13947
1.13127
1.12096
1.10951
1.09789
1.0876
1.08046
1.07835
1.08254
1.09315
1.10871
1.12632
1.14235
1.15351
1.15754
1.15369
1.14284
1.12719
1.10956
1.09234
1.0768
1.063
1.05036
1.03834
1.02689
1.01672
1.00903
1.00507
1.00554
1.01034
1.01863
1.02904
1.03983
1.04923
1.05586
1.05907
1.05912
1.05705
1.05435
1.05259
1.05316
1.05702
1.06465
1.07603
1.09071
1.10783
1.12628
1.14482
1.16227
1.17778
1.19084
1.20111
1.20829
1.21203
1.212
1.20791
1.19961
1.1873
1.17157
1.1534
1.13392
1.11433
1.09571
1.07908
1.06526
1.05478
1.0478
1.04405
1.04286
1.04331
1.04438
1.04509
1.04492
1.04409
1.04358
1.04468
1.04827
1.05429
1.06164
1.06861
1.07349
1.07507
1.07293
1.06744
1.05936
1.04956
1.03882
1.02799
1.01827
1.01128
1.0088
1.01213
1.02158
1.03618
1.05396
1.07256
1.08978
1.10409
1.11477
1.1218
1.12575
1.12789
1.13039
1.13581
1.1457
1.15919
1.17317
1.18392
1.18852
1.18548
1.17491
1.15892
1.14133
1.1263
1.11581
1.10886
1.10329
1.09795
1.09301
1.089
1.08606
1.08406
1.08307
1.08358
1.08627
1.09126
1.0975
1.10289
1.10506
1.10245
1.09467
1.08255
1.06771
1.05181
1.03584
1.0201
1.00489
0.991428
0.981927
0.978665
0.982948
0.994806
1.01331
1.03689
1.06335
1.08995
1.11358
1.13131
1.14086
1.1409
1.13123
1.11303
1.08901
1.0633
1.04081
1.02612
1.02242
1.03065
1.04917
1.07441
1.10202
1.12805
1.14968
1.16539
1.17468
1.17767
1.1748
1.16672
1.15475
1.14141
1.13068
1.12663
1.13106
1.14214
1.1558
1.16792
1.17546
1.17642
1.16946
1.15423
1.13287
1.11103
1.09539
1.0877
1.08361
1.07817
1.07005
1.0611
1.05418
1.0516
1.05444
1.06247
1.0745
1.0888
1.10347
1.11673
1.12714
1.13369
1.13584
1.13359
1.12747
1.1186
1.10833
1.09797
1.08858
1.08102
1.07609
1.07437
1.07595
1.0803
1.08644
1.09327
1.09992
1.10591
1.11115
1.11559
1.11899
1.12088
1.12073
1.11846
1.11499
1.11232
1.11274
1.11742
1.12564
1.13561
1.14571
1.15501
1.16312
1.16995
1.17555
1.18
1.18325
1.18504
1.18487
1.18195
1.17537
1.1644
1.14879
1.12904
1.10657
1.08356
1.06246
1.04526
1.03292
1.0253
1.02166
1.02152
1.0251
1.03318
1.04626
1.06337
1.08165
1.0971
1.1061
1.1068
1.09967
1.08737
1.07374
1.06232
1.05491
1.05126
1.04988
1.04917
1.04826
1.04719
1.04667
1.04746
1.05004
1.05442
1.06016
1.06644
1.07233
1.07713
1.08041
1.08203
1.08203
1.08062
1.07801
1.07432
1.06964
1.06424
1.05859
1.05331
1.04927
1.04778
1.05011
1.05675
1.06702
1.0797
1.09368
1.10806
1.12167
1.13279
1.13929
1.13921
1.13148
1.11664
1.0976
1.07932
1.06675
1.06206
1.06454
1.07229
1.08337
1.09528
1.10488
1.10949
1.10819
1.10206
1.0938
1.08667
1.08371
1.08726
1.09894
1.11934
1.14686
1.17747
1.20633
1.22991
1.24661
1.25627
1.25929
1.25629
1.24786
1.23471
1.21781
1.19862
1.17904
1.16101
1.14582
1.1336
1.12328
1.11312
1.10129
1.08642
1.06774
1.04531
1.02021
0.994832
0.972949
0.959319
0.95827
0.971719
0.997782
1.03135
1.06634
1.09799
1.12393
1.14396
1.1592
1.17102
1.18032
1.18719
1.19125
1.19219
1.19016
1.18581
1.18003
1.17371
1.16771
1.16277
1.15916
1.1565
1.15379
1.14988
1.14404
1.13624
1.12722
1.1183
1.11121
1.10763
1.10866
1.11421
1.1229
1.1324
1.14018
1.14416
1.14318
1.13718
1.12717
1.11493
1.10248
1.09151
1.08302
1.07729
1.07412
1.07312
1.07396
1.07637
1.08006
1.08469
1.08986
1.09487
1.0986
1.09972
1.09724
1.09121
1.08309
1.07546
1.07116
1.0723
1.07974
1.09308
1.11105
1.13184
1.15326
1.17304
1.18911
1.20016
1.20613
1.2083
1.20865
1.20884
1.20951
1.21019
1.20972
1.20687
1.20086
1.19172
1.18037
1.16824
1.15639
1.1446
1.1313
1.11469
1.09458
1.07371
1.05698
1.04827
1.04719
1.05001
1.05373
1.05847
1.06581
1.07606
1.08793
1.09978
1.11065
1.1201
1.12783
1.13352
1.137
1.13828
1.1377
1.13594
1.134
1.13315
1.13469
1.13935
1.14664
1.15479
1.16111
1.16298
1.15875
1.14828
1.13305
1.1157
1.09941
1.08706
1.08068
1.08118
1.08829
1.10091
1.11723
1.13492
1.15122
1.16334
1.16886
1.16631
1.15558
1.13817
1.11712
1.09666
1.08108
1.07333
1.0737
1.0799
1.08832
1.09562
1.09975
1.10016
1.09745
1.09278
1.08732
1.08203
1.07771
1.07514
1.0751
1.07812
1.08407
1.09198
1.10037
1.1079
1.11405
1.11913
1.1238
1.12838
1.1324
1.13484
1.13453
1.13073
1.12342
1.11351
1.10274
1.09334
1.08735
1.08572
1.08755
1.09023
1.09064
1.08649
1.07719
1.06397
1.0491
1.03479
1.02299
1.01665
1.01948
1.03294
1.05436
1.07882
1.10184
1.12023
1.13241
1.13852
1.14013
1.13932
1.13771
1.13589
1.13368
1.13063
1.12651
1.12149
1.11605
1.11094
1.10712
1.10561
1.10714
1.11179
1.11871
1.12629
1.13248
1.1355
1.13435
1.12899
1.12039
1.1103
1.10098
1.09477
1.09367
1.09888
1.1105
1.12754
1.14804
1.16941
1.18882
1.20369
1.21203
1.21277
1.20596
1.19283
1.17561
1.15714
1.14024
1.1272
1.11934
1.1171
1.12021
1.12784
1.13873
1.1511
1.16293
1.17232
1.17803
1.17957
1.17714
1.17109
1.16189
1.15009
1.13645
1.12222
1.10906
1.09876
1.0927
1.09153
1.0952
1.10321
1.11493
1.12961
1.14601
1.16224
1.17588
1.18444
1.18587
1.1792
1.16474
1.14417
1.12029
1.09663
1.07696
1.06448
1.06065
1.06457
1.07365
1.08493
1.09598
1.10497
1.11063
1.11268
1.11216
1.11099
1.11098
1.11294
1.11677
1.12214
1.12905
1.13753
1.14705
1.15622
1.16301
1.16543
1.16222
1.15325
1.13966
1.12376
1.10863
1.09737
1.09211
1.09359
1.10121
1.11359
1.12895
1.14527
1.16031
1.17186
1.17805
1.17769
1.17045
1.15683
1.13794
1.11528
1.09071
1.06665
1.04615
1.03235
1.02731
1.03093
1.04103
1.05452
1.06863
1.08154
1.09246
1.1015
1.10932
1.11635
1.12203
1.12461
1.12199
1.11279
1.0972
1.07711
1.05554
1.0355
1.01919
1.00791
1.00232
1.00236
1.00727
1.01592
1.02726
1.04042
1.05427
1.06702
1.07652
1.08088
1.07918
1.07162
1.05935
1.04428
1.02887
1.0158
1.00733
1.00487
1.00873
1.01819
1.0318
1.04765
1.06374
1.07834
1.09027
1.099
1.10458
1.10728
1.10742
1.10536
1.1017
1.09747
1.09425
1.09378
1.09718
1.10404
1.11225
1.11879
1.12109
1.1183
1.11145
1.10312
1.09681
1.09609
1.10288
1.11562
1.12986
1.14124
1.14786
1.15062
1.15247
1.15711
1.16706
1.18182
1.19759
1.20917
1.21216
1.20417
1.18524
1.15785
1.12642
1.096
1.07043
1.05157
1.03993
1.03526
1.03641
1.04124
1.04702
1.05116
1.05186
1.04838
1.04105
1.03081
1.0185
1.00447
0.988943
0.972934
0.95876
0.949933
0.950206
0.962277
0.98684
1.02232
1.06503
1.10986
1.15141
1.18534
1.20907
1.22184
1.22424
1.21782
1.20475
1.18757
1.16899
1.15142
1.13661
1.1253
1.11744
1.1127
1.11078
1.1113
1.11343
1.11564
1.11594
1.11258
1.1047
1.09256
1.07722
1.06014
1.04292
1.02734
1.01537
1.00894
1.00914
1.01549
1.02589
1.0376
1.04861
1.05841
1.06791
1.07837
1.09047
1.10402
1.11827
1.13248
1.14602
1.15833
1.16875
1.17656
1.18105
1.18154
1.17751
1.16878
1.15563
1.13897
1.12037
1.10187
1.08548
1.0721
1.06087
1.04974
1.03728
1.02368
1.01055
0.999954
0.993707
0.992996
0.997931
1.00714
1.01811
1.02874
1.03872
1.04918
1.06045
1.07098
1.07866
1.08276
1.08412
1.08423
1.08426
1.08486
1.08612
1.08776
1.08907
1.08903
1.08659
1.08119
1.07326
1.06445
1.05725
1.05434
1.05767
1.06755
1.08241
1.0993
1.11503
1.12708
1.13426
1.13669
1.13549
1.13232
1.1288
1.12625
1.12544
1.1266
1.1295
1.13352
1.13795
1.14231
1.14682
1.15227
1.15947
1.16843
1.17814
1.18697
1.19336
1.19617
1.19482
1.18921
1.17968
1.16704
1.15262
1.1383
1.12637
1.11907
1.11776
1.12241
1.13165
1.14324
1.15469
1.16365
1.16831
1.1675
1.16088
1.14892
1.13293
1.1149
1.09714
1.08178
1.07049
1.06449
1.06471
1.07167
1.085
1.10322
1.12377
1.14364
1.16004
1.17092
1.17507
1.17215
1.1626
1.14754
1.1287
1.10832
1.08907
1.07384
1.06528
1.06507
1.07332
1.08839
1.1074
1.12694
1.14376
1.15554
1.16123
1.16121
1.15713
1.15133
1.14577
1.14126
1.1374
1.13309
1.12742
1.12006
1.1114
1.10246
1.09441
1.08808
1.08372
1.0813
1.08079
1.08235
1.08615
1.09223
1.10059
1.11107
1.12333
1.13667
1.14995
1.16168
1.17034
1.17484
1.17467
1.17014
1.16229
1.15287
1.14418
1.13864
1.13795
1.14209
1.14905
1.15565
1.15863
1.15533
1.14433
1.12615
1.10362
1.08154
1.06516
1.05827
1.06216
1.07566
1.09592
1.11931
1.1424
1.16259
1.17841
1.18944
1.19599
1.19875
1.19855
1.19627
1.19259
1.18802
1.18283
1.177
1.17019
1.16178
1.15115
1.13797
1.12243
1.10541
1.08855
1.07412
1.06474
1.06249
1.06791
1.07957
1.09456
1.10961
1.12209
1.13035
1.13355
1.13155
1.12495
1.11516
1.10432
1.09483
1.08812
1.08369
1.07927
1.07238
1.06186
1.04838
1.0339
1.02055
1.0096
1.0011
0.994974
0.993676
1.00409
1.03262
1.07602
1.12248
1.16176
1.18986
1.20671
1.21343
1.21109
1.20066
1.18339
1.16129
1.13705
1.11349
1.09304
1.07751
1.06823
1.06611
1.07119
1.08233
1.09736
1.11367
1.129
1.14183
1.15136
1.1572
1.15901
1.15638
1.14901
1.13712
1.12178
1.10494
1.08884
1.07544
1.06605
1.06124
1.06058
1.06265
1.06574
1.06903
1.07287
1.07803
1.08449
1.09113
1.09631
1.09903
1.09951
1.09918
1.10001
1.10394
1.11222
1.1252
1.14188
1.16009
1.17706
1.1903
1.19813
1.19961
1.1945
1.18327
1.1673
1.14885
1.13056
1.11473
1.10275
1.09487
1.09052
1.08877
1.08887
1.09059
1.09396
1.09888
1.10475
1.11061
1.1155
1.1188
1.12043
1.12068
1.12012
1.1196
1.12013
1.12255
1.12717
1.13349
1.1404
1.14662
1.15118
1.15386
1.15516
1.15625
1.15874
1.16419
1.17344
1.18603
1.20019
1.21351
1.22368
1.22922
1.22974
1.2258
1.21836
1.20828
1.19618
1.18252
1.168
1.15361
1.14057
1.12986
1.12199
1.1169
1.11437
1.11419
1.11615
1.11983
1.12445
1.12906
1.13283
1.13535
1.13671
1.13733
1.13772
1.13822
1.13888
1.13953
1.13996
1.14007
1.13997
1.13981
1.13973
1.13966
1.13938
1.1387
1.1376
1.13623
1.13469
1.13277
1.12986
1.12526
1.11888
1.11175
1.10609
1.10449
1.10857
1.11821
1.13175
1.14692
1.16164
1.17419
1.18335
1.18843
1.18944
1.18707
1.18268
1.17798
1.17462
1.17381
1.17596
1.18054
1.1862
1.19099
1.19274
1.18955
1.18046
1.16589
1.14743
1.1271
1.10673
1.088
1.07276
1.06259
1.058
1.05794
1.06014
1.06204
1.06164
1.05799
1.05143
1.04366
1.03748
1.03607
1.04187
1.0555
1.07557
1.09922
1.12309
1.14416
1.16014
1.16971
1.17253
1.16911
1.16056
1.14816
1.13302
1.11598
1.09773
1.07889
1.06013
1.04215
1.0258
1.01211
1.00219
0.996965
0.996759
1.00108
1.00873
1.01837
1.02898
1.04012
1.05147
1.06231
1.07146
1.07796
1.0815
1.08273
1.08284
1.08294
1.08368
1.0852
1.08745
1.0903
1.09361
1.09722
1.10095
1.10457
1.10774
1.10999
1.11095
1.11061
1.1093
1.10763
1.10613
1.10521
1.10515
1.10636
1.10933
1.11419
1.12027
1.12599
1.12957
1.13009
1.12817
1.12556
1.12398
1.12409
1.12512
1.12545
1.12342
1.11805
1.10917
1.09726
1.08317
1.068
1.05307
1.03998
1.03039
1.0256
1.02593
1.03048
1.03749
1.04505
1.05175
1.05686
1.06037
1.06275
1.06479
1.06721
1.07041
1.07425
1.07823
1.08182
1.0848
1.08741
1.09014
1.09342
1.09725
1.10099
1.10354
1.10377
1.101
1.09515
1.08685
1.07717
1.06761
1.06001
1.05634
1.05816
1.06623
1.08032
1.09934
1.12161
1.14518
1.16806
1.18837
1.20449
1.21523
1.22002
1.21865
1.2112
1.19792
1.17936
1.15654
1.13111
1.10521
1.08129
1.06161
1.04796
1.04154
1.04274
1.05091
1.06428
1.08025
1.09589
1.10873
1.11735
1.12168
1.12282
1.12242
1.12206
1.12286
1.12547
1.12999
1.13589
1.14214
1.14754
1.15109
1.1522
1.15072
1.14692
1.14143
1.1352
1.12912
1.12374
1.11912
1.11517
1.11208
1.1105
1.11121
1.11453
1.11992
1.12612
1.13166
1.13534
1.13646
1.13475
1.13028
1.12333
1.11455
1.10485
1.09533
1.08697
1.08033
1.07552
1.0723
1.07037
1.06936
1.06868
1.06742
1.06444
1.05878
1.04998
1.03836
1.02485
1.01087
0.998133
0.988304
0.982771
0.982323
0.987001
0.996069
1.00831
1.02236
1.03708
1.0517
1.06561
1.07827
1.08902
1.09714
1.10205
1.10351
1.10182
1.09773
1.09227
1.08655
1.08159
1.07833
1.07753
1.0795
1.08394
1.09001
1.09693
1.1046
1.11376
1.12541
1.13998
1.15676
1.17418
1.19034
1.20359
1.21276
1.2172
1.21666
1.21126
1.20169
1.18951
1.17712
1.16683
1.15934
1.15345
1.14754
1.14113
1.135
1.13008
1.12645
1.12323
1.1191
1.11305
1.10481
1.09484
1.08403
1.0733
1.06338
1.0548
1.048
1.04341
1.04157
1.043
1.04785
1.05557
1.06484
1.07422
1.0828
1.09036
1.09699
1.10245
1.10607
1.10713
1.10538
1.10129
1.09596
1.0907
1.08678
1.08554
1.0885
1.09696
1.11121
1.13004
1.15095
1.17102
1.18764
1.19895
1.20401
1.20264
1.19531
1.18294
1.16694
1.14911
1.13151
1.11611
1.1046
1.09805
1.09692
1.10102
1.10974
1.12204
1.13645
1.15107
1.16384
1.17304
1.17773
1.17789
1.17434
1.1684
1.16131
1.15381
1.14604
1.13795
1.12978
1.12231
1.11653
1.11315
1.11213
1.11268
1.11369
1.11419
1.11378
1.11305
1.1134
1.11614
1.12123
1.12682
1.13033
1.13004
1.12618
1.12073
1.11638
1.11536
1.11859
1.12551
1.1344
1.14307
1.14941
1.15187
1.14972
1.14303
1.13266
1.12027
1.10825
1.09945
1.09639
1.10034
1.11072
1.12522
1.14076
1.15439
1.16402
1.16867
1.16849
1.16448
1.15809
1.15091
1.14423
1.13881
1.13469
1.13124
1.12757
1.12288
1.11668
1.10877
1.09908
1.0877
1.07495
1.06162
1.04901
1.03855
1.03134
1.02758
1.02646
1.02632
1.02526
1.02181
1.01546
1.00698
0.998287
0.991863
0.989848
0.993203
1.00163
1.01405
1.029
1.0449
1.06019
1.07372
1.08503
1.09427
1.10165
1.10701
1.10992
1.11021
1.10841
1.10566
1.10302
1.10093
1.09911
1.09708
1.09476
1.09264
1.0916
1.0923
1.09476
1.0983
1.10199
1.10502
1.10687
1.10728
1.10619
1.10382
1.10103
1.09938
1.10055
1.10515
1.11199
1.11872
1.12324
1.12453
1.12279
1.11913
1.11508
1.1122
1.11158
1.11347
1.11712
1.12104
1.12359
1.12339
1.11951
1.11145
1.09919
1.08361
1.06684
1.05215
1.04307
1.0419
1.04872
1.0615
1.07734
1.09364
1.10844
1.12027
1.128
1.13109
1.12987
1.12562
1.11996
1.11408
1.10824
1.10186
1.09416
1.08469
1.07364
1.0619
1.05117
1.04422
1.04492
1.05675
1.0801
1.11102
1.14329
1.17155
1.1928
1.20618
1.21224
1.21218
1.20732
1.1987
1.18699
1.17262
1.15629
1.13938
1.12382
1.11152
1.1033
1.09863
1.09634
1.09556
1.09613
1.09796
1.10056
1.10306
1.10474
1.10558
1.1062
1.10743
1.10962
1.11232
1.11438
1.11449
1.11167
1.10569
1.09722
1.08767
1.07895
1.07299
1.07137
1.0749
1.08355
1.09641
1.11172
1.12714
1.14024
1.14925
1.15361
1.15407
1.15214
1.14931
1.14641
1.14358
1.14076
1.1378
1.13436
1.12982
1.12347
1.11486
1.10407
1.09175
1.079
1.06745
1.05937
1.05683
1.06008
1.06663
1.07285
1.07638
1.07724
1.07701
1.07716
1.07792
1.07827
1.07686
1.07342
1.06958
1.0679
1.0693
1.07224
1.07451
1.07536
1.07571
1.07719
1.08124
1.08863
1.09925
1.11224
1.12633
1.14003
1.15165
1.15922
1.16082
1.15523
1.14253
1.12425
1.10326
1.08336
1.06861
1.06208
1.06468
1.07485
1.08934
1.10439
1.11679
1.12454
1.12707
1.12521
1.12068
1.11548
1.11131
1.10923
1.1097
1.11274
1.11821
1.12581
1.1352
1.1458
1.15664
1.16617
1.17232
1.17303
1.16715
1.15525
1.13962
1.12353
1.11009
1.10143
1.09828
1.09984
1.10423
1.10935
1.11355
1.11595
1.11628
1.11464
1.11162
1.10843
1.10731
1.11138
1.12363
1.14432
1.16922
1.19123
1.20407
1.20435
1.19122
1.16584
1.13156
1.09422
1.06107
1.03799
1.02733
1.028
1.03721
1.05188
1.0692
1.08684
1.10306
1.11689
1.12811
1.13705
1.14435
1.15056
1.15582
1.15989
1.16298
1.16651
1.17253
1.18159
1.19148
1.19847
1.19976
1.19452
1.18347
1.16806
1.14986
1.13041
1.11142
1.09484
1.08254
1.07566
1.07405
1.0763
1.08031
1.08421
1.0869
1.08818
1.08856
1.08871
1.0889
1.08878
1.08771
1.08562
1.08382
1.08507
1.0926
1.10798
1.12959
1.1532
1.1743
1.19001
1.19948
1.20294
1.20075
1.1932
1.18073
1.16441
1.14615
1.12867
1.11481
1.1068
1.10557
1.1104
1.11906
1.12845
1.1355
1.13817
1.13611
1.13077
1.12483
1.12108
1.12119
1.12511
1.13109
1.13653
1.13917
1.13801
1.1337
1.12817
1.12356
1.12103
1.1201
1.11934
1.11743
1.11397
1.10964
1.10568
1.10326
1.10301
1.10478
1.10782
1.11112
1.11382
1.11563
1.1168
1.11796
1.11957
1.12181
1.1248
1.12872
1.1335
1.13827
1.14171
1.14293
1.1421
1.14043
1.13955
1.1409
1.14504
1.15138
1.15833
1.16404
1.16694
1.16618
1.16167
1.15397
1.14417
1.13367
1.12384
1.1156
1.10915
1.10407
1.09959
1.09495
1.0897
1.08365
1.07677
1.06915
1.06101
1.053
1.04635
1.04277
1.04402
1.05127
1.06456
1.08275
1.10374
1.12502
1.14428
1.15998
1.17167
1.18009
1.18671
1.19308
1.19983
1.20611
1.20968
1.20765
1.19782
1.17976
1.15556
1.12939
1.10581
1.08776
1.07586
1.0695
1.06824
1.07238
1.08205
1.09631
1.11291
1.12901
1.1421
1.15075
1.15496
1.15569
1.15419
1.15135
1.14771
1.14367
1.13986
1.13696
1.13531
1.13465
1.13413
1.13283
1.13059
1.12863
1.12919
1.13343
1.13982
1.1453
1.148
1.14831
1.14782
1.14752
1.14714
1.14583
1.1434
1.14069
1.13874
1.13749
1.1356
1.13137
1.12412
1.11461
1.10467
1.09641
1.09127
1.0895
1.09014
1.09188
1.09408
1.09709
1.10159
1.10752
1.11396
1.11982
1.12458
1.12842
1.13191
1.13557
1.13985
1.14506
1.15081
1.1556
1.15744
1.15507
1.14839
1.1378
1.1236
1.1062
1.08718
1.06983
1.05797
1.05335
1.05452
1.05848
1.06324
1.06857
1.07505
1.08286
1.09119
1.09846
1.10263
1.10189
1.09542
1.08394
1.06956
1.055
1.0425
1.03313
1.02695
1.02369
1.02319
1.02555
1.03073
1.03817
1.04652
1.05387
1.05826
1.05834
1.05397
1.04659
1.03922
1.0357
1.0392
1.05083
1.06953
1.09298
1.11869
1.14436
1.16768
1.18626
1.1982
1.20258
1.19998
1.19231
1.18247
1.17362
1.16815
1.16686
1.16856
1.17061
1.16994
1.16427
1.15297
1.13721
1.11947
1.10274
1.08951
1.08104
1.07724
1.07694
1.07843
1.07995
1.08003
1.07787
1.07342
1.06751
1.06172
1.05804
1.05831
1.06335
1.07245
1.08343
1.09319
1.09879
1.09832
1.09163
1.08069
1.06924
1.06124
1.05817
1.05824
1.05874
1.05863
1.05876
1.06036
1.06365
1.06799
1.07298
1.07932
1.08834
1.10054
1.11466
1.12818
1.13868
1.14473
1.14596
1.14276
1.13579
1.1257
1.11316
1.09902
1.08449
1.07103
1.05988
1.05159
1.04615
1.04362
1.04443
1.04919
1.0581
1.07055
1.08509
1.09983
1.11305
1.12358
1.13104
1.13563
1.13779
1.13787
1.13602
1.1323
1.12675
1.11953
1.11103
1.10212
1.09425
1.08909
1.08766
1.08982
1.09443
1.10044
1.10782
1.11744
1.12996
1.14475
1.15982
1.17259
1.18075
1.18285
1.17841
1.16773
1.15166
1.13124
1.10754
1.08175
1.05537
1.03029
1.00887
0.993793
0.987446
0.990995
1.00365
1.02295
1.04582
1.06955
1.09226
1.11289
1.13088
1.14595
1.15786
1.16649
1.17178
1.17379
1.17238
1.16718
1.15752
1.14272
1.12257
1.09789
1.07099
1.04555
1.02583
1.01548
1.01648
1.0286
1.04961
1.07593
1.10357
1.12904
1.14982
1.16451
1.17278
1.17514
1.17276
1.1672
1.16007
1.15265
1.1457
1.13948
1.13403
1.12951
1.12634
1.12509
1.12611
1.12924
1.13376
1.13853
1.14225
1.14375
1.14247
1.13879
1.1343
1.13136
1.13205
1.13695
1.14464
1.15219
1.15642
1.15485
1.14629
1.13098
1.11067
1.08858
1.06899
1.05593
1.05176
1.05628
1.06711
1.08084
1.09419
1.10463
1.11045
1.11088
1.10611
1.09738
1.08675
1.07665
1.06913
1.0653
1.06514
1.06773
1.07169
1.07571
1.07895
1.08124
1.0831
1.08558
1.08987
1.09694
1.10707
1.11967
1.13344
1.14675
1.15805
1.16599
1.16963
1.16883
1.16419
1.15667
1.14715
1.13641
1.1254
1.11544
1.10786
1.10359
1.10308
1.10624
1.11262
1.12133
1.13119
1.14079
1.14879
1.15448
1.158
1.16012
1.16164
1.16297
1.16389
1.16382
1.16215
1.15849
1.15274
1.14502
1.13539
1.1239
1.11084
1.09719
1.08466
1.07495
1.06892
1.06646
1.067
1.06995
1.07482
1.08109
1.08815
1.09533
1.10195
1.10745
1.11138
1.11357
1.11409
1.11344
1.11244
1.11224
1.11409
1.11899
1.12745
1.13917
1.15298
1.16713
1.1796
1.18847
1.19223
1.19014
1.18242
1.17031
1.15582
1.14093
1.12691
1.11412
1.10239
1.09182
1.08315
1.07749
1.07557
1.07718
1.08136
1.08718
1.09426
1.10281
1.11349
1.12735
1.14539
1.16782
1.1934
1.21944
1.24258
1.25984
1.26933
1.2706
1.26461
1.25335
1.23912
1.22366
1.20766
1.19082
1.17244
1.15202
1.12962
1.10599
1.08253
1.06148
1.04575
1.03824
1.04047
1.05153
1.06848
1.0877
1.10619
1.12195
1.13373
1.1408
1.14282
1.14021
1.13437
1.12751
1.1218
1.11862
1.11824
1.12033
1.12433
1.1296
1.13526
1.14022
1.14347
1.14447
1.14323
1.14009
1.13544
1.12952
1.12234
1.11388
1.10419
1.09364
1.083
1.07312
1.06475
1.05822
1.05362
1.05099
1.0506
1.05298
1.05873
1.06814
1.08078
1.09526
1.10939
1.12093
1.12835
1.13109
1.1295
1.1246
1.11788
1.11117
1.10625
1.10434
1.10557
1.10891
1.1126
1.1148
1.11434
1.11102
1.10554
1.09916
1.09306
1.0879
1.08357
1.07941
1.07475
1.06968
1.0656
1.06499
1.07018
1.0815
1.09662
1.11184
1.12423
1.13281
1.13816
1.14118
1.14219
1.14062
1.13567
1.12698
1.11507
1.10115
1.0865
1.07201
1.05821
1.0459
1.0366
1.03216
1.03383
1.04129
1.05254
1.0648
1.07556
1.08347
1.08855
1.0919
1.09507
1.09917
1.10454
1.11073
1.1169
1.12233
1.12655
1.1294
1.13092
1.13139
1.13142
1.1321
1.13478
1.14046
1.14916
1.15962
1.16972
1.17708
1.17966
1.17615
1.16642
1.15198
1.13615
1.12348
1.11812
1.12203
1.13403
1.15059
1.16756
1.18165
1.19096
1.19497
1.19414
1.18977
1.18369
1.17773
1.17301
1.16956
1.16668
1.16354
1.15938
1.1536
1.14599
1.13699
1.12731
1.1172
1.106
1.09254
1.07645
1.05901
1.04308
1.032
1.02804
1.03131
1.03996
1.05159
1.06482
1.07948
1.09563
1.11254
1.12864
1.14236
1.15275
1.1596
1.16316
1.1638
1.16179
1.15743
1.1511
1.14318
1.13394
1.1235
1.11221
1.1009
1.09083
1.08326
1.0789
1.07757
1.07829
1.07981
1.08112
1.08183
1.08221
1.0829
1.08461
1.08807
1.09381
1.10194
1.11179
1.12205
1.13126
1.13841
1.14318
1.14591
1.14734
1.14833
1.14957
1.15133
1.15337
1.15503
1.15547
1.15406
1.15059
1.1454
1.13912
1.13225
1.12501
1.11728
1.10892
1.09983
1.09033
1.08131
1.07431
1.07092
1.07207
1.07772
1.08697
1.09832
1.10967
1.11882
1.12395
1.12418
1.11993
1.11281
1.10485
1.09733
1.0905
1.08451
1.08053
1.08071
1.08671
1.09822
1.1127
1.12642
1.13594
1.13909
1.13506
1.12438
1.10854
1.08977
1.07096
1.05547
1.04634
1.04531
1.0519
1.06337
1.07582
1.08557
1.09017
1.08848
1.0802
1.06561
1.04562
1.02198
0.996989
0.972978
0.951946
0.935695
0.926042
0.924523
0.931866
0.947623
0.970242
0.997303
1.02589
1.05312
1.07677
1.09589
1.11096
1.12338
1.13458
1.1452
1.15509
1.16365
1.17037
1.17497
1.17748
1.17833
1.1785
1.17917
1.18108
1.18368
1.18511
1.18321
1.17667
1.16584
1.15248
1.13909
1.12789
1.11993
1.11481
1.11109
1.10707
1.10133
1.09312
1.08244
1.07013
1.05781
1.0475
1.04117
1.04008
1.0444
1.05328
1.06523
1.07879
1.09289
1.10702
1.1209
1.13391
1.145
1.1531
1.1578
1.15963
1.15971
1.15903
1.15786
1.15574
1.15203
1.1465
1.13942
1.13133
1.12266
1.11386
1.10568
1.09933
1.09594
1.09583
1.09815
1.10126
1.10341
1.10317
1.09969
1.09278
1.08309
1.07212
1.06219
1.05588
1.05508
1.06
1.06896
1.07935
1.08928
1.0984
1.10701
1.11476
1.12065
1.12384
1.1242
1.12217
1.11848
1.11406
1.10978
1.10623
1.10353
1.10154
1.1
1.09887
1.09825
1.09832
1.09916
1.10085
1.10361
1.10794
1.1145
1.12359
1.13472
1.1464
1.15668
1.16383
1.16691
1.16591
1.16161
1.15517
1.14741
1.13866
1.12905
1.11909
1.10972
1.10201
1.09674
1.09441
1.09534
1.09959
1.10683
1.11639
1.12748
1.13933
1.15136
1.16294
1.17327
1.18145
1.18667
1.18845
1.18668
1.18145
1.17306
1.16194
1.1488
1.13454
1.12023
1.10686
1.09529
1.08656
1.08148
1.08006
1.08104
1.08241
1.08259
1.08117
1.07886
1.07697
1.07672
1.0788
1.08336
1.09032
1.0997
1.1116
1.12582
1.14149
1.15717
1.1711
1.18157
1.18717
1.1872
1.18186
1.17233
1.16033
1.14755
1.1352
1.12381
1.11339
1.10387
1.09547
1.08893
1.08523
1.08508
1.08852
1.09474
1.10242
1.10992
1.11544
1.11714
1.11336
1.10306
1.0862
1.0641
1.03936
1.01542
0.99575
0.982974
0.978208
0.980901
0.989377
1.00172
1.01652
1.03307
1.05103
1.07
1.08914
1.10704
1.12172
1.13106
1.13337
1.12789
1.11525
1.09776
1.07923
1.06405
1.05566
1.05558
1.06357
1.07854
1.09912
1.12355
1.14956
1.17446
1.19565
1.21109
1.21967
1.22131
1.2168
1.20763
1.19563
1.18272
1.17068
1.16092
1.15428
1.15094
1.15059
1.1526
1.15609
1.16
1.16309
1.16401
1.16167
1.15548
1.14564
1.13312
1.11947
1.10632
1.09497
1.08601
1.07912
1.07338
1.06766
1.06118
1.05386
1.04631
1.0396
1.03512
1.03437
1.0388
1.04927
1.0654
1.08533
1.10598
1.12417
1.13748
1.14467
1.14557
1.14104
1.13292
1.1239
1.11683
1.1137
1.1149
1.11929
1.12495
1.13022
1.13409
1.13614
1.13594
1.13286
1.12614
1.11545
1.1013
1.08522
1.06969
1.05766
1.05149
1.05196
1.0579
1.06704
1.07734
1.08784
1.09844
1.10917
1.11961
1.12895
1.13627
1.14092
1.14259
1.14116
1.13635
1.1278
1.11536
1.09946
1.08145
1.06356
1.04843
1.03833
1.03446
1.03659
1.04324
1.05222
1.06146
1.06973
1.0769
1.08373
1.09128
1.10028
1.1107
1.12178
1.13238
1.14142
1.14821
1.15251
1.15455
1.15482
1.15389
1.15219
1.1499
1.14686
1.14274
1.1371
1.12972
1.12072
1.11074
1.10094
1.0928
1.08787
1.08723
1.09113
1.09893
1.10937
1.12105
1.13268
1.14306
1.15087
1.15484
1.15422
1.14959
1.14302
1.13694
1.13227
1.12782
1.12155
1.11249
1.10125
1.08931
1.07815
1.06873
1.06163
1.05735
1.05661
1.06023
1.06865
1.08119
1.09588
1.11006
1.12131
1.12815
1.13028
1.1283
1.1232
1.11588
1.10692
1.09665
1.0856
1.07501
1.06732
1.06587
1.07339
1.08956
1.11057
1.13127
1.14779
1.15829
1.16229
1.15984
1.1512
1.13711
1.11907
1.0995
1.0813
1.06704
1.05821
1.05484
1.05578
1.05926
1.06346
1.067
1.06923
1.07008
1.06982
1.06879
1.06739
1.06622
1.06638
1.06943
1.077
1.08956
1.10537
1.12081
1.13188
1.1359
1.13268
1.12507
1.11829
1.11743
1.12417
1.13592
1.14845
1.1588
1.16622
1.17141
1.17552
1.17946
1.1837
1.18814
1.19213
1.19466
1.19458
1.19082
1.18256
1.1695
1.15196
1.13091
1.10801
1.08537
1.06497
1.04824
1.03615
1.02971
1.02971
1.03593
1.04674
1.05987
1.07352
1.08708
1.10084
1.11518
1.12967
1.14279
1.15252
1.15721
1.15637
1.15107
1.14378
1.13771
1.13568
1.13897
1.14692
1.15755
1.16879
1.17952
1.1897
1.19971
1.20942
1.21767
1.22272
1.22337
1.21971
1.21311
1.20544
1.19803
1.19125
1.18506
1.17931
1.17373
1.16757
1.15996
1.15039
1.13922
1.12768
1.11774
1.1113
1.10926
1.11088
1.11416
1.11701
1.11823
1.1179
1.1171
1.11724
1.11925
1.12308
1.12791
1.13267
1.13638
1.13823
1.13744
1.13361
1.12701
1.11864
1.10967
1.10062
1.09093
1.07941
1.0652
1.04878
1.03226
1.01841
1.00899
1.00409
1.00289
1.0044
1.00724
1.00965
1.01059
1.01074
1.01248
1.01842
1.02982
1.04577
1.06371
1.08056
1.09369
1.1017
1.10478
1.10445
1.10271
1.10073
1.09836
1.0945
1.0883
1.08031
1.07273
1.06884
1.07142
1.08123
1.09654
1.11406
1.1304
1.14299
1.15032
1.15178
1.14733
1.13738
1.12276
1.10492
1.08584
1.06778
1.05281
1.04259
1.03827
1.04025
1.04801
1.06016
1.07481
1.09009
1.10457
1.11743
1.12836
1.13746
1.14506
1.15178
1.15873
1.16755
1.17968
1.19485
1.21011
1.22085
1.22318
1.21564
1.19958
1.17875
1.158
1.14148
1.13118
1.12688
1.12702
1.12967
1.13321
1.13675
1.14014
1.14366
1.14741
1.15099
1.15384
1.15573
1.15699
1.15824
1.15995
1.16214
1.16452
1.16682
1.16901
1.17111
1.17296
1.17412
1.17398
1.17201
1.16797
1.16195
1.15427
1.14525
1.13506
1.12382
1.11208
1.10101
1.09223
1.08704
1.08589
1.08831
1.09363
1.10154
1.11184
1.12347
1.13428
1.14181
1.1446
1.14278
1.13784
1.13184
1.12646
1.12262
1.12049
1.11971
1.11985
1.12056
1.12155
1.1225
1.12281
1.12178
1.119
1.11444
1.10816
1.10014
1.09031
1.07892
1.06653
1.05371
1.04063
1.02716
1.01334
1.00005
0.98939
0.984195
0.986662
0.996916
1.01282
1.03114
1.04883
1.06364
1.07414
1.07964
1.08005
1.07585
1.06787
1.0572
1.04495
1.03222
1.01994
1.00878
0.999162
0.99137
0.985583
0.981644
0.978902
0.9765
0.974098
0.972381
0.972702
0.975964
0.981826
0.988968
0.996181
1.0032
1.0108
1.02023
1.03245
1.04765
1.06516
1.0836
1.10114
1.11585
1.12601
1.13052
1.12932
1.12358
1.11564
1.10852
1.105
1.10673
1.11372
1.12436
1.13608
1.14596
1.15137
1.15014
1.14055
1.12151
1.09343
1.05955
1.02671
1.003
0.992691
0.993923
1.00152
1.01051
1.01716
1.0192
1.01655
1.01178
1.00881
1.01038
1.01634
1.02429
1.03133
1.03528
1.03519
1.03134
1.02515
1.01888
1.01505
1.01569
1.022
1.03428
1.05197
1.07368
1.09736
1.12045
1.14033
1.15475
1.16226
1.16255
1.15653
1.14626
1.13432
1.1231
1.11415
1.10821
1.10557
1.10623
1.10965
1.11459
1.11938
1.12259
1.12349
1.12241
1.12067
1.12
1.12149
1.12474
1.12787
1.12843
1.12474
1.11688
1.10706
1.0988
1.09461
1.09403
1.09441
1.09336
1.09023
1.0862
1.08349
1.08445
1.09038
1.10059
1.11252
1.1229
1.12906
1.12979
1.12534
1.11715
1.10728
1.09799
1.09127
1.08837
1.0895
1.09393
1.10068
1.10904
1.11862
1.12893
1.13914
1.14823
1.15536
1.16022
1.16311
1.16477
1.16606
1.16763
1.16949
1.1709
1.17036
1.16625
1.15766
1.14524
1.1317
1.12126
1.11816
1.1245
1.13901
1.1576
1.17516
1.18731
1.19146
1.18687
1.17452
1.15673
1.13661
1.11741
1.10164
1.09067
1.08472
1.0833
1.0858
1.09158
1.09977
1.10883
1.11674
1.12182
1.12353
1.12259
1.12024
1.11752
1.11519
1.11411
1.11541
1.12006
1.12839
1.13988
1.15324
1.16685
1.17916
1.1889
1.19514
1.19739
1.19552
1.18968
1.18001
1.16654
1.14914
1.12807
1.10455
1.08099
1.06032
1.04484
1.03531
1.03115
1.03163
1.03651
1.04574
1.05848
1.07258
1.08498
1.09309
1.096
1.09451
1.09032
1.0856
1.08307
1.08475
1.0902
1.09662
1.10103
1.10171
1.09832
1.09135
1.08163
1.07008
1.05753
1.04498
1.03373
1.02532
1.02098
1.02111
1.02515
1.03206
1.04076
1.05047
1.06067
1.071
1.08102
1.09008
1.09731
1.10179
1.10294
1.1009
1.09675
1.09255
1.09091
1.0943
1.1043
1.12076
1.14155
1.16308
1.1814
1.19344
1.19754
1.19352
1.18232
1.16573
1.1459
1.12519
1.1058
1.08961
1.07808
1.07226
1.07275
1.07938
1.0909
1.10512
1.11953
1.13206
1.14141
1.14691
1.14831
1.14564
1.13908
1.12911
1.11666
1.10314
1.09036
1.08035
1.07522
1.07705
1.08747
1.10673
1.13315
1.16339
1.19355
1.22016
1.24082
1.25418
1.25971
1.25749
1.24814
1.2329
1.21371
1.19287
1.17273
1.1556
1.14381
1.13914
1.14174
1.14978
1.16081
1.1731
1.1854
1.19599
1.20248
1.20257
1.19504
1.18031
1.1606
1.1394
1.12053
1.10712
1.10086
1.10202
1.10967
1.12215
1.13737
1.15312
1.16735
1.17852
1.18577
1.18898
1.18832
1.18372
