-0.389691   -0.111324   -0.316928
-0.454072   -0.211129   0.42741
0.424593   0.177175   0.468889
-0.403648   -0.0607555   0.222413
-0.132279   -0.133195   0.384541
0.189492   -0.261784   -0.368355
-0.0866733   -0.395348   0.0479661
0.430186   -0.307614   -0.252169
-0.0614186   -0.194245   0.201704
0.482699   -0.490827   -0.463733
0.0912667   0.428536   -0.34225
-0.269678   -0.29282   -0.137192
-0.444314   -0.383708   0.217661
0.227037   -0.204363   0.423215
0.268977   0.0251166   0.411613
-0.344495   0.249433   -0.0608198
-0.257094   -0.464714   0.0883419
0.129593   -0.214553   0.131823
-0.134195   -0.437491   -0.342851
0.0786252   -0.0524756   0.459629
0.164841   0.0653913   -0.235955
0.0977059   0.119488   -0.42542
0.215368   -0.136566   -0.211613
0.427573   -0.290889   -0.445083
-0.183354   0.4308   0.415494
0.401614   0.326772   0.163983
0.247229   -0.452121   0.376832
0.0944294   -0.0520074   0.246848
-0.135212   0.230607   0.354814
-0.319741   0.488305   -0.117952
-0.288994   0.459572   -0.381261
-0.358532   0.0584189   -0.416002
-0.000148553   0.157852   -0.215374
-0.338354   -0.0467301   0.40961
0.06066   0.341767   0.279215
-0.214731   -0.104446   -0.44008
-0.485204   0.472619   -0.238491
-0.366323   0.372541   0.153691
0.31255   0.442897   -0.165194
-0.471387   0.386843   -0.0558396
-0.174265   0.171265   -0.131221
0.0239224   -0.309457   0.339227
0.367025   0.0605753   -0.0948268
-0.00405769   -0.213597   -0.468454
-0.162959   -0.361522   0.23292
0.220822   0.26371   -0.181026
0.0789331   -0.389211   0.171968
0.279811   -0.120407   -0.00769039
0.230914   0.424596   0.0476478
-0.177373   -0.356665   0.463503
-0.214601   -0.0496   -0.195653
-0.481734   0.179631   0.0721642
0.478483   -0.415292   -0.0486483
0.0180232   -0.062516   -0.327619
-0.00879956   0.247772   -0.0352651
-0.132992   -0.230922   -0.267477
0.13831   0.276388   0.112359
0.456272   -0.0107009   -0.49012
0.147425   0.119065   -0.0447743
0.391369   -0.0768821   -0.284711
-0.383418   0.338303   0.497998
-0.224745   0.215687   -0.472545
0.47005   0.230925   -0.175535
-0.164477   0.379949   -0.0249745
-0.338978   0.00634804   -0.00371517
-0.121623   -0.483246   -0.152665
0.230452   0.054845   0.124879
-0.0224409   -0.486058   0.298899
0.331686   0.132523   -0.315331
0.0825043   0.403695   -0.116615
0.383449   0.342007   -0.36624
-0.162533   0.108067   -0.319892
-0.316349   0.133165   0.331593
-0.361681   -0.466662   0.400958
0.375931   -0.0884857   0.21606
-0.317154   0.256505   -0.293432
-0.302362   -0.217811   0.289573
-0.131667   0.0454018   0.297145
0.260429   -0.449288   -0.344317
0.0752377   0.136816   0.363523
0.31823   0.242101   0.00582206
0.399148   -0.250043   0.299182
0.218291   0.331694   0.457815
0.0141342   0.451439   0.0798577
0.231769   -0.0494369   -0.402253
-0.485097   -0.143887   -0.0898532
0.411082   -0.254253   0.0737211
0.0653513   -0.447909   -0.495302
-0.00563318   0.110416   0.156321
-0.444101   0.267423   0.295011
-0.226729   0.149768   0.105708
0.296804   0.218955   0.322178
0.105276   -0.401971   -0.239976
-0.0810305   0.0244235   -0.0347188
0.163858   -0.369371   -0.0267936
0.448785   0.0934112   0.277746
0.372259   -0.432232   0.167109
-0.199396   -0.138133   0.0176082
0.400271   0.39243   0.372157
-0.0837238   0.0861181   0.486737
-0.351747   -0.315486   -0.386926
-0.104654   0.304725   0.169072
-0.0839472   0.362681   -0.301127
0.468029   -0.00186842   0.0524151
-0.383502   0.08348   -0.193999
-0.384304   -0.275539   0.0433195
-0.0174984   0.300655   0.491758
-0.00371279   -0.212553   -0.0233929
