1.52232
1.52808
1.53139
1.53191
1.52932
1.52367
1.5159
1.50788
1.50191
1.49963
1.50116
1.50491
1.50848
1.50992
1.50876
1.50622
1.50469
1.50672
1.51404
1.52693
1.54398
1.56247
1.57956
1.59357
1.60466
1.61462
1.62579
1.63981
1.6566
1.67432
1.69015
1.70138
1.70608
1.70329
1.69284
1.67543
1.65258
1.62639
1.59916
1.57275
1.54841
1.52707
1.5103
1.50046
1.49924
1.50595
1.51767
1.53129
1.5452
1.55943
1.5748
1.59177
1.60994
1.62813
1.64474
1.65802
1.66626
1.66797
1.6623
1.64964
1.63182
1.61177
1.5928
1.57778
1.5687
1.56666
1.57198
1.58397
1.60073
1.61917
1.63589
1.64846
1.65614
1.65984
1.66147
1.66272
1.66429
1.66575
1.66604
1.6641
1.65913
1.6506
1.63816
1.62157
1.60061
1.575
1.54458
1.50979
1.4723
1.43546
1.40407
1.38312
1.37581
1.38216
1.39919
1.42236
1.44705
1.46942
1.48713
1.49933
1.50643
1.50967
1.51063
1.51067
1.51036
1.5093
1.50641
1.50094
1.49312
1.48446
1.47755
1.47504
1.47852
1.48771
1.50076
1.5153
1.52893
1.53952
1.54529
1.54527
1.53966
1.52982
1.51787
1.506
1.49574
1.48762
1.48131
1.47612
1.47153
1.46743
1.46413
1.46243
1.46348
1.46846
1.47795
1.49149
1.50761
1.52443
1.54037
1.55452
1.5666
1.57645
1.58379
1.58814
1.58913
1.58678
1.58174
1.57547
1.57013
1.56836
1.57258
1.58407
1.60213
1.62389
1.64496
1.66066
1.66731
1.66317
1.64881
1.62672
1.60028
1.57283
1.54727
1.52614
1.51165
1.50518
1.50659
1.51396
1.52401
1.53332
1.53943
1.54146
1.5403
1.53806
1.53725
1.53977
1.54595
1.55427
1.56198
1.56613
1.56461
1.55663
1.54269
1.52435
1.50399
1.48454
1.46899
1.46001
1.45929
1.4668
1.48067
1.49803
1.51644
1.53467
1.55261
1.57056
1.58842
1.60535
1.61979
1.63003
1.63486
1.63399
1.62835
1.61987
1.61101
1.6043
1.602
1.60587
1.61684
1.63463
1.65734
1.68186
1.70477
1.72325
1.73517
1.73884
1.7328
1.71611
1.68863
1.65135
1.60651
1.55754
1.50888
1.46522
1.4308
1.40842
1.39905
1.40184
1.41477
1.43542
1.46138
1.49042
1.52058
1.5501
1.57745
1.60129
1.6203
1.63323
1.63914
1.63782
1.63001
1.61724
1.60145
1.58461
1.56843
1.5541
1.54202
1.5315
1.52087
1.50839
1.49347
1.47741
1.46327
1.45497
1.4557
1.46643
1.4854
1.50915
1.5345
1.55983
1.5852
1.61154
1.63953
1.66883
1.69786
1.72429
1.74576
1.76044
1.76724
1.76591
1.75693
1.7411
1.71931
1.69252
1.66219
1.63092
1.60221
1.57936
1.56403
1.55563
1.55207
1.55091
1.55038
1.54971
1.54895
1.54859
1.54905
1.55043
1.55271
1.556
1.56043
1.56561
1.57014
1.57184
1.5685
1.55866
1.54211
1.52018
1.49593
1.47432
1.46156
1.46324
1.48139
1.51258
1.54893
1.58145
1.60315
1.61047
1.6031
1.58326
1.55516
1.52474
1.49907
1.48496
1.4867
1.50424
1.53308
1.56642
1.59779
1.62265
1.63854
1.64461
1.64119
1.62957
1.61175
1.59031
1.56807
1.54775
1.53178
1.52222
1.52077
1.52847
1.54509
1.56865
1.59569
1.62234
1.64504
1.66106
1.66872
1.66743
1.6578
1.64167
1.62182
1.60152
1.58369
1.57032
1.562
1.55805
1.55691
1.55652
1.55455
1.5487
1.5372
1.51936
1.49591
1.46884
1.44071
1.41376
1.38947
1.36876
1.35242
1.34151
1.3371
1.33979
1.34906
1.36306
1.37895
1.39405
1.40671
1.41689
1.42556
1.43397
1.44303
1.45308
1.46416
1.47622
1.48908
1.50248
1.51608
1.5296
1.54305
1.55679
1.5713
1.58674
1.60245
1.61676
1.62739
1.63237
1.63086
1.62342
1.61163
1.59724
1.58157
1.56546
1.54956
1.53483
1.52258
1.51432
1.51113
1.51311
1.51907
1.52665
1.53315
1.53647
1.5361
1.53342
1.53123
1.53238
1.53833
1.54882
1.56227
1.5767
1.59053
1.6031
1.61447
1.62483
1.63382
1.64025
1.64241
1.63855
1.62774
1.61052
1.58957
1.56983
1.55717
1.5557
1.56544
1.58285
1.60334
1.62308
1.63933
1.65007
1.65433
1.65268
1.6471
1.63997
1.63282
1.62562
1.61732
1.60699
1.59447
1.58037
1.56586
1.55262
1.54256
1.53698
1.53559
1.53641
1.53668
1.53414
1.52749
1.51647
1.50161
1.4841
1.4658
1.44933
1.43773
1.43364
1.43819
1.45044
1.46767
1.48654
1.50434
1.51978
1.53288
1.54436
1.55493
1.56521
1.5758
1.58709
1.59872
1.60986
1.62003
1.62925
1.63742
1.6435
1.64572
1.64236
1.63266
1.61723
1.59831
1.57968
1.5654
1.55743
1.55419
1.55175
1.54679
1.53845
1.52853
1.52026
1.51664
1.51926
1.52839
1.54355
1.56389
1.58773
1.6126
1.63571
1.6546
1.6677
1.6746
1.67605
1.67352
1.66824
1.66056
1.65
1.63602
1.61886
1.59958
1.57964
1.56012
1.54146
1.52356
1.50644
1.49084
1.47835
1.47109
1.47074
1.47766
1.4906
1.50712
1.52464
1.54143
1.55681
1.57092
1.58391
1.59553
1.60503
1.61156
1.61452
1.61398
1.61069
1.60582
1.60033
1.59422
1.58633
1.57504
1.5595
1.54051
1.5206
1.50349
1.49295
1.49169
1.50036
1.51734
1.53903
1.56106
1.57958
1.59207
1.59761
1.59677
1.59122
1.58326
1.57522
1.56868
1.56403
1.56029
1.55566
1.54823
1.53707
1.52345
1.51146
1.50662
1.51219
1.52722
1.54785
1.56969
1.58905
1.60342
1.61176
1.615
1.61641
1.62128
1.63466
1.65752
1.68498
1.70933
1.72432
1.72701
1.71735
1.69727
1.67019
1.6406
1.61294
1.59013
1.57266
1.55917
1.5478
1.53735
1.52756
1.51874
1.51143
1.5064
1.50488
1.50845
1.51814
1.53348
1.5523
1.5712
1.58658
1.59551
1.59631
1.58927
1.57746
1.56641
1.56216
1.56828
1.58421
1.60619
1.6296
1.65043
1.6656
1.67278
1.67047
1.6584
1.63765
1.61041
1.57932
1.54671
1.51413
1.48248
1.45258
1.42601
1.40548
1.39444
1.3957
1.40994
1.43487
1.46577
1.49681
1.52268
1.53975
1.54667
1.54435
1.53557
1.52418
1.514
1.50759
1.50561
1.50749
1.51301
1.52335
1.54056
1.56571
1.59749
1.63249
1.66647
1.69544
1.71646
1.72783
1.72933
1.72213
1.70845
1.69108
1.6731
1.65773
1.64775
1.64441
1.64646
1.65018
1.6508
1.64448
1.62981
1.60838
1.58433
1.56317
1.55033
1.54966
1.56219
1.58597
1.61694
1.65032
1.68174
1.70776
1.7262
1.73658
1.74028
1.73999
1.73848
1.73727
1.73575
1.73182
1.72307
1.70841
1.68892
1.66781
1.64932
1.63687
1.63147
1.63157
1.63426
1.63676
1.6374
1.63574
1.6322
1.62755
1.62244
1.61736
1.61273
1.60914
1.60722
1.60704
1.60773
1.60754
1.60455
1.59769
1.58717
1.57418
1.56013
1.54634
1.5343
1.5258
1.52291
1.52738
1.53974
1.55857
1.58052
1.60116
1.6166
1.62492
1.62664
1.62419
1.62056
1.61793
1.61677
1.61596
1.61405
1.61035
1.60513
1.59903
1.59258
1.58654
1.58232
1.58174
1.58634
1.59661
1.61169
1.62968
1.64843
1.66608
1.68122
1.69252
1.69859
1.698
1.68949
1.67222
1.64591
1.61115
1.56974
1.52493
1.48144
1.44475
1.41976
1.40918
1.41281
1.42792
1.45034
1.47553
1.49942
1.51912
1.53367
1.54415
1.55309
1.56313
1.57568
1.59017
1.60425
1.6149
1.61965
1.61716
1.60739
1.59125
1.57027
1.54625
1.52101
1.4965
1.47475
1.45782
1.44722
1.44321
1.44459
1.44939
1.45599
1.46379
1.47317
1.48507
1.50037
1.51924
1.54093
1.56392
1.58641
1.60667
1.62329
1.63519
1.64149
1.64152
1.63501
1.6224
1.60513
1.58569
1.56724
1.55264
1.54358
1.54048
1.54302
1.55061
1.56247
1.57743
1.59366
1.60879
1.62023
1.62555
1.62313
1.61268
1.59553
1.57465
1.55412
1.53824
1.53055
1.53278
1.54427
1.56204
1.58201
1.60045
1.61511
1.62504
1.62981
1.62884
1.62141
1.60743
1.58779
1.56418
1.53892
1.51539
1.49814
1.49143
1.49654
1.51087
1.52959
1.54823
1.56451
1.57844
1.59126
1.60384
1.61592
1.62657
1.63554
1.64421
1.6551
1.67002
1.68852
1.708
1.72518
1.73728
1.74266
1.74082
1.73232
1.71859
1.7018
1.68454
1.66928
1.65771
1.65027
1.646
1.64298
1.63903
1.63272
1.62399
1.61418
1.60528
1.59896
1.59576
1.59498
1.59533
1.59597
1.59684
1.59829
1.60048
1.60315
1.60563
1.60729
1.60776
1.6072
1.60631
1.60633
1.60886
1.61524
1.62595
1.64013
1.65557
1.66931
1.67816
1.67928
1.67052
1.65073
1.62018
1.58077
1.53591
1.48998
1.44747
1.41214
1.38668
1.37277
1.37129
1.3821
1.40371
1.43331
1.46736
1.50228
1.53476
1.56191
1.5814
1.59193
1.59355
1.58774
1.57702
1.56428
1.55221
1.54276
1.53695
1.53494
1.53629
1.54037
1.54678
1.55558
1.56732
1.58255
1.60145
1.62321
1.64608
1.66765
1.68544
1.69736
1.70201
1.69869
1.68755
1.66952
1.64627
1.61991
1.59277
1.56725
1.54557
1.5295
1.51981
1.51598
1.51619
1.51788
1.51857
1.51665
1.51198
1.50588
1.50027
1.49623
1.49325
1.48968
1.48403
1.47585
1.46602
1.45652
1.45003
1.44925
1.45589
1.46987
1.48914
1.51029
1.52964
1.54426
1.55255
1.55436
1.55091
1.54444
1.53775
1.5336
1.53425
1.54102
1.55414
1.57239
1.59325
1.61343
1.6299
1.64071
1.64542
1.64485
1.64057
1.63433
1.6275
1.62065
1.61355
1.6053
1.59505
1.58284
1.57044
1.56086
1.55654
1.5573
1.5602
1.56189
1.56074
1.5571
1.5523
