1.01488
1.01872
1.02093
1.02127
1.01955
1.01578
1.0106
1.00526
1.00127
0.999753
1.00077
1.00328
1.00566
1.00662
1.00584
1.00415
1.00313
1.00448
1.00936
1.01795
1.02932
1.04164
1.05304
1.06238
1.06977
1.07641
1.08386
1.09321
1.1044
1.11621
1.12677
1.13425
1.13739
1.13553
1.12856
1.11695
1.10172
1.08426
1.0661
1.0485
1.03227
1.01804
1.00687
1.00031
0.99949
1.00397
1.01178
1.02086
1.03013
1.03962
1.04987
1.06118
1.07329
1.08542
1.0965
1.10535
1.11084
1.11198
1.1082
1.09976
1.08788
1.07451
1.06187
1.05185
1.0458
1.04444
1.04798
1.05598
1.06715
1.07944
1.0906
1.09898
1.10409
1.10656
1.10765
1.10848
1.10953
1.1105
1.1107
1.1094
1.10609
1.1004
1.09211
1.08105
1.06707
1.05
1.02972
1.00652
0.981534
0.956974
0.936045
0.922082
0.917206
0.921442
0.93279
0.948242
0.964699
0.979617
0.991419
0.999552
1.00429
1.00644
1.00708
1.00711
1.00691
1.0062
1.00428
1.00063
0.99541
0.989642
0.985032
0.983361
0.985682
0.991804
1.00051
1.0102
1.01929
1.02635
1.03019
1.03018
1.02644
1.01988
1.01192
1.004
0.997163
0.991748
0.987538
0.984077
0.981022
0.978284
0.976087
0.974954
0.975655
0.978973
0.9853
0.994324
1.00507
1.01628
1.02691
1.03635
1.0444
1.05097
1.05586
1.05876
1.05942
1.05785
1.05449
1.05031
1.04675
1.04557
1.04839
1.05605
1.06809
1.08259
1.09664
1.10711
1.11154
1.10878
1.0992
1.08448
1.06685
1.04855
1.03151
1.01743
1.00777
1.00345
1.00439
1.00931
1.01601
1.02222
1.02629
1.02764
1.02686
1.02537
1.02483
1.02652
1.03063
1.03618
1.04132
1.04408
1.04308
1.03776
1.02846
1.01623
1.00266
0.989694
0.979328
0.973341
0.97286
0.977865
0.987112
0.998688
1.01096
1.02311
1.03508
1.04704
1.05895
1.07024
1.07986
1.08669
1.0899
1.08932
1.08557
1.07992
1.07401
1.06953
1.068
1.07058
1.0779
1.08975
1.10489
1.12124
1.13652
1.14883
1.15678
1.15923
1.1552
1.14407
1.12575
1.1009
1.071
1.03836
1.00592
0.976814
0.953865
0.938949
0.932698
0.934557
0.943178
0.956946
0.974252
0.993616
1.01372
1.0334
1.05163
1.06753
1.0802
1.08882
1.09276
1.09188
1.08667
1.07816
1.06763
1.05641
1.04562
1.03606
1.02801
1.021
1.01391
1.00559
0.995647
0.984938
0.975513
0.969978
0.970465
0.977621
0.990268
1.0061
1.023
1.03989
1.0568
1.07436
1.09302
1.11255
1.13191
1.14953
1.16384
1.17363
1.17816
1.17728
1.17129
1.16073
1.14621
1.12834
1.10813
1.08728
1.06814
1.05291
1.04269
1.03709
1.03471
1.03394
1.03359
1.03314
1.03263
1.03239
1.0327
1.03362
1.03514
1.03733
1.04029
1.04374
1.04676
1.04789
1.04567
1.03911
1.02807
1.01345
0.997289
0.982878
0.974374
0.975495
0.987595
1.00838
1.03262
1.0543
1.06877
1.07365
1.06874
1.05551
1.03678
1.0165
0.99938
0.98997
0.991135
1.00282
1.02205
1.04428
1.06519
1.08177
1.09236
1.09641
1.09413
1.08638
1.0745
1.06021
1.04538
1.03184
1.02119
1.01482
1.01385
1.01898
1.03006
1.04577
1.0638
1.08156
1.09669
1.10737
1.11248
1.11162
1.1052
1.09445
1.08121
1.06768
1.0558
1.04688
1.04133
1.0387
1.03794
1.03768
1.03637
1.03247
1.0248
1.01291
0.997276
0.979224
0.960471
0.942506
0.926316
0.912503
0.901611
0.894342
0.891403
0.893192
0.899372
0.908704
0.919302
0.929365
0.937808
0.944592
0.95037
0.955983
0.962022
0.968717
0.976108
0.984145
0.992719
1.00166
1.01072
1.01973
1.0287
1.03786
1.04753
1.05783
1.0683
1.07784
1.08493
1.08825
1.08724
1.08228
1.07442
1.06482
1.05438
1.04364
1.03304
1.02322
1.01505
1.00955
1.00742
1.00874
1.01271
1.01777
1.0221
1.02431
1.02406
1.02228
1.02082
1.02158
1.02556
1.03255
1.04152
1.05114
1.06036
1.06873
1.07632
1.08322
1.08921
1.0935
1.09494
1.09237
1.08516
1.07368
1.05972
1.04655
1.03812
1.03714
1.04363
1.05523
1.06889
1.08205
1.09288
1.10004
1.10289
1.10178
1.09807
1.09332
1.08855
1.08375
1.07822
1.07133
1.06298
1.05358
1.04391
1.03508
1.02837
1.02465
1.02373
1.02427
1.02446
1.02276
1.01833
1.01098
1.00108
0.9894
0.977203
0.966223
0.958485
0.955757
0.958795
0.966962
0.978446
0.991028
1.0029
1.01319
1.02192
1.02957
1.03662
1.04348
1.05054
1.05806
1.06582
1.07324
1.08002
1.08617
1.09161
1.09567
1.09714
1.09491
1.08844
1.07815
1.06554
1.05312
1.0436
1.03829
1.03613
1.0345
1.03119
1.02564
1.01902
1.01351
1.01109
1.01284
1.01892
1.02904
1.04259
1.05849
1.07507
1.09047
1.10307
1.1118
1.1164
1.11737
1.11568
1.11216
1.10704
1.1
1.09068
1.07924
1.06639
1.05309
1.04008
1.02764
1.01571
1.00429
0.993891
0.985567
0.980728
0.980494
0.985109
0.993732
1.00474
1.01643
1.02762
1.03788
1.04728
1.05594
1.06368
1.07002
1.07437
1.07635
1.07599
1.07379
1.07055
1.06689
1.06281
1.05755
1.05003
1.03967
1.02701
1.01374
1.00233
0.995297
0.994457
1.00024
1.01156
1.02602
1.04071
1.05306
1.06138
1.06507
1.06451
1.06081
1.05551
1.05014
1.04579
1.04268
1.0402
1.03711
1.03215
1.02472
1.01563
1.00764
1.00441
1.00813
1.01814
1.0319
1.04646
1.05937
1.06894
1.07451
1.07667
1.0776
1.08085
1.08977
1.10501
1.12332
1.13956
1.14955
1.15134
1.1449
1.13151
1.11346
1.09373
1.0753
1.06008
1.04844
1.03945
1.03186
1.0249
1.01837
1.01249
1.00762
1.00426
1.00326
1.00564
1.01209
1.02232
1.03486
1.04747
1.05772
1.06368
1.0642
1.05952
1.05164
1.04427
1.04144
1.04552
1.05614
1.07079
1.0864
1.10029
1.1104
1.11519
1.11365
1.1056
1.09177
1.07361
1.05288
1.03114
1.00942
0.988322
0.968387
0.950675
0.93699
0.929624
0.930465
0.939961
0.956583
0.977179
0.997872
1.01512
1.0265
1.03112
1.02957
1.02371
1.01612
1.00933
1.00506
1.00374
1.00499
1.00867
1.01557
1.02704
1.04381
1.06499
1.08833
1.11098
1.1303
1.1443
1.15189
1.15289
1.14809
1.13896
1.12739
1.1154
1.10516
1.0985
1.09627
1.09764
1.10012
1.10053
1.09632
1.08654
1.07226
1.05622
1.04211
1.03356
1.03311
1.04146
1.05732
1.07796
1.10021
1.12116
1.13851
1.1508
1.15772
1.16019
1.15999
1.15899
1.15818
1.15716
1.15454
1.14871
1.13894
1.12595
1.11188
1.09955
1.09124
1.08764
1.08771
1.08951
1.09117
1.0916
1.0905
1.08814
1.08503
1.08163
1.07824
1.07515
1.07276
1.07148
1.07136
1.07182
1.07169
1.0697
1.06512
1.05811
1.04946
1.04008
1.03089
1.02286
1.0172
1.01527
1.01825
1.02649
1.03905
1.05368
1.06744
1.07774
1.08328
1.08443
1.0828
1.08037
1.07862
1.07785
1.07731
1.07603
1.07356
1.07009
1.06602
1.06172
1.05769
1.05488
1.0545
1.05756
1.06441
1.07446
1.08645
1.09895
1.11072
1.12081
1.12835
1.13239
1.132
1.12633
1.11481
1.09728
1.0741
1.04649
1.01662
0.987625
0.963165
0.946504
0.939455
0.941876
0.951948
0.966891
0.983688
0.999611
1.01275
1.02245
1.02944
1.03539
1.04209
1.05045
1.06011
1.0695
1.0766
1.07977
1.07811
1.07159
1.06083
1.04685
1.03083
1.01401
0.997668
0.983169
0.971879
0.964811
0.962138
0.96306
0.96626
0.970659
0.975859
0.982114
0.99005
1.00024
1.01283
1.02729
1.04262
1.05761
1.07111
1.08219
1.09013
1.09433
1.09435
1.09001
1.0816
1.07008
1.05712
1.04483
1.03509
1.02905
1.02699
1.02868
1.03374
1.04165
1.05162
1.06244
1.07253
1.08015
1.0837
1.08209
1.07512
1.06369
1.04977
1.03608
1.0255
1.02037
1.02186
1.02951
1.04136
1.05467
1.06697
1.07674
1.08336
1.08654
1.08589
1.08094
1.07162
1.05853
1.04279
1.02595
1.01026
0.998763
0.994286
0.997693
1.00725
1.01973
1.03216
1.043
1.05229
1.06084
1.06923
1.07728
1.08438
1.09036
1.09614
1.1034
1.11335
1.12568
1.13867
1.15012
1.15818
1.16177
1.16055
1.15488
1.14572
1.13453
1.12303
1.11285
1.10514
1.10018
1.09733
1.09532
1.09269
1.08848
1.08266
1.07612
1.07019
1.06597
1.06384
1.06332
1.06355
1.06398
1.06456
1.06552
1.06699
1.06877
1.07042
1.07153
1.07184
1.07147
1.07087
1.07089
1.07258
1.07682
1.08397
1.09342
1.10371
1.11287
1.11877
1.11952
1.11368
1.10049
1.08012
1.05385
1.02394
0.993322
0.964982
0.941428
0.924451
0.91518
0.914194
0.921399
0.935806
0.95554
0.978237
1.00152
1.02317
1.04127
1.05427
1.06128
1.06237
1.0585
1.05134
1.04285
1.03481
1.0285
1.02463
1.02329
1.02419
1.02691
1.03118
1.03706
1.04488
1.05504
1.06763
1.08214
1.09738
1.11177
1.12362
1.13157
1.13467
1.13246
1.12503
1.11302
1.09751
1.07994
1.06185
1.04483
1.03038
1.01967
1.01321
1.01065
1.0108
1.01192
1.01238
1.0111
1.00799
1.00392
1.00018
0.99749
0.995499
0.993121
0.989352
0.983899
0.977347
0.971012
0.96669
0.966166
0.970594
0.979916
0.992762
1.00686
1.01976
1.02951
1.03503
1.03624
1.03394
1.02963
1.02516
1.0224
1.02283
1.02735
1.03609
1.04826
1.06216
1.07562
1.0866
1.09381
1.09695
1.09656
1.09371
1.08956
1.085
1.08043
1.0757
1.0702
1.06336
1.05523
1.04696
1.04057
1.0377
1.0382
1.04013
1.04126
1.04049
1.03806
1.03486
