-3.49921
-3.4983
-3.49861
-3.4983
-3.4974
-3.49679
-3.49725
-3.4974
-3.49709
-3.49679
-3.49664
-3.49679
-3.49679
-3.49649
-3.49574
-3.49528
-3.49528
-3.49437
-3.49407
-3.49438
-3.49528
-3.49529
-3.49514
-3.49453
-3.49468
-3.49408
-3.49362
-3.49377
-3.49272
-3.49347
-3.49378
-3.49438
-3.49484
-3.49438
-3.49469
-3.49438
-3.49499
-3.4965
-3.4965
-3.49574
-3.49574
-3.49559
-3.49483
-3.49513
-3.49483
-3.49438
-3.49574
-3.49574
-3.49589
-3.49634
-3.49634
-3.49634
-3.4971
-3.49665
-3.49635
-3.49559
-3.49469
-3.49423
-3.49469
-3.49469
-3.49559
-3.49604
-3.49574
-3.49528
-3.49619
-3.49634
-3.49679
-3.49679
-3.49649
-3.4974
-3.49529
-3.49574
-3.49544
-3.49483
-3.49483
-3.49483
-3.49513
-3.49513
-3.49574
-3.49589
-3.49604
-3.49619
-3.4968
-3.49574
-3.49665
-3.4971
-3.49619
-3.49604
-3.49604
-3.49589
-3.49573
-3.49543
-3.49634
-3.49694
-3.4971
-3.49725
-3.49801
-3.49786
-3.49725
-3.49786
-3.49876
-3.49831
-3.49786
-3.4971
-3.4968
-3.49604
-3.49604
-3.4962
-3.49589
-3.49619
-3.49589
-3.49559
-3.49574
-3.49604
-3.49559
-3.49574
-3.49514
-3.49469
-3.49484
-3.49559
-3.4962
-3.49695
-3.4971
-3.4977
-3.49846
-3.49906
-3.49876
-3.49801
-3.49785
-3.49695
-3.49725
-3.49755
-3.49725
-3.49755
-3.49695
-3.4971
-3.49801
-3.49816
-3.49801
-3.49725
-3.4968
-3.49695
-3.49604
-3.49635
-3.49574
-3.4965
-3.4965
-3.49619
-3.49619
-3.49604
-3.49664
-3.4971
-3.4968
-3.4968
-3.4965
-3.49741
-3.49726
-3.49665
-3.49635
-3.49574
-3.49725
-3.4971
-3.49695
-3.49785
-3.498
-3.4977
-3.49694
-3.4971
-3.4974
-3.4974
-3.49725
-3.49634
-3.49634
-3.49559
-3.49634
-3.49634
-3.49649
-3.4968
-3.49665
-3.49619
-3.49559
-3.49665
-3.49725
-3.4971
-3.49604
-3.49679
-3.49588
-3.49709
-3.49769
-3.49769
-3.49785
-3.49634
-3.49634
-3.49649
-3.49588
-3.49634
-3.49649
-3.49679
-3.49649
-3.49694
-3.49468
-3.49317
-3.49196
-3.49226
-3.49211
-3.4921
-3.4912
-3.49074
-3.49044
-3.49074
-3.49135
-3.49165
-3.49271
-3.49302
-3.49377
-3.49483
-3.49453
-3.49498
-3.49649
-3.49725
-3.49815
-3.49694
-3.49784
-3.49799
-3.49935
-3.49965
-3.4992
-3.49905
-3.4986
-3.49799
-3.49739
-3.49724
-3.498
-3.49921
-3.49951
-3.49981
-3.50072
-3.49981
-3.50057
-3.50072
-3.50057
-3.50102
-3.50087
-3.50056
-3.49981
-3.50102
-3.50011
-3.49996
-3.50027
-3.50057
-3.50042
-3.50011
-3.50071
-3.50026
-3.50026
-3.49845
-3.4986
-3.49845
-3.498
-3.498
-3.4986
-3.49724
-3.49724
-3.49769
-3.49815
-3.49845
-3.49845
-3.49679
-3.49754
-3.49739
-3.49709
-3.49633
-3.49618
-3.49724
-3.49754
-3.49739
-3.49769
-3.49829
-3.49829
-3.49799
-3.49784
-3.49709
-3.49739
-3.49648
-3.49618
-3.49663
-3.49678
-3.49618
-3.49603
-3.49679
-3.49679
-3.49709
-3.49694
-3.49694
-3.49649
-3.49649
-3.49664
-3.49573
-3.49558
-3.49557
-3.49587
-3.49496
-3.49482
-3.49467
-3.49498
-3.49483
-3.49559
-3.49529
-3.49604
-3.49619
-3.49724
-3.49754
-3.49633
-3.49648
-3.49693
-3.49663
-3.49693
-3.49679
-3.49603
-3.49679
-3.4974
-3.49664
-3.49664
-3.49649
-3.49679
-3.49694
-3.49679
-3.49724
-3.49769
-3.49769
-3.49799
-3.49769
-3.49724
-3.49875
-3.49936
-3.49921
-3.50012
-3.49997
-3.50072
-3.50027
-3.49966
-3.49936
-3.49951
-3.49981
-3.4986
-3.498
-3.498
-3.49739
-3.49679
-3.49634
-3.49559
-3.49438
-3.49453
-3.49529
-3.49528
-3.49392
-3.49453
-3.49453
-3.49483
-3.49588
-3.49528
-3.49543
-3.49513
-3.49498
-3.49407
-3.49408
-3.49332
-3.49423
-3.49453
-3.49483
-3.49483
-3.49453
-3.49513
-3.49543
-3.49649
-3.49574
-3.49604
-3.49665
-3.49649
-3.49649
-3.4974
-3.49695
-3.49695
-3.49634
-3.49619
-3.49619
-3.49589
-3.49589
-3.49589
-3.49514
-3.49574
-3.49513
-3.49498
-3.49559
-3.49544
-3.49468
-3.49438
-3.49362
-3.49362
-3.49347
-3.49423
-3.49378
-3.49393
-3.49469
-3.49544
-3.49619
-3.49664
-3.49559
-3.49619
-3.49634
-3.4974
-3.49725
-3.49725
-3.49876
-3.49922
-3.49997
-3.50073
-3.49861
-3.49801
-3.49816
-3.49846
-3.49846
-3.49801
-3.49679
-3.49709
-3.49558
-3.49559
-3.49574
-3.49589
-3.49514
-3.4959
-3.49484
-3.49499
-3.49559
-3.49544
-3.49604
-3.4965
-3.49771
-3.49907
-3.49922
-3.49952
-3.49907
-3.49967
-3.49906
-3.49921
-3.49952
-3.49861
-3.49816
-3.49877
-3.49786
-3.49756
-3.49756
-3.49741
-3.49695
-3.49695
-3.49695
-3.4974
-3.498
-3.49861
-3.49906
-3.49922
-3.49846
-3.49937
-3.49922
-3.49997
-3.50012
-3.49997
-3.49967
-3.49876
-3.49891
-3.49922
-3.49997
-3.49891
-3.49861
-3.49846
-3.49907
-3.49937
-3.49892
-3.49952
-3.49846
-3.49816
-3.49816
-3.49921
-3.49937
-3.49801
-3.49922
-3.49922
-3.49892
-3.49937
-3.49952
-3.49891
-3.49952
-3.49937
-3.49906
-3.49937
-3.49982
-3.50028
-3.50043
-3.50149
-3.50209
-3.50149
-3.50058
-3.50028
-3.50103
-3.50209
-3.50224
-3.50194
-3.50194
-3.50149
-3.50073
-3.50058
-3.49967
-3.49907
-3.49831
-3.49892
-3.49861
-3.49967
-3.49952
-3.49876
-3.49967
-3.49997
-3.50028
-3.49892
-3.49862
-3.49786
-3.49786
-3.49726
-3.49756
-3.49786
-3.49801
-3.49605
-3.49514
-3.49665
-3.49665
-3.49726
-3.49801
-3.49726
-3.49801
-3.49695
-3.49756
-3.4977
-3.49921
-3.50012
-3.49936
-3.49891
-3.49801
-3.49846
-3.49832
-3.49832
-3.49771
-3.49756
-3.49756
-3.49801
-3.4974
-3.49801
-3.49801
-3.49831
-3.49877
-3.49907
-3.49907
-3.49922
-3.49952
-3.49952
-3.49997
-3.49907
-3.49952
-3.50028
-3.50028
-3.49998
-3.49952
-3.49847
-3.49982
-3.50073
-3.50163
-3.50163
-3.50013
-3.49998
-3.49938
-3.49817
-3.49787
-3.49847
-3.49877
-3.49756
-3.4968
-3.4965
-3.49695
-3.4974
-3.49741
-3.49786
-3.49846
-3.49846
-3.49786
-3.49786
-3.49786
-3.49816
-3.49861
-3.49877
-3.49907
-3.49847
-3.49938
-3.49968
-3.49953
-3.49968
-3.50058
-3.50118
-3.50058
-3.50058
-3.49982
-3.49907
-3.49877
-3.49923
-3.49832
-3.49787
-3.49802
-3.49938
-3.49953
-3.50119
-3.50179
-3.5024
-3.5024
-3.50255
-3.50194
-3.50209
-3.50194
-3.50164
-3.50209
-3.50088
-3.50118
-3.50058
-3.49998
-3.49953
-3.49953
-3.49998
-3.50013
-3.50058
-3.50028
-3.49952
-3.49892
-3.49937
-3.49937
-3.49998
-3.49967
-3.49876
-3.49756
-3.49695
-3.49696
-3.49756
-3.49696
-3.49787
-3.49817
-3.49862
-3.49862
-3.49862
-3.49953
-3.49953
-3.50028
-3.50103
-3.50209
-3.50255
-3.5021
-3.5021
-3.50255
-3.50255
-3.50134
-3.50194
-3.50149
-3.50088
-3.50012
-3.49937
-3.50013
-3.50073
-3.50179
-3.50225
-3.50225
-3.50195
-3.50164
-3.50119
-3.50134
-3.50119
-3.50209
-3.5024
-3.50315
-3.50255
-3.5021
-3.503
-3.50224
-3.50179
-3.50239
-3.503
-3.503
-3.50255
-3.50285
-3.50285
-3.50119
-3.50134
-3.50043
-3.50074
-3.49983
-3.49892
-3.49938
-3.49938
-3.49892
-3.49953
-3.49923
-3.49832
-3.49711
-3.49666
-3.49681
-3.49635
-3.49635
-3.49665
-3.49665
-3.49665
-3.4971
-3.49741
-3.49801
-3.49877
-3.49877
-3.49802
-3.49696
-3.4959
-3.49635
-3.4956
-3.49424
-3.49454
-3.4956
-3.4956
-3.4953
-3.4953
-3.49545
-3.49469
-3.4956
-3.49756
-3.49801
-3.49726
-3.49816
-3.49816
-3.49756
-3.49771
-3.49802
-3.49817
-3.49756
-3.49666
-3.49726
-3.49726
-3.49696
-3.49757
-3.49741
-3.49741
-3.49635
-3.49665
-3.4974
-3.49785
-3.49785
-3.49725
-3.4971
-3.49801
-3.49832
-3.49938
-3.49908
-3.49983
-3.49892
-3.49998
-3.50134
-3.50073
-3.50104
-3.50089
-3.50195
-3.50195
-3.50225
-3.50225
-3.50164
-3.50179
-3.50104
-3.50104
-3.50013
-3.49952
-3.50013
-3.50043
-3.50118
-3.50149
-3.50028
-3.50013
-3.49952
-3.49983
-3.49967
-3.49922
-3.49877
-3.49953
-3.49983
-3.49923
-3.49998
-3.50044
-3.50104
-3.50028
-3.50119
-3.50225
-3.50346
-3.50406
-3.50436
-3.5033
-3.50239
-3.50194
-3.50164
-3.50103
-3.50043
-3.50013
-3.50089
-3.50195
-3.50104
-3.50014
-3.49968
-3.50059
-3.50089
-3.50104
-3.50134
-3.50149
-3.50119
-3.50043
-3.49937
-3.49953
-3.49938
-3.50029
-3.49999
-3.50044
-3.50104
-3.50135
-3.50119
-3.50074
-3.50104
-3.50044
-3.50044
-3.49998
-3.50028
-3.49998
-3.49907
-3.49922
-3.49907
-3.49908
-3.49878
-3.49847
-3.49862
-3.49953
-3.50013
-3.49968
-3.50044
-3.50044
-3.50194
-3.50104
-3.50104
-3.50058
-3.49953
-3.50013
-3.49998
-3.49923
-3.49923
-3.49862
-3.49787
-3.49847
-3.49847
-3.49816
-3.49816
-3.49847
-3.49862
-3.49877
-3.49756
-3.49741
-3.49756
-3.49802
-3.49786
-3.49816
-3.49816
-3.49877
-3.49862
-3.49817
-3.49817
-3.49801
-3.49741
-3.49771
-3.49696
-3.49771
-3.49756
-3.49786
-3.49847
-3.49862
-3.49892
-3.49816
-3.49711
-3.49786
-3.49756
-3.49817
-3.49817
-3.49893
-3.49848
-3.49742
-3.49787
-3.49772
-3.49786
-3.49801
-3.49801
-3.49801
-3.49952
-3.49982
-3.50088
-3.50013
-3.49998
-3.50058
-3.50104
-3.50164
-3.5018
-3.50255
-3.5018
-3.50256
-3.5021
-3.5018
-3.50164
-3.50209
-3.50134
-3.50088
-3.49998
-3.49937
-3.49998
-3.49983
-3.49907
-3.49831
-3.49907
-3.49862
-3.49801
-3.49786
-3.49801
-3.49847
-3.49771
-3.49772
-3.49726
-3.49741
-3.49696
-3.49696
-3.49756
-3.49832
-3.49892
-3.49907
-3.49937
-3.49831
-3.4974
-3.4968
-3.49514
-3.49514
-3.4956
-3.49681
-3.49696
-3.49665
-3.49635
-3.49726
-3.49801
-3.49801
-3.49711
-3.49832
-3.49862
-3.49801
-3.49801
-3.49801
-3.49771
-3.49816
-3.49726
-3.49726
-3.49741
-3.49938
-3.49877
-3.49907
-3.49907
-3.49877
-3.49877
-3.49907
-3.49861
-3.49786
-3.49907
-3.49922
-3.49968
-3.50013
-3.50104
-3.50089
-3.50013
-3.49907
-3.49968
-3.49832
-3.49892
-3.49953
-3.49937
-3.49938
-3.50013
-3.49983
-3.50028
-3.49998
-3.50028
-3.50104
-3.50089
-3.50074
-3.50134
-3.5018
-3.5021
