-5.02153
-5.02639
-5.03
-5.03022
-5.02672
-5.02047
-5.01314
-5.00528
-4.999
-4.99642
-4.9978
-5.00171
-5.00528
-5.00642
-5.00449
-5.0015
-4.99997
-5.00109
-5.00811
-5.02131
-5.03927
-5.05775
-5.07469
-5.0881
-5.09934
-5.10869
-5.11942
-5.13359
-5.14932
-5.16779
-5.18393
-5.19576
-5.20092
-5.19767
-5.18752
-5.16981
-5.14757
-5.12289
-5.09565
-5.06849
-5.04414
-5.02265
-5.00513
-4.99559
-4.99407
-5.00033
-5.01341
-5.02703
-5.04109
-5.05578
-5.07115
-5.08811
-5.10704
-5.12478
-5.14109
-5.15361
-5.16095
-5.1622
-5.15698
-5.14433
-5.12741
-5.10781
-5.08854
-5.07306
-5.06488
-5.063
-5.06877
-5.08076
-5.09722
-5.11657
-5.13118
-5.1442
-5.15157
-5.15467
-5.1563
-5.15755
-5.15942
-5.16088
-5.16178
-5.15999
-5.15517
-5.14679
-5.13496
-5.11731
-5.09725
-5.0721
-5.04077
-5.00583
-4.96834
-4.93135
-4.8998
-4.87855
-4.87215
-4.87911
-4.89628
-4.91961
-4.94506
-4.96728
-4.98438
-4.99719
-5.0052
-5.00798
-5.00848
-5.00777
-5.00716
-5.00534
-5.00246
-4.99714
-4.98901
-4.98066
-4.97344
-4.97063
-4.97426
-4.98375
-4.99635
-5.01104
-5.02407
-5.03421
-5.04013
-5.04087
-5.03586
-5.02677
-5.01497
-5.0037
-4.9942
-4.98669
-4.98007
-4.97412
-4.96939
-4.96437
-4.96138
-4.95998
-4.96073
-4.96601
-4.9749
-4.98858
-5.00562
-5.02258
-5.03837
-5.05178
-5.0634
-5.0734
-5.07983
-5.08449
-5.08487
-5.08328
-5.07824
-5.07167
-5.06632
-5.0644
-5.06922
-5.08117
-5.09893
-5.12069
-5.14146
-5.15807
-5.16457
-5.15982
-5.14516
-5.12246
-5.09753
-5.06993
-5.04422
-5.02399
-5.00965
-5.00287
-5.00353
-5.01105
-5.02141
-5.03073
-5.03668
-5.0378
-5.03664
-5.03364
-5.03359
-5.03611
-5.04244
-5.05107
-5.05863
-5.06232
-5.06021
-5.05328
-5.03994
-5.02144
-5.00003
-4.98133
-4.96487
-4.9571
-4.95698
-4.96449
-4.97851
-4.99437
-5.01278
-5.03116
-5.0485
-5.06689
-5.08491
-5.10215
-5.11628
-5.12698
-5.12954
-5.12715
-5.12031
-5.11213
-5.10312
-5.0964
-5.0932
-5.09661
-5.10729
-5.12537
-5.14869
-5.17352
-5.19749
-5.21627
-5.22894
-5.23367
-5.22733
-5.21109
-5.18512
-5.1486
-5.10466
-5.05448
-5.00672
-4.96321
-4.93015
-4.90807
-4.89824
-4.90088
-4.91336
-4.93341
-4.95877
-4.98766
-5.01857
-5.0493
-5.07696
-5.1011
-5.12102
-5.13305
-5.13971
-5.13854
-5.13058
-5.11826
-5.10232
-5.08518
-5.06824
-5.05511
-5.04213
-5.03146
-5.02113
-5.00895
-4.99389
-4.97752
-4.96398
-4.95523
-4.95596
-4.96488
-4.984
-5.0076
-5.0325
-5.05783
-5.0838
-5.10878
-5.13677
-5.16652
-5.19601
-5.22274
-5.24421
-5.25723
-5.26478
-5.26331
-5.25402
-5.23743
-5.2155
-5.18976
-5.15974
-5.12831
-5.0999
-5.07766
-5.06232
-5.05362
-5.04991
-5.048
-5.04777
-5.0462
-5.04513
-5.04522
-5.04583
-5.04661
-5.04874
-5.05278
-5.05721
-5.0627
-5.06708
-5.06878
-5.06499
-5.05515
-5.03875
-5.01591
-4.99151
-4.96989
-4.95743
-4.95821
-4.97621
-5.00725
-5.04391
-5.07628
-5.09874
-5.10576
-5.09914
-5.07945
-5.05241
-5.02229
-4.9954
-4.98143
-4.98363
-5.00086
-5.03001
-5.0632
-5.09383
-5.11945
-5.13593
-5.14125
-5.13783
-5.12606
-5.10854
-5.08725
-5.06485
-5.04499
-5.02947
-5.01991
-5.01876
-5.02616
-5.04233
-5.0674
-5.09505
-5.12155
-5.14515
-5.16102
-5.16944
-5.1677
-5.15747
-5.14103
-5.12133
-5.10133
-5.08229
-5.06832
-5.06
-5.05544
-5.0537
-5.05285
-5.05014
-5.04308
-5.03173
-5.01465
-4.9912
-4.96276
-4.93523
-4.90828
-4.8843
-4.86464
-4.8477
-4.83694
-4.83223
-4.83477
-4.84313
-4.85713
-4.87228
-4.88828
-4.90124
-4.91172
-4.92039
-4.9285
-4.93817
-4.94851
-4.96065
-4.97195
-4.98512
-4.99913
-5.01257
-5.02609
-5.04045
-5.05374
-5.06825
-5.08308
-5.09865
-5.11296
-5.12329
-5.12827
-5.12675
-5.11855
-5.10737
-5.09237
-5.07655
-5.06105
-5.045
-5.02951
-5.01696
-5.00795
-5.00476
-5.00659
-5.01329
-5.02043
-5.02708
-5.03115
-5.03154
-5.02962
-5.02788
-5.02796
-5.03453
-5.04516
-5.05968
-5.07396
-5.08779
-5.10186
-5.11369
-5.1248
-5.13455
-5.13886
-5.14042
-5.13671
-5.1262
-5.10899
-5.08758
-5.06662
-5.05427
-5.05129
-5.06103
-5.07859
-5.09923
-5.11822
-5.13522
-5.1449
-5.14932
-5.14827
-5.14254
-5.13602
-5.12932
-5.12332
-5.11639
-5.10621
-5.09399
-5.07944
-5.06554
-5.05168
-5.04177
-5.03649
-5.0342
-5.03457
-5.03545
-5.032
-5.02505
-5.01403
-4.99902
-4.98105
-4.96275
-4.94628
-4.93513
-4.93164
-4.9368
-4.94951
-4.96689
-4.985
-5.00371
-5.019
-5.03286
-5.04448
-5.05491
-5.06488
-5.07457
-5.086
-5.09794
-5.10983
-5.11894
-5.12786
-5.13588
-5.14257
-5.14509
-5.14128
-5.13219
-5.11569
-5.09646
-5.07784
-5.06462
-5.0568
-5.0522
-5.05097
-5.04601
-5.03737
-5.0279
-5.01978
-5.01555
-5.01878
-5.02775
-5.04262
-5.06326
-5.08756
-5.11287
-5.13614
-5.15609
-5.16979
-5.17609
-5.17663
-5.1738
-5.16927
-5.16266
-5.15224
-5.13796
-5.1208
-5.10107
-5.08037
-5.0607
-5.04113
-5.02263
-5.00475
-4.98975
-4.97696
-4.97076
-4.97026
-4.97643
-4.99027
-5.00709
-5.02492
-5.04035
-5.05543
-5.06878
-5.08177
-5.09278
-5.10259
-5.10942
-5.11253
-5.11003
-5.10583
-5.10248
-5.09698
-5.09148
-5.08434
-5.0723
-5.05752
-5.03747
-5.01816
-5.0012
-4.99216
-4.9918
-4.99973
-5.01625
-5.03703
-5.05953
-5.0779
-5.09039
-5.09532
-5.09433
-5.08877
-5.08127
-5.07262
-5.06669
-5.06204
-5.05861
-5.05443
-5.0473
-5.03614
-5.02267
-5.01098
-5.00613
-5.01216
-5.02628
-5.04737
-5.06997
-5.08933
-5.10339
-5.11128
-5.11346
-5.11623
-5.122
-5.13629
-5.15915
-5.18511
-5.20931
-5.2237
-5.22518
-5.21522
-5.19574
-5.16896
-5.13815
-5.10974
-5.08662
-5.06961
-5.05657
-5.0452
-5.03521
-5.02602
-5.0172
-5.00929
-5.00425
-5.00274
-5.00661
-5.01675
-5.03224
-5.05137
-5.06967
-5.08596
-5.09519
-5.09583
-5.08895
-5.07805
-5.0676
-5.06273
-5.06886
-5.08403
-5.10526
-5.12838
-5.14966
-5.16392
-5.17065
-5.16849
-5.15778
-5.13718
-5.1116
-5.08111
-5.0491
-5.01653
-4.98503
-4.95452
-4.9281
-4.90742
-4.89607
-4.89779
-4.91082
-4.93606
-4.96635
-4.99679
-5.02221
-5.03928
-5.04666
-5.04449
-5.03616
-5.02446
-5.01352
-5.00651
-5.00498
-5.00686
-5.01299
-5.02302
-5.03933
-5.06327
-5.09445
-5.12945
-5.16404
-5.19241
-5.21433
-5.226
-5.22796
-5.22076
-5.20707
-5.19061
-5.17263
-5.15801
-5.14878
-5.1465
-5.14901
-5.15227
-5.1529
-5.14703
-5.13236
-5.10973
-5.08628
-5.06465
-5.05121
-5.04978
-5.06156
-5.0861
-5.11767
-5.15211
-5.18399
-5.21001
-5.22814
-5.23822
-5.24147
-5.24132
-5.23967
-5.23936
-5.23814
-5.23497
-5.22562
-5.21051
-5.19192
-5.17006
-5.15111
-5.13926
-5.13447
-5.13457
-5.13681
-5.13961
-5.14026
-5.13693
-5.13354
-5.12798
-5.12318
-5.11719
-5.11165
-5.10852
-5.10659
-5.10597
-5.10726
-5.10677
-5.10287
-5.0948
-5.08383
-5.07099
-5.05648
-5.04269
-5.03095
-5.02245
-5.01956
-5.02448
-5.03715
-5.05659
-5.07929
-5.09994
-5.11462
-5.12188
-5.12255
-5.12055
-5.11616
-5.11217
-5.11131
-5.11156
-5.10965
-5.10564
-5.10042
-5.09448
-5.08727
-5.08214
-5.07988
-5.07976
-5.0836
-5.09477
-5.10985
-5.12724
-5.14614
-5.1641
-5.17939
-5.19008
-5.19525
-5.19526
-5.18675
-5.16918
-5.14348
-5.10857
-5.06715
-5.02128
-4.97809
-4.94215
-4.91761
-4.90704
-4.91007
-4.92502
-4.94835
-4.97385
-4.99879
-5.0182
-5.0335
-5.04308
-5.05307
-5.06447
-5.07641
-5.09121
-5.10513
-5.11684
-5.12159
-5.11941
-5.10963
-5.09289
-5.07206
-5.04728
-5.02205
-4.99663
-4.97428
-4.95794
-4.94765
-4.94439
-4.94608
-4.94967
-4.95612
-4.96331
-4.973
-4.98475
-4.99959
-5.01801
-5.04046
-5.06375
-5.08564
-5.10665
-5.12373
-5.13623
-5.14177
-5.14271
-5.13726
-5.12586
-5.10919
-5.09005
-5.07054
-5.05503
-5.04552
-5.04212
-5.04405
-5.05104
-5.0626
-5.07831
-5.0956
-5.10983
-5.12036
-5.12523
-5.12372
-5.11357
-5.09657
-5.076
-5.05561
-5.03943
-5.03098
-5.03216
-5.0438
-5.06142
-5.08229
-5.10044
-5.11555
-5.12608
-5.13116
-5.13003
-5.12215
-5.10847
-5.08823
-5.06462
-5.0389
-5.01567
-4.99812
-4.9905
-4.99576
-5.00995
-5.02867
-5.04701
-5.06298
-5.07706
-5.09079
-5.10398
-5.1156
-5.12701
-5.13597
-5.14615
-5.15613
-5.17106
-5.1891
-5.20753
-5.22531
-5.23726
-5.24189
-5.24005
-5.23094
-5.21645
-5.20027
-5.18301
-5.16744
-5.15587
-5.14873
-5.14462
-5.14175
-5.13659
-5.13013
-5.12155
-5.11219
-5.10314
-5.09712
-5.09393
-5.09375
-5.09395
-5.09414
-5.09501
-5.0963
-5.0979
-5.10087
-5.10259
-5.105
-5.10532
-5.10507
-5.10477
-5.10495
-5.10778
-5.1134
-5.12306
-5.13799
-5.15313
-5.16748
-5.17633
-5.17821
-5.16899
-5.14815
-5.11805
-5.07849
-5.03378
-4.988
-4.94548
-4.91015
-4.8862
-4.87259
-4.87217
-4.88222
-4.90369
-4.93389
-4.96839
-5.00392
-5.03656
-5.06446
-5.0832
-5.09448
-5.09565
-5.08954
-5.07866
-5.06638
-5.05355
-5.04364
-5.03693
-5.03431
-5.03626
-5.0402
-5.04585
-5.0539
-5.06639
-5.08117
-5.09946
-5.12107
-5.14409
-5.16612
-5.18315
-5.19508
-5.19927
-5.19611
-5.18451
-5.16648
-5.14383
-5.11822
-5.09169
-5.06632
-5.04494
-5.02781
-5.01722
-5.01278
-5.01133
-5.01303
-5.01417
-5.01345
-5.00894
-5.00254
-4.99662
-4.99349
-4.99126
-4.9877
-4.98114
-4.97416
-4.96464
-4.95453
-4.94804
-4.94726
-4.9536
-4.96804
-4.9864
-5.00755
-5.02705
-5.04364
-5.05132
-5.05343
-5.04999
-5.04321
-5.03651
-5.03267
-5.03286
-5.03888
-5.05321
-5.07161
-5.09292
-5.11356
-5.13094
-5.1416
-5.14556
-5.14392
-5.14025
-5.13265
-5.12642
-5.12018
-5.11293
-5.10468
-5.09518
-5.08267
-5.07072
-5.06084
-5.05682
-5.05833
-5.06109
-5.06263
-5.06208
-5.05889
-5.05439
