2.84778
2.84006
2.82631
2.80557
2.7764
2.73684
2.68444
2.61647
2.53039
2.42447
2.29877
2.15638
2.00429
1.85326
1.71585
1.60333
1.52267
1.47536
1.4581
1.46463
1.4875
1.51934
1.55378
1.58584
1.61229
1.63164
1.64404
1.65097
1.65455
1.65679
1.65885
1.66068
1.66117
1.65845
1.65041
1.6354
1.61303
1.58476
1.5538
1.5241
1.49891
1.47977
1.46665
1.45895
1.45637
1.45918
1.46762
1.48117
1.49831
1.51665
1.53347
1.54637
1.5536
1.55428
1.54859
1.53793
1.52483
1.51235
1.50291
1.49757
1.49609
1.49781
1.50212
1.50857
1.51651
1.52478
1.53183
1.53621
1.53729
1.53574
1.53354
1.53318
1.53649
1.54388
1.55425
1.56555
1.57559
1.58292
1.58739
1.58992
1.59181
1.59359
1.59466
1.59379
1.59044
1.58542
1.58042
1.57692
1.57568
1.57678
1.57988
1.58439
1.58955
1.59431
1.59754
1.59824
1.5957
1.5895
1.5796
1.56615
1.54948
1.52999
1.50811
1.4845
1.46052
1.43843
1.42112
1.41122
1.41045
1.41943
1.43755
1.46259
1.49081
1.518
1.54074
1.5569
1.56569
1.56742
1.56323
1.55503
1.54512
1.53569
1.52801
1.52208
1.51692
1.51168
1.50664
1.50331
1.50356
1.50871
1.51905
1.53401
1.55259
1.57352
1.5952
1.61574
1.63311
1.64555
1.65221
1.65368
1.65208
1.65027
1.65032
1.65216
1.65378
1.6527
1.64752
1.63869
1.62867
1.62089
1.61783
1.61961
1.62409
1.62814
1.62896
1.62471
1.61464
1.59899
1.5791
1.55796
1.54058
1.53265
1.53675
1.54954
1.56395
1.57436
1.57947
1.58166
1.58452
1.59043
1.59976
1.61148
1.62409
1.63633
1.64768
1.65857
1.66963
1.68011
1.68734
1.6879
1.67959
1.66267
1.64032
1.61815
1.60242
1.59705
1.60177
1.61284
1.62571
1.63722
1.64616
1.65237
1.65579
1.65574
1.65103
1.64045
1.62359
1.60125
1.57515
1.54721
1.51888
1.49129
1.46617
1.44609
1.43354
1.42962
1.43395
1.44572
1.46444
1.48984
1.52123
1.557
1.59471
1.63137
1.66413
1.69058
1.70917
1.71933
1.72148
1.71676
1.7067
1.69286
1.67657
1.65888
1.64072
1.62306
1.60698
1.59365
1.58417
1.57946
1.58018
1.58663
1.59855
1.61489
1.63387
1.65321
1.67052
1.68372
1.69144
1.6933
1.6897
1.68164
1.67057
1.65835
1.64744
1.64084
1.64102
1.64861
1.66193
1.67824
1.69499
1.71014
1.72178
1.72796
1.727
1.71839
1.70341
1.68487
1.66562
1.64713
1.62928
1.61134
1.59312
1.57516
1.55844
1.54393
1.53235
1.52426
1.52002
1.5196
1.52227
1.52651
1.53027
1.53134
1.52795
1.51927
1.50579
1.48939
1.47329
1.46165
1.45861
1.46701
1.48719
1.51652
1.54995
1.58147
1.60576
1.6194
1.6213
1.61268
1.59675
1.57827
1.56262
1.55423
1.55506
1.56407
1.57807
1.59354
1.60781
1.61926
1.62687
1.62978
1.62733
1.61952
1.6074
1.59298
1.57827
1.5644
1.55131
1.53892
1.52862
1.52364
1.5277
1.54239
1.56568
1.59253
1.61707
1.63456
1.64228
1.63963
1.62798
1.61041
1.5912
1.57503
1.56564
1.5646
1.57073
1.58075
1.59051
1.59612
1.59474
1.58494
1.56709
1.54341
1.51749
1.49329
1.47418
1.46236
1.45877
1.4634
1.47544
1.49338
1.51485
1.53674
1.55554
1.56807
1.5722
1.56771
1.55674
1.54378
1.5342
1.53196
1.53751
1.54776
1.55836
1.56615
1.57049
1.57282
1.57548
1.58031
1.5879
1.5975
1.60755
1.6165
1.62339
1.62796
1.63044
1.63123
1.63069
1.62926
1.6276
1.62661
1.62711
1.62937
1.63294
1.63684
1.63997
1.64148
1.64108
1.63899
1.63579
1.63211
1.62849
1.62539
1.62302
1.62131
1.61979
1.61766
1.61419
1.60897
1.60222
1.59476
1.58787
1.58285
1.58038
1.58008
1.5805
1.57995
1.57784
1.57545
1.57526
1.57912
1.5868
1.5965
1.60611
1.61414
1.61982
1.62303
1.62437
1.62506
1.62673
1.63081
1.63799
1.6479
1.65928
1.67047
1.67979
1.68576
1.68724
1.6835
1.67445
1.66063
1.64333
1.62444
1.6062
1.59068
1.57956
1.57374
1.57324
1.57717
1.5839
1.5914
1.59783
1.60195
1.60341
1.60272
1.6011
1.60008
1.60098
1.60428
1.60918
1.61348
1.61411
1.60809
1.59398
1.57307
1.54981
1.53052
1.52067
1.52243
1.53456
1.55427
1.579
1.60702
1.63703
1.66776
1.69768
1.72506
1.74829
1.76615
1.77783
1.7829
1.78107
1.77206
1.75585
1.73282
1.70406
1.67154
1.63801
1.60678
1.58092
1.56235
1.55106
1.54578
1.54542
1.54997
1.56041
1.57744
1.60025
1.62576
1.64903
1.66476
1.6693
1.66256
1.64902
1.63651
1.63207
1.63836
1.65336
1.67245
1.69036
1.70247
1.70586
1.69978
1.68542
1.66539
1.6431
1.62223
1.60613
1.59704
1.5956
1.60065
1.60966
1.61962
1.62775
1.63215
1.63195
1.62685
1.61645
1.60036
1.57911
1.55523
1.53338
1.51908
1.51658
1.52721
1.54941
1.57984
1.61441
1.64904
1.6805
1.70712
1.72887
1.74679
1.76207
1.77526
1.78577
1.79207
1.79236
1.78516
1.76988
1.74701
1.71798
1.68481
1.64968
1.61485
1.58252
1.55487
1.53379
1.52038
1.51444
1.51452
1.51853
1.52468
1.53206
1.54075
1.55156
1.56513
1.58093
1.5968
1.60955
1.61612
1.61469
1.60505
1.58865
1.56826
1.54723
1.52831
1.51245
1.49899
1.48669
1.4751
1.46516
1.45926
1.46049
1.47105
1.49084
1.51732
1.54664
1.57509
1.59969
1.61815
1.62874
1.63064
1.62449
1.61252
1.59807
1.58463
1.57467
1.56886
1.56604
1.56393
1.56026
1.55355
1.54343
1.53023
1.51445
1.49652
1.47721
1.45834
1.44325
1.43609
1.43992
1.45451
1.47611
1.49958
1.52099
1.53883
1.5537
1.56721
1.5807
1.59445
1.60766
1.61897
1.6272
1.63178
1.63287
1.63115
1.62748
1.62259
1.61688
1.61023
1.6021
1.59202
1.58008
1.56737
1.55599
1.54846
1.5469
1.55225
1.56373
1.57895
1.59442
1.60616
1.61038
1.60423
1.58644
1.55816
1.52345
1.48851
1.45945
1.4397
1.42918
1.42567
1.42699
1.43209
1.4411
1.45462
1.47299
1.49572
1.52143
1.54821
1.57413
1.59757
1.61705
1.6308
1.63662
1.63255
1.61813
1.59519
1.56812
1.54298
1.52582
1.52078
1.52911
1.54937
1.57823
1.61127
1.6437
1.67095
1.68945
1.69727
1.69444
1.68265
1.6648
1.64456
1.62603
1.61315
1.6084
1.61174
1.62039
1.63029
1.63807
1.6426
1.64515
1.64814
1.65293
1.6584
1.66124
1.65777
1.64575
1.62528
1.59873
1.57033
1.54506
1.52762
1.52103
1.52582
1.54002
1.56009
1.58198
1.60188
1.61661
1.62399
1.62311
1.61458
1.60054
1.58441
1.5702
1.56158
1.56099
1.56904
1.5846
1.60534
1.62833
1.65064
1.66957
1.68291
1.68896
1.68675
1.67611
1.65779
1.6332
1.60409
1.5724
1.54028
1.51035
1.48542
1.46797
1.45911
1.4579
1.46177
1.46762
1.47321
1.47788
1.48243
1.48858
1.49778
1.50977
1.52223
1.53222
1.53873
1.54383
1.55166
1.56569
1.58634
1.61048
1.63302
1.64888
1.65435
1.64765
1.62921
1.60183
1.57066
1.54263
1.52462
1.52118
1.53295
1.5568
1.58749
1.61965
1.64915
1.67358
1.69228
1.70598
1.71602
1.72352
1.72866
1.73063
1.72803
1.71943
1.70367
1.67993
1.64786
1.60809
1.5627
1.51548
1.47151
1.43595
1.41235
1.40127
1.40032
1.40563
1.41365
1.42223
1.43088
1.44048
1.45276
1.46969
1.49273
1.52205
1.55604
1.59166
1.62541
1.65426
1.67613
1.68993
1.69532
1.69245
1.68185
1.66444
1.64191
1.61689
1.59247
1.57101
1.55321
1.53815
1.52433
1.51095
1.4985
1.4886
1.48283
1.48184
1.48497
1.49067
1.49724
1.50319
1.50729
1.50872
1.50781
1.5066
1.50878
1.518
1.53551
1.55889
1.58355
1.6055
1.62289
1.63583
1.6452
1.65192
1.6565
1.65927
1.66054
1.66077
1.66064
1.66098
1.66253
1.6655
1.66944
1.6734
1.67629
1.67726
1.67598
1.67286
1.66902
1.66598
1.66497
1.66635
1.66966
1.67403
1.6784
1.6816
1.68237
1.67942
1.6718
1.65931
1.64273
1.62377
1.60439
1.58578
1.56775
1.54934
1.53049
1.51392
1.50497
1.50828
1.52358
1.54556
1.56817
1.58814
1.60494
1.61896
1.63018
1.63803
1.64182
1.6412
1.63616
1.62671
1.61289
1.59483
1.57319
1.54976
1.52775
1.51148
1.50469
1.50833
1.51954
1.53284
1.54265
1.5452
1.53925
1.52597
1.50842
1.49049
1.47564
1.46578
1.46166
1.46389
1.47379
1.49263
1.52049
1.55556
1.59441
1.63288
1.66701
1.69396
1.71242
1.72255
1.72531
1.72146
1.71103
1.69368
1.66948
1.63968
1.6068
1.57407
1.54445
1.51999
1.5019
1.49095
1.48731
1.49011
1.49751
1.50753
1.51878
1.53064
1.54274
1.55475
1.56635
1.57746
1.58837
1.59939
1.61036
1.62016
1.62672
1.62802
1.62315
1.6135
1.60281
1.59615
1.59747
1.60722
1.62199
1.63637
1.64531
1.64586
1.63776
1.62287
1.60395
1.58339
1.56316
1.54563
1.53422
1.53273
1.5435
1.56545
1.59385
1.62229
1.645
1.65832
1.66088
1.6532
1.63693
1.61405
1.58619
1.55442
1.51972
1.48363
1.44864
1.41782
1.39387
1.37796
1.36964
1.36772
1.37149
1.3808
1.39503
1.41218
1.42963
1.44587
1.4611
1.47624
1.49173
1.50716
1.52201
1.53619
1.55007
1.56364
1.57574
1.58396
1.58558
1.57873
1.5635
1.54243
1.52046
1.50375
1.49742
1.503
1.51777
1.53635
1.55351
1.56628
1.57494
1.58198
1.59004
1.59997
1.61034
1.61833
1.62125
1.61753
1.60705
1.59098
1.57163
1.55206
1.5356
1.525
1.52156
1.52478
1.53262
1.54227
1.55101
1.55675
1.55824
1.55527
1.5487
1.54037
1.53258
1.52725
1.52525
1.52616
1.52869
1.53136
1.53315
1.53385
1.53408
1.53505
1.53796
1.54307
1.54893
1.55259
1.55072
1.54112
1.52356
1.49987
1.47332
1.44771
1.42632
1.41136
1.40363
1.40284
1.40808
1.41823
1.43209
1.44838
1.46584
1.48348
1.50061
1.51673
1.53127
1.54369
1.55365
1.56126
1.56701
1.57135
1.57433
1.57559
1.57505
1.57359
1.57291
1.57465
1.57915
1.58503
1.58962
1.5899
1.58353
1.56954
1.54888
1.52441
1.50032
1.48093
1.46906
1.46493
1.46632
1.46987
1.47256
1.47244
1.46869
1.46113
1.45013
1.43694
1.42405
1.41476
1.41197
1.41705
1.42944
1.44706
1.46707
1.48657
1.50325
1.51563
1.52315
1.52615
1.52587
1.52419
1.52327
1.52481
1.52972
1.53808
1.54941
1.56298
1.5779
1.59326
1.60824
1.6222
1.63467
1.64496
1.65213
1.65533
1.65412
1.64884
1.64054
1.63059
1.62017
1.60999
1.60012
1.59022
1.57981
1.56852
1.55641
1.54409
1.5327
1.52374
1.51867
1.51839
1.52274
1.53054
1.54006
1.54965
1.5583
1.56573
1.57226
1.57857
1.58514
1.59187
1.59812
1.60329
1.60751
1.61165
1.61662
1.62276
1.62972
1.63709
1.64482
1.65319
1.66225
1.67127
1.67871
1.68262
1.68131
1.67377
1.65988
1.64024
1.61642
1.591
1.56745
1.54956
1.54054
1.54219
1.55452
1.57585
1.60329
1.63348
1.66306
1.68891
1.70822
1.71868
1.71881
1.70819
1.6874
1.6579
1.62185
1.58207
1.54207
1.50609
1.47855
1.463
1.46104
1.47197
1.49346
1.5223
1.55486
1.58735
1.61643
1.63996
1.65728
1.66887
1.6756
1.67802
1.67625
1.67034
1.66069
1.64783
1.63218
1.61364
1.59187
1.56686
1.53947
1.51178
1.48694
1.46852
1.45945
1.46085
1.47157
1.48862
1.50833
1.52747
1.54391
1.55665
1.5655
1.57066
1.57262
1.57214
1.5702
1.56756
1.56425
1.55954
1.55258
1.54312
1.53159
1.51865
1.50468
1.49
1.47596
1.46618
1.46608
1.47964
1.50579
1.53852
1.57052
1.59628
1.61305
1.6202
1.61821
1.6079
1.59009
1.56559
1.53565
1.50296
1.47258
1.45125
1.4441
1.451
1.46612
1.48147
1.49102
1.49262
1.48751
1.47873
1.46959
1.46273
1.45991
1.46206
1.46931
1.48089
1.49528
1.511
1.52745
1.54496
1.56417
1.58504
1.60657
1.62712
1.64496
1.65861
1.66709
1.66993
1.66716
1.65918
1.64675
1.63102
1.61356
1.59613
1.58035
1.56723
1.55705
1.54943
1.54345
1.53803
1.53221
1.52556
1.51834
1.51157
1.50672
1.50535
1.50881
1.51808
1.53374
1.55576
1.58345
1.61561
1.65081
1.68749
1.7235
1.75579
1.78082
1.79558
1.79848
1.78977
1.7713
1.746
1.71722
1.68784
1.65954
1.63263
1.60688
1.58245
1.56012
1.54087
1.52526
1.51319
1.50416
1.49775
1.49407
1.49362
1.49684
1.50372
1.51369
1.52584
1.53907
1.55204
1.56334
1.57168
1.57609
1.57619
1.57244
1.56637
1.56042
1.55684
1.55627
1.55754
1.55933
1.56237
1.5689
1.57957
1.59131
1.59921
1.59967
1.59164
1.57627
1.55611
1.53434
1.5141
1.49795
1.48753
1.48357
1.48619
1.49508
1.50956
1.52846
1.55024
1.57315
1.59558
1.61621
1.63397
1.64815
1.65845
1.66495
1.66804
1.66822
1.66583
1.66095
1.65342
1.64303
1.62967
1.61342
1.5946
1.57404
1.55365
1.53677
1.52757
1.52874
1.53935
1.55466
1.56841
1.57583
1.57533
1.5685
1.55843
1.54758
1.53668
1.52544
1.51374
1.50255
1.49388
1.48998
1.49245
1.50146
1.51565
1.53294
1.55186
1.57214
1.59423
1.61795
1.64169
1.66279
1.67871
1.68785
1.68977
1.68503
1.67491
1.66126
1.64619
1.63167
1.61896
1.6082
1.59864
1.58919
1.57909
1.56838
1.55769
1.54762
1.53807
1.52819
1.51713
1.50484
1.49238
1.48155
1.47407
1.4709
1.47166
1.4749
1.47902
1.48323
1.4877
1.49298
1.49925
1.50608
1.51254
1.51772
1.52137
1.52434
1.52857
1.53629
1.54893
1.56589
1.58439
1.60066
1.61158
1.61609
1.61569
1.61329
1.61093
1.60806
1.60229
1.59173
1.57641
1.55817
1.53944
1.52242
1.50849
1.4983
1.49206
1.48998
1.49248
1.50006
1.51286
1.53027
1.55086
1.57262
1.59336
1.61129
1.62551
1.63609
1.64385
1.64962
1.65383
1.65632
1.65629
1.65266
1.64438
1.63089
1.61236
1.58982
1.56512
1.54067
1.51894
1.50186
1.49008
1.48297
1.47902
1.47678
1.4753
1.47407
1.47262
1.47047
1.46765
1.46582
1.46904
1.48252
1.50882
1.54486
1.58322
1.61636
1.63941
1.65055
1.65014
1.64002
1.62301
1.60266
1.58281
1.56691
1.55705
1.55318
1.55317
1.55381
1.55238
1.54775
1.54054
1.53266
1.52639
1.52343
1.52442
1.5288
1.53507
1.54134
1.54586
1.54748
1.5458
1.54103
1.53364
1.52426
1.51365
1.50302
1.49408
1.48884
1.48893
1.49471
1.50491
1.5169
1.52745
1.53376
1.53458
1.5316
1.52976
1.53465
1.54828
1.56724
1.58549
1.59802
1.60231
1.59815
1.58691
1.57088
1.55288
1.53585
1.52219
1.51308
1.50775
1.5036
1.4972
1.48572
1.46832
1.44666
1.42473
1.40759
1.39964
1.40329
1.41854
1.44338
1.47436
1.50722
1.53766
1.56221
1.57892
1.58777
1.59029
1.58892
1.58626
1.58436
1.58433
1.58606
1.58836
1.58933
1.58691
1.57945
1.56607
1.547
1.52362
1.49858
1.47542
1.45793
1.44933
1.45125
1.46289
1.48122
1.50193
1.52091
1.53547
1.54519
1.55183
1.55815
1.56605
1.57539
1.58447
1.59162
1.59608
1.59813
1.59857
1.59823
1.59757
1.5964
1.59397
1.58949
1.5827
1.57443
1.56658
1.56156
1.56139
1.56677
1.57693
1.58999
1.60392
1.61733
1.62988
1.64189
1.65367
1.66483
1.67417
1.68034
1.68272
1.68199
1.67979
1.6777
1.67629
1.67504
1.67328
1.67101
1.66896
1.66802
1.66868
1.67067
1.67296
1.67412
1.6727
1.66755
1.65802
1.64401
1.62606
1.6052
1.58292
1.56105
1.54174
1.52734
1.52001
1.52077
1.5289
1.54197
1.55667
1.57001
1.57968
1.58387
1.58107
1.57034
1.55235
1.53054
1.51065
1.498
1.49433
1.49796
1.50619
1.51715
1.52961
1.54217
1.55291
1.55985
1.56157
1.55797
1.5504
1.54144
1.5342
1.53141
1.53466
1.54399
1.55808
1.57503
1.59317
1.61162
1.6302
1.64889
1.66704
1.68295
1.69414
1.69807
1.69299
1.67882
1.65785
1.6347
1.6153
1.6045
1.60405
1.61217
1.62485
1.63758
1.64661
1.64976
1.64638
1.63713
1.62352
1.60708
1.58895
1.56954
1.54879
1.52658
1.50312
1.4791
1.45569
1.43434
1.41675
1.40481
1.40039
1.40476
1.41819
1.43982
1.46817
1.50163
1.5386
1.57716
1.61461
1.64744
1.67195
1.68544
1.68698
1.67757
1.65954
1.63608
1.61098
1.58836
1.57177
1.56325
1.56288
1.56917
1.58
1.59333
1.60747
1.62096
1.63248
1.64076
1.64453
1.64222
1.63219
1.61337
1.58622
1.55334
1.51944
1.49074
1.47326
1.46988
1.47884
1.49537
1.51463
1.53314
1.54863
1.55983
1.56646
1.56927
1.56962
1.56889
1.56811
1.56803
1.56937
1.57283
1.57889
1.58736
1.59725
1.60715
1.61568
1.62198
1.62589
1.62776
1.62798
1.6267
1.62391
1.62009
1.61662
1.61562
1.61885
1.62647
1.63643
1.64521
1.64932
1.64653
1.63627
1.61965
1.59907
1.57796
1.56026
1.5494
1.54665
1.55043
1.55735
1.56435
1.57006
1.57456
1.57854
1.5827
1.58739
1.59236
1.59677
1.59928
1.59845
1.59311
1.58277
1.56801
1.55095
1.53519
1.52469
1.52151
1.52423
1.52899
1.53213
1.5321
1.5292
1.52456
1.51998
1.51888
1.52537
1.54076
1.56159
1.58235
1.59912
1.61061
1.61704
1.61904
1.6171
1.6116
1.60289
1.59145
1.57795
1.56306
1.5474
1.53146
1.51557
1.50013
1.48578
1.47357
1.46465
1.45979
1.45894
1.4614
1.46621
1.4726
1.48019
1.4889
1.49876
1.50979
1.52178
1.53427
1.54646
1.55722
1.56539
1.56995
1.57031
1.56645
1.55892
1.54867
1.53674
1.52429
1.51271
1.50378
1.49911
1.49911
1.5027
1.50828
1.51526
1.52464
1.53846
1.55807
1.58251
1.60824
1.63069
1.6463
1.65363
1.65325
1.64674
1.6359
1.62236
1.60736
1.59177
1.57615
1.56107
1.54731
1.53571
1.52709
1.522
1.52074
1.52317
1.52862
1.53585
1.54324
1.54929
1.55306
1.55452
1.55448
1.55427
1.55506
1.55741
1.56102
1.56495
1.56822
1.57029
1.57113
1.57102
1.57008
1.56805
1.56433
1.55837
1.5502
1.54085
1.53241
1.52714
1.52624
1.52902
1.53336
1.5371
1.53936
1.54071
1.54239
1.54531
1.5496
1.55467
1.55977
1.56448
1.56861
1.57167
1.57277
1.57048
1.56323
1.54985
1.53023
1.50606
1.48097
1.45988
1.44759
1.44691
1.45752
1.47628
1.4985
1.51941
1.53514
1.54329
1.5432
1.53614
1.52521
1.51468
1.50871
1.51009
1.51962
1.53643
1.55861
1.58385
1.6097
1.63412
1.65581
1.67425
1.68945
1.70148
1.71017
1.71509
1.71572
1.71154
1.70235
1.68844
1.67093
1.6518
1.63346
1.61792
1.60586
1.59654
1.58876
1.58179
1.57596
1.57223
1.57121
1.57238
1.57438
1.57583
1.57619
1.57545
1.57349
1.56967
1.5628
1.55191
1.53684
1.51872
1.50006
1.48445
1.47567
1.47646
1.48752
1.50711
1.53149
1.55592
1.57612
1.5896
1.59618
1.59743
1.59549
1.59209
1.58837
1.58505
1.58265
1.58152
1.58206
1.58481
1.59009
1.59741
1.60522
1.6114
1.61414
1.61246
1.60629
1.59643
1.58454
1.57311
1.56502
1.56241
1.56548
1.5719
1.57757
1.57833
1.57161
1.55757
1.53922
1.5215
1.50941
1.50612
1.51205
1.52538
1.5434
1.56351
1.58369
1.60244
1.61862
1.63143
1.64036
1.64527
1.64638
1.64424
1.63969
1.63379
1.62779
1.62286
1.61984
1.61885
1.61925
1.6197
1.6186
1.61458
1.60692
1.59589
1.58269
1.56922
1.55751
1.54919
1.54509
1.54507
1.54822
1.55318
1.55837
1.56191
1.56175
1.55579
1.54244
1.52126
1.49366
1.46296
1.43411
1.41217
1.40059
1.40002
1.40861
1.4235
1.44201
1.46209
1.48203
1.50003
1.51406
1.52225
1.52336
1.51697
1.50355
1.4843
1.46077
1.43484
1.40886
1.38564
1.36834
1.36006
1.36316
1.37872
1.40608
1.44298
1.48594
1.53074
1.57277
1.60783
1.63303
1.64741
1.65215
1.64981
1.6427
1.63151
1.61506
1.59183
1.56167
1.52678
1.49128
1.45997
1.43674
1.4235
1.42002
1.42479
1.436
1.45196
1.47074
1.48974
1.50622
1.51847
1.52675
1.53306
1.53971
1.54775
1.55648
1.56409
1.56896
1.57049
1.56923
1.5665
1.56373
1.56199
1.56187
1.56359
1.56713
1.57231
1.57875
1.58615
1.59471
1.60536
1.61924
1.6362
1.65374
1.66797
1.67564
1.67562
1.66917
1.65918
1.64909
1.64166
1.63803
1.63736
1.63768
1.63676
1.63301
1.62594
1.61643
1.60676
1.59995
1.59843
1.60277
1.61127
1.62086
1.6284
1.63161
1.62942
1.62175
1.6093
1.5932
1.5748
1.55546
1.53656
1.51907
1.50334
1.4892
1.47629
1.46421
1.45265
1.44129
1.42986
1.41852
1.40841
1.40201
1.40269
1.41329
1.43444
1.46391
1.49763
1.53133
1.56163
1.58657
1.60551
1.61895
1.6282
1.6349
1.64032
1.64476
1.6475
1.64801
1.64725
1.64784
1.65225
1.66089
1.6717
1.68158
1.68805
1.69004
1.68778
1.68216
1.67407
1.66401
1.65197
1.63767
1.62104
1.60259
1.58395
1.56822
1.55935
1.55993
1.56933
1.58439
1.60159
1.61849
1.63396
1.64798
1.66106
1.67369
1.68561
1.69551
1.70145
1.70175
1.69576
1.68409
1.66832
1.65027
1.63122
1.61138
1.58988
1.56551
1.538
1.50905
1.4822
1.46142
1.44932
1.44627
1.45102
1.46171
1.47642
1.49309
1.50947
1.52336
1.53319
1.53828
1.53908
1.5369
1.53361
1.53109
1.53084
1.53359
1.53942
1.54806
1.55934
1.57316
1.58922
1.60659
1.62356
1.63811
1.64854
1.6539
1.65413
1.64991
1.64244
1.63294
1.62208
1.60963
1.59455
1.57563
1.55232
1.52528
1.49646
1.46864
1.44467
1.42676
1.41585
1.41145
1.41187
1.4148
1.41784
1.41922
1.41816
1.41497
1.4107
1.40652
1.40315
1.4004
1.39739
1.39322
1.38765
1.38145
1.3761
1.37321
1.37406
1.37942
1.38943
1.40306
1.41774
1.42992
1.4368
1.43792
1.43545
1.43283
1.43285
1.43662
1.44363
1.4525
1.46173
1.47013
1.47737
1.48416
1.49185
1.5014
1.5124
1.5231
1.53124
1.53503
1.53367
1.5273
1.5168
1.50378
1.49068
1.48095
1.47892
1.4884
1.51023
1.54065
1.57274
1.59998
1.61868
1.62836
1.63074
1.62851
1.62403
1.61869
1.61282
1.60613
1.59823
1.58905
1.57885
1.56807
1.55726
1.54699
1.53787
1.53051
1.5254
1.52285
1.52303
1.52601
1.53161
1.53925
1.54773
1.55554
1.56134
1.56439
1.56458
1.56215
1.55735
1.55032
1.54137
1.53125
1.52137
1.51357
1.50966
1.51079
1.51698
1.52711
1.53947
1.55225
1.56399
1.57373
1.58091
1.58527
1.58671
1.58514
1.58044
1.57271
1.56256
1.55157
1.54243
1.53835
1.54131
1.55053
1.56281
1.57449
1.58305
1.58744
1.58768
1.58459
1.58003
1.57705
1.57917
1.58889
1.60641
1.62946
1.6543
1.6771
1.69482
1.70556
1.70853
1.70382
1.69244
1.67629
1.65814
1.64113
1.62767
1.61849
1.6127
1.60877
1.60587
1.60447
1.60565
1.60928
1.61298
1.61329
1.60752
1.5947
1.57518
1.55017
1.52176
1.49305
1.46801
1.45077
1.44438
1.44983
1.46588
1.48989
1.51878
1.54971
1.58015
1.60767
1.62974
1.64393
1.64818
1.64128
1.62321
1.59562
1.5618
1.5261
1.49284
1.46519
1.44457
1.43098
1.4235
1.42093
1.42211
1.42603
1.43172
1.43814
1.44434
1.44971
1.45436
1.45929
1.46623
1.47698
1.49273
1.51353
1.5383
1.56512
1.59175
1.61614
1.63653
1.65174
1.66128
1.66541
1.66522
1.66252
1.65974
1.65949
1.66382
1.67354
1.68769
1.70393
1.71923
1.7306
1.73566
1.73281
1.72152
1.70229
1.67643
1.64573
1.61211
1.57744
1.54349
1.51191
1.48418
1.4618
1.44656
1.44061
1.44578
1.46225
1.48748
1.51653
1.54364
1.56399
1.57484
1.57553
1.56683
1.55015
1.52709
1.49967
1.47097
1.44563
1.42911
1.42503
1.43245
1.44642
1.46115
1.47281
1.4801
1.48349
1.4842
1.48349
1.48242
1.48177
1.48195
1.48288
1.48418
1.48571
1.48825
1.49351
1.50341
1.5187
1.53811
1.55864
1.57681
1.59002
1.59727
1.59916
1.59733
1.59333
1.58763
1.57941
1.56754
1.55189
1.53426
1.51804
1.50681
1.50288
1.50658
1.51642
1.52964
1.54293
1.55336
1.55904
1.5597
1.55677
1.55324
1.55284
1.55878
1.57235
1.59222
1.6151
1.6372
1.65538
1.66759
1.67288
1.67104
1.6621
1.64587
1.62196
1.5904
1.55279
1.5134
1.47888
1.4555
1.44541
1.44621
1.45402
1.46628
1.4818
1.49956
1.51804
1.53546
1.55056
1.56289
1.57225
1.57792
1.5781
1.57031
1.55235
1.52337
1.48469
1.44014
1.39574
1.35882
1.33613
1.33163
1.34522
1.3732
1.41
1.44983
1.48756
1.51903
1.54132
1.55301
1.55451
1.54836
1.53886
1.53105
1.52849
1.53141
1.53716
1.54296
1.54802
1.55291
1.5576
1.56086
1.56165
1.56049
1.55937
1.56059
1.56567
1.57483
1.58702
1.6004
1.61295
1.62301
1.62954
1.63226
1.63167
1.6287
1.6241
1.61808
1.61042
1.60099
1.59028
1.5795
1.57007
1.56295
1.55784
1.55323
1.54719
1.53834
1.52645
1.51244
1.49797
1.48471
1.47371
1.465
1.45802
1.45244
1.44923
1.45088
1.46043
1.47937
1.50605
1.53613
1.56461
1.58773
1.60422
1.61525
1.62338
1.63048
1.6366
1.64037
1.64064
1.63717
1.63009
1.61943
1.60519
1.58805
1.56983
1.55347
1.54253
1.54028
1.54846
1.56646
1.59124
1.61832
1.64305
1.66163
1.67177
1.67288
1.66606
1.65368
1.63864
1.62326
1.60887
1.59614
1.58547
1.57695
1.57003
1.56361
1.55638
1.54723
1.53548
1.52109
1.50484
1.48838
1.47395
1.46368
1.45886
1.45959
1.4649
1.47334
1.48368
1.49546
1.50923
1.52613
1.54709
1.57209
1.60032
1.63051
1.66013
1.68433
1.69726
1.69522
1.67935
1.65551
1.63138
1.6122
1.59941
1.59281
1.5928
1.60033
1.61536
1.63607
1.6594
1.68207
1.70156
1.7164
1.72598
1.73013
1.7289
1.72243
1.71078
1.6942
1.67344
1.64989
1.62558
1.60324
1.58665
1.57996
1.58557
1.60231
1.62611
1.65217
1.67697
1.6985
1.71555
1.72696
1.73157
1.72848
1.71749
1.69919
1.6748
1.6458
1.61373
1.5802
1.54699
1.51616
1.48988
1.47015
1.4586
1.45644
1.46435
1.4822
1.50869
1.54123
1.57644
1.61071
1.64065
1.66347
1.67711
1.68057
1.67413
1.65941
1.6394
1.61784
1.59832
1.58348
1.57451
1.57121
1.57229
1.57586
1.57998
1.5831
1.58443
1.58391
1.58215
1.5801
1.57859
1.57777
1.57689
1.57472
1.57039
1.56413
1.55738
1.55228
1.55062
1.55315
1.55942
1.56809
1.5774
1.58546
1.59059
1.59153
1.58753
1.5784
1.5643
1.54582
1.52404
1.50045
1.47683
1.45509
1.43727
1.42558
1.42197
1.4274
1.44097
1.45966
1.4793
1.49608
1.50797
1.51533
1.52074
1.52768
1.53908
1.55624
1.57845
1.60342
1.62794
1.64852
1.66214
1.66683
1.66206
1.64886
1.62959
1.60728
1.58453
1.56266
1.54168
1.52129
1.50229
1.48678
1.47676
1.4721
1.46994
1.46616
1.45741
1.4423
1.42154
1.39739
1.37296
1.35133
1.33529
1.32738
1.33043
1.34725
1.37867
1.42197
1.47122
1.51989
1.56287
1.59701
1.62082
1.63403
1.63734
1.63209
1.62006
1.6032
1.58378
1.56433
1.54723
1.53397
1.52468
1.5184
1.51377
1.50961
1.50513
1.49979
1.49346
1.48673
1.48113
1.47919
1.48364
1.49617
1.51649
1.54228
1.56982
1.59489
1.6136
1.62295
1.62102
1.60716
1.58191
1.54682
1.50436
1.45761
1.41025
1.36641
1.33027
1.30534
1.2941
1.29785
1.31672
1.34941
1.39299
1.44319
1.49487
1.54284
1.58257
1.61087
1.62626
1.62926
1.62252
1.61084
1.60025
1.59577
1.59929
1.6096
1.62405
1.64011
1.6557
1.66932
1.67959
1.68526
1.68511
1.67834
1.66476
1.64514
1.62112
1.59473
1.56784
1.54186
1.51795
1.49776
1.48369
1.47783
1.48009
1.48745
1.49543
1.50041
1.5011
1.49848
1.49512
1.49396
1.49724
1.50574
1.51861
1.53365
1.54813
1.5599
1.56843
1.57513
1.5831
1.59579
1.61536
1.64139
1.67095
1.69979
1.72391
1.74067
1.74913
1.74979
1.74392
1.73288
1.71764
1.69868
1.67619
1.65049
1.62257
1.59402
1.56667
1.54195
1.52058
1.5026
1.48788
1.47641
1.46848
1.46451
1.46494
1.47001
1.47956
1.49302
1.5094
1.52727
1.54488
1.56028
1.5717
1.57784
1.57847
1.57463
1.56876
1.56404
1.56322
1.56742
1.5755
1.58477
1.59241
1.59679
1.59822
1.59877
1.60098
1.60645
1.61513
1.62581
1.63688
1.64679
1.65419
1.65796
1.65729
1.65169
1.64092
1.62472
1.60275
1.57472
1.54074
1.50161
1.45925
1.41686
1.37889
1.35035
1.33561
1.33701
1.35434
1.38513
1.42527
1.47
1.51463
1.55522
1.58899
1.61436
1.63097
1.63968
1.6426
1.64248
1.64159
1.64067
1.63888
1.63506
1.62896
1.62155
1.61457
1.60961
1.6074
1.60734
1.60782
1.60709
1.60421
1.59945
1.59437
1.59133
1.59278
1.60035
1.614
1.63175
1.65043
1.66678
1.6783
1.68378
1.68303
1.6766
1.66556
1.65126
1.63537
1.61957
1.60528
1.59324
1.58343
1.57534
1.5685
1.56269
1.55794
1.55434
1.55164
1.5491
1.54549
1.53948
1.53002
1.51683
1.50075
1.4839
1.46949
1.46114
1.4619
1.47317
1.49397
1.52119
1.55047
1.57753
1.59917
1.61375
1.62127
1.62288
1.62051
1.61627
1.61204
1.60908
1.60772
1.60735
1.6066
1.60367
1.59667
1.58393
1.56448
1.53878
1.50955
1.48205
1.46247
1.4554
1.46201
1.47998
1.50474
1.53078
1.55313
1.56882
1.57756
1.58145
1.58367
1.58688
1.592
1.59786
1.60176
1.60058
1.592
1.57554
1.55325
1.52974
1.51108
1.50252
1.50599
1.51903
1.53598
1.5504
1.55713
1.5536
1.54029
1.52065
1.50018
1.48473
1.47829
1.48153
1.49197
1.50587
1.52008
1.53299
1.54419
1.55363
1.56121
1.56662
1.56969
1.57053
1.56959
1.56758
1.56531
1.56366
1.56341
1.56502
1.56845
1.57343
1.57991
1.58849
1.60004
1.61505
1.633
1.6523
1.67064
1.6856
1.6951
1.69766
1.69252
1.67975
1.66029
1.63599
1.60928
1.58262
1.55812
1.53712
1.52035
1.50823
1.50119
1.49973
1.50403
1.51331
1.52563
1.53825
1.54858
1.55514
1.55796
1.55828
1.55774
1.55765
1.55862
1.56047
1.5623
1.56298
1.56183
1.55929
1.5569
1.55617
1.55752
1.55987
1.56123
1.55971
1.5539
1.54324
1.52833
1.51114
1.49512
1.48476
1.48433
1.4961
1.51918
1.54963
1.58207
1.61112
1.63246
1.6432
1.64236
1.63118
1.61321
1.59361
1.57753
1.56828
1.56624
1.56941
1.57504
1.58115
1.58716
1.59385
1.60242
1.61375
1.6276
1.64229
1.65524
1.6639
1.6671
1.66576
1.66255
1.66033
1.66004
1.65992
1.65638
1.64582
1.62612
1.59751
1.56271
1.52628
1.49294
1.46588
1.44617
1.43363
1.42772
1.42802
1.43428
1.44631
1.46356
1.48426
1.50541
1.52378
1.5371
1.54456
1.54666
1.54457
1.53957
1.53267
1.52446
1.51542
1.50617
1.49766
1.4912
1.48827
1.49021
1.49796
1.5117
1.53052
1.55235
1.57437
1.59366
1.60804
1.61643
1.61893
1.61646
1.61039
1.60213
1.5928
1.58309
1.57331
1.56363
1.55422
1.5453
1.53722
1.5305
1.52607
1.52493
1.52741
1.53271
1.53882
1.54321
1.54393
1.54069
1.53547
1.53155
1.53161
1.53628
1.54445
1.55456
1.56549
1.57658
1.58748
1.59804
1.60804
1.61707
1.6245
1.62968
1.63218
1.6319
1.62906
1.62414
1.61786
1.61108
1.60476
1.5997
1.59626
1.5942
1.59261
1.59036
1.58675
1.58215
1.57814
1.5766
1.5784
1.58276
1.58809
1.5933
1.59842
1.6041
1.61085
1.61873
1.62727
1.63574
1.64321
1.64859
1.65064
1.64822
1.64054
1.62776
1.6114
1.59422
1.57973
1.57108
1.57013
1.57694
1.58977
1.60565
1.62111
1.63285
1.63847
1.63698
1.62905
1.61688
1.60366
1.59267
1.58623
1.58485
1.58707
1.59025
1.5917
1.58958
1.58307
1.57226
1.55798
1.54174
1.52565
1.51205
1.50289
1.49937
1.50187
1.51004
1.52245
1.53655
1.54939
1.5588
1.56413
1.5658
1.56439
1.55998
1.55239
1.54205
1.53038
1.51922
1.50982
1.50209
1.49466
1.4858
1.4742
1.45948
1.44245
1.42498
1.40959
1.39869
1.39379
1.39513
1.40198
1.41308
1.4272
1.4433
1.46064
1.47843
1.49555
1.51035
1.52082
1.52507
1.52182
1.51112
1.49451
1.47479
1.4553
1.43927
1.42962
1.42909
1.44015
1.46392
1.49882
1.54014
1.58139
1.61648
1.64109
1.65306
1.65207
1.63925
1.61709
1.5897
1.56243
1.54035
1.52639
1.5212
1.52429
1.53397
1.5465
1.55671
1.56016
1.55522
1.54354
1.52911
1.51642
1.50845
1.50548
1.50583
1.50797
1.5118
1.5175
1.52369
1.52766
1.52747
1.52344
1.51772
1.51275
1.51013
1.5104
1.5138
1.5208
1.53189
1.54688
1.56457
1.58277
1.59901
1.61136
1.6189
1.62182
1.6211
1.61801
1.61398
1.61044
1.60865
1.60915
1.61079
1.61055
1.60468
1.59027
1.56639
1.53439
1.49777
1.46165
1.43162
1.41212
1.40473
1.40761
1.4167
1.4278
1.43849
1.44876
1.46008
1.47377
1.48969
1.50629
1.52148
1.53361
1.54171
1.54547
1.54502
1.54077
1.53345
1.52412
1.51414
1.50484
1.49731
1.49215
1.48944
1.48892
1.48999
1.4918
1.49341
1.4941
1.49371
1.49305
1.49394
1.4988
1.50991
1.52856
1.55432
1.58508
1.61748
1.64778
1.67261
1.68947
1.69705
1.69542
1.68613
1.67214
1.65743
1.64628
1.64209
1.64613
1.65691
1.67079
1.68353
1.69188
1.69444
1.69155
1.68465
1.67545
1.66498
1.65289
1.63736
1.61621
1.58888
1.55827
1.53099
1.5145
1.51269
1.52386
1.54253
1.56264
1.57934
1.58939
1.5911
1.58422
1.56986
1.55052
1.52984
1.51182
1.49973
1.49506
1.49744
1.50539
1.51743
1.53304
1.55271
1.57734
1.60711
1.64081
1.6759
1.7093
1.73804
1.75951
1.77153
1.7728
1.763
1.74286
1.71378
1.67776
1.63809
1.60019
1.57073
1.5538
1.54773
1.5468
1.54532
1.54009
1.53024
1.51672
1.50226
1.49146
1.48979
1.50149
1.52728
1.56396
1.60598
1.64739
1.68329
1.71012
1.72572
1.72926
1.72132
1.70384
1.67981
1.65251
1.62479
1.59841
1.57411
1.55195
1.53165
1.51292
1.49591
1.48131
1.47041
1.46453
1.46434
1.46957
1.47961
1.49403
1.5128
1.53606
1.56367
1.5948
1.62763
1.65957
1.68803
1.7111
1.72767
1.73723
1.7396
1.73489
1.72338
1.70535
1.68108
1.65082
1.61501
1.57481
1.53258
1.492
1.45747
1.4331
1.42162
1.42342
1.43617
1.45536
1.47576
1.49313
1.50507
1.51086
1.51091
1.50623
1.49825
1.48894
1.48082
1.47677
1.47952
1.49087
1.51115
1.53903
1.57183
1.60609
1.63844
1.66625
1.68793
1.70284
1.71099
1.71262
1.70793
1.69712
1.68055
1.65895
1.63334
1.60467
1.57367
1.54145
1.50996
1.48245
1.46277
1.45394
1.45657
1.46862
1.48673
1.50787
1.5302
1.55275
1.57491
1.59586
1.61455
1.63007
1.64214
1.65111
1.65767
1.66201
1.66335
1.66031
1.65177
1.63771
1.61921
1.59773
1.57423
1.54899
1.52257
1.49679
1.47484
1.45971
1.4526
1.45231
1.45615
1.46131
1.46604
1.46969
1.47197
1.47217
1.46894
1.46078
1.44705
1.42868
1.40823
1.38906
1.37415
1.36498
1.36122
1.3613
1.36333
1.36594
1.3687
1.372
1.37657
1.38298
1.39154
1.4026
1.41699
1.43585
1.45978
1.4879
1.51772
1.54604
1.57014
1.58855
1.60099
1.60784
1.60973
1.60727
1.60103
1.59186
1.58093
1.56952
1.55855
1.54828
1.53839
1.52845
1.51826
1.50815
1.49914
1.49272
1.49044
1.49324
1.50106
1.51268
1.526
1.53843
1.54735
1.55061
1.54689
1.53599
1.51913
1.4989
1.47868
1.46158
1.44949
1.44282
1.4411
1.44355
1.44959
1.45884
1.47103
1.48604
1.50383
1.52407
1.54565
1.56694
1.58656
1.604
1.61971
1.63457
1.64931
1.66401
1.67808
1.69055
1.70027
1.70627
1.70778
1.70424
1.69553
1.68222
1.66581
1.64869
1.63373
1.62354
1.61978
1.62282
1.63182
1.64507
1.6602
1.67437
1.68462
1.68841
1.68406
1.67138
1.65214
1.62996
1.60932
1.59402
1.58625
1.5865
1.59366
1.60506
1.61664
1.62378
1.6225
1.61048
1.58774
1.55666
1.52168
1.48836
1.46182
1.4453
1.43918
1.44125
1.44805
1.45649
1.46514
1.47424
1.48469
1.49689
1.51044
1.52486
1.54022
1.55724
1.57659
1.59817
1.62084
1.6427
1.66201
1.67795
1.69082
1.70139
1.70967
1.71434
1.71333
1.70511
1.68955
1.66813
1.64364
1.61968
1.59989
1.58716
1.58271
1.58588
1.59457
1.60622
1.6187
1.63084
1.64215
1.65244
1.66147
1.6689
1.67422
1.67679
1.67615
1.67238
1.66634
1.65967
1.65434
1.652
1.65338
1.65814
1.66502
1.67208
1.67701
1.67753
1.67179
1.65856
1.63758
1.60991
1.57836
1.54733
1.52188
1.50622
1.50221
1.50855
1.52166
1.53787
1.55493
1.57202
1.58819
1.60133
1.60866
1.60805
1.59884
1.58171
1.55829
1.53081
1.50197
1.47461
1.45118
1.43342
1.42253
1.41939
1.42445
1.43727
1.45653
1.48038
1.50688
1.53387
1.55848
1.57741
1.58786
1.58868
1.58083
1.56718
1.55134
1.53653
1.52461
1.51636
1.512
1.51139
1.5137
1.51716
1.51978
1.52025
1.51859
1.51614
1.51498
1.51716
1.52397
1.53536
1.54973
1.56447
1.577
1.58553
1.58923
1.58789
1.58171
1.57119
1.55734
1.54169
1.52624
1.51308
1.50388
1.49939
1.4991
1.50128
1.50368
1.50445
1.50294
1.50007
1.49782
1.49801
1.50111
1.50591
1.51025
1.51213
1.51053
1.50557
1.49829
1.49047
1.48434
1.48225
1.48629
1.4977
1.51646
1.54123
1.56949
1.59809
1.62394
1.64468
1.65885
1.66585
1.66562
1.65849
1.64514
1.62677
1.60536
1.58389
1.56606
1.55529
1.55313
1.55834
1.56746
1.57664
1.58323
1.58658
1.58763
1.58798
1.58879
1.5902
1.59141
1.59129
1.58909
1.58471
1.57902
1.57363
1.57021
1.56957
1.57138
1.57475
1.57891
1.5835
1.58837
1.59343
1.59839
1.60273
1.60563
1.60629
1.60418
1.59927
1.59196
1.5828
1.57197
1.55913
1.54355
1.52474
1.50301
1.48001
1.45854
1.44181
1.43258
1.43217
1.44023
1.455
1.4739
1.49422
1.51362
1.53026
1.54292
1.55116
1.55535
1.55658
1.55622
1.55531
1.55424
1.55291
1.55127
1.54996
1.55034
1.55386
1.56118
1.57181
1.58415
1.596
1.60501
1.6092
1.60745
1.5999
1.58777
1.57257
1.5551
1.53482
1.51046
1.4816
1.45097
1.42557
1.41466
1.42399
1.45142
1.48856
1.52592
1.55644
1.57625
1.58425
1.5814
1.56995
1.55259
1.53171
1.50932
1.4875
1.46877
1.4558
1.45061
1.4536
1.46311
1.47596
1.48863
1.49846
1.50407
1.50531
1.50296
1.49843
1.49334
1.48904
1.48623
1.48498
1.48485
1.48521
1.48574
1.48698
1.49026
1.49694
1.50729
1.51992
1.53216
1.54098
1.5438
1.5392
1.5272
1.50936
1.4885
1.46814
1.45175
1.44264
1.44393
1.45799
1.48502
1.52185
1.56283
1.60206
1.63505
1.65932
1.67439
1.68185
1.68515
1.68833
1.69399
1.70149
1.70745
1.70808
1.70157
1.68895
1.67346
1.65914
1.64941
1.64613
1.64925
1.65726
1.66801
1.67947
1.69012
1.69885
1.70477
1.70698
1.70472
1.69763
1.68609
1.67154
1.65649
1.64392
1.63621
1.63409
1.63635
1.64046
1.64381
1.64471
1.6427
1.63821
1.63197
1.62457
1.61665
1.60909
1.60281
1.59829
1.59568
1.59521
1.59789
1.6051
1.61729
1.63272
1.64779
1.65892
1.66436
1.66439
1.66046
1.65427
1.64707
1.63955
1.63187
1.62387
1.61506
1.60473
1.59197
1.5759
1.55592
1.53212
1.50555
1.47823
1.45279
1.43181
1.41732
1.41055
1.41203
1.4219
1.43962
1.46344
1.49027
1.51651
1.53927
1.55712
1.57006
1.57907
1.58557
1.59078
1.59551
1.60018
1.6049
1.60957
1.61388
1.61725
1.61897
1.61865
1.6164
1.61279
1.60852
1.60435
1.60136
1.60095
1.60416
1.61071
1.61894
1.62657
1.63127
1.63065
1.62264
1.60646
1.58347
1.55758
1.53441
1.51927
1.51519
1.52211
1.53785
1.55936
1.58355
1.60757
1.62919
1.64694
1.66031
1.6695
1.67508
1.67757
1.67721
1.6741
1.66837
1.66043
1.65108
1.64132
1.63201
1.62347
1.61555
1.60796
1.60062
1.59391
1.5887
1.58615
1.58729
1.5924
1.6004
1.60903
1.61563
1.61838
1.61705
1.61285
1.60758
1.60267
1.59855
1.59481
1.59058
1.58505
1.57762
1.56787
1.55563
1.54104
1.52497
1.50929
1.49697
1.49132
1.49464
1.50687
1.52523
1.54514
1.56187
1.57207
1.5746
1.57046
1.56221
1.55304
1.54571
1.54193
1.54199
1.54505
1.54942
1.55316
1.55448
1.55231
1.54661
1.53837
1.52935
1.52155
1.51697
1.51725
1.52334
1.5349
1.54993
1.56518
1.57727
1.58382
1.58402
1.57882
1.57047
1.56191
1.55614
1.55564
1.56202
1.5756
1.5953
1.61873
1.64287
1.66487
1.68281
1.69587
1.70415
1.70807
1.70795
1.70378
1.69523
1.68195
1.66382
1.64117
1.61523
1.58832
1.56359
1.54413
1.53192
1.52748
1.53043
1.53996
1.55499
1.57407
1.59537
1.61687
1.63683
1.65408
1.66826
1.67959
1.6883
1.69417
1.69643
1.69414
1.68659
1.67382
1.65681
1.63738
1.61783
1.6005
1.58705
1.578
1.57269
1.56949
1.56639
1.56163
1.55429
1.54467
1.53439
1.52632
1.52383
1.52973
1.54515
1.56915
1.59915
1.63159
1.6625
1.68812
1.7055
1.7132
1.71131
1.70122
1.68517
1.66552
1.6444
1.62329
1.60305
1.58446
1.56883
1.55806
1.55325
1.55332
1.55549
1.5573
1.55788
1.55771
1.55752
1.55757
1.5577
1.55777
1.55817
1.55979
1.56373
1.57048
1.57948
1.58924
1.59796
1.60416
1.60679
1.60511
1.5986
1.58706
1.5707
1.55034
1.52771
1.50525
1.48584
1.47205
1.46543
1.46629
1.47382
1.4865
1.50262
1.52056
1.53904
1.5569
1.57294
1.5859
1.59464
1.59849
1.59737
1.59172
1.58225
1.56996
1.55612
1.54213
1.52958
1.5202
1.5157
1.51739
1.52563
1.53968
1.55775
1.57732
1.59554
1.60962
1.61744
1.61791
1.61115
1.59822
1.5807
1.56045
1.53958
1.52061
1.50619
1.49825
1.49707
1.50097
1.50745
1.51456
1.52152
1.52833
1.53489
1.5408
1.54552
1.54861
1.54996
1.54986
1.54904
1.54847
1.54914
1.55169
1.55627
1.56239
1.56892
1.57432
1.57702
1.57583
1.5704
1.56145
1.55085
1.54135
1.53592
1.53698
1.5456
1.56096
1.58057
1.60104
1.61892
1.63159
1.63765
1.63687
1.62987
1.61774
1.60172
1.58299
1.56265
1.5417
1.52128
1.50269
1.48745
1.47724
1.47352
1.47717
1.4882
1.50552
1.52705
1.55013
1.57198
1.59012
1.60286
1.60949
1.61023
1.60609
1.59864
1.59001
1.58288
1.57992
1.58283
1.59178
1.60534
1.621
1.63565
1.64602
1.64909
1.64266
1.62586
1.59975
1.56787
1.53607
1.51077
1.49634
1.49339
1.49934
1.51017
1.52193
1.53167
1.53768
1.53944
1.53762
1.53443
1.5339
1.54094
1.55897
1.58745
1.62161
1.65471
1.68081
1.69613
1.69897
1.68934
1.66861
1.63941
1.60541
1.57104
1.54099
1.51926
1.50821
1.50777
1.51559
1.52816
1.54179
1.55328
1.56008
1.56069
1.55504
1.54471
1.53241
1.52091
1.51195
1.5059
1.50211
1.49958
1.49757
1.49583
1.49436
1.4933
1.49264
1.49236
1.49235
1.49265
1.49353
1.49552
1.49939
1.50593
1.51561
1.52844
1.54396
1.56119
1.57895
1.59613
1.61187
1.62549
1.63643
1.64411
1.64805
1.64808
1.64429
1.63693
1.62607
1.6113
1.59187
1.56747
1.53913
1.51009
1.48575
1.47222
1.47387
1.49098
1.5192
1.55156
1.58111
1.60303
1.61506
1.61702
1.60995
1.59552
1.57579
1.55328
1.53108
1.51253
1.50064
1.49736
1.50309
1.51646
1.53452
1.5538
1.57163
1.58687
1.5996
1.61039
1.61975
1.62828
1.63717
1.64815
1.66252
1.67991
1.69799
1.71382
1.72553
1.73266
1.73521
1.73276
1.72437
1.70913
1.68709
1.65988
1.63099
1.60527
1.58768
1.58137
1.58644
1.60021
1.61855
1.63709
1.65192
1.65992
1.65902
1.6487
1.63022
1.60678
1.58289
1.56339
1.55235
1.55196
1.56185
1.57927
1.60021
1.62084
1.6384
1.65137
1.6593
1.66228
1.66053
1.65441
1.64478
1.63328
1.62227
1.61425
1.61108
1.61349
1.62099
1.63222
1.64526
1.65791
1.6677
1.67202
1.6685
1.65572
1.63408
1.60617
1.57642
1.54992
1.53091
1.52181
1.52285
1.53244
1.54764
1.5648
1.5803
1.59117
1.59545
1.59215
1.58127
1.56393
1.54253
1.52096
1.50445
1.49845
1.50678
1.52981
1.56405
1.60364
1.64246
1.67592
1.70148
1.71854
1.72776
1.73035
1.72747
1.71985
1.7076
1.69043
1.66807
1.64109
1.61131
1.58145
1.55448
1.53275
1.51756
1.50899
1.50605
1.50699
1.5099
1.51363
1.51862
1.52692
1.54094
1.56167
1.58777
1.61627
1.64417
1.66936
1.69081
1.70804
1.72053
1.72726
1.72665
1.71667
1.69539
1.66209
1.61957
1.57665
1.54617
1.53596
1.54206
1.55386
1.5629
1.56576
1.56283
1.55645
1.54949
1.54448
1.54311
1.54615
1.55362
1.56511
1.57986
1.59646
1.61263
1.62548
1.63209
1.63032
1.61967
1.60192
1.58142
1.56376
1.55307
1.54983
1.55118
1.55312
1.55261
1.5484
1.54079
1.53119
1.5215
1.51356
1.5086
1.50703
1.50828
1.51097
1.51332
1.51382
1.51182
1.50791
1.50393
1.50261
1.50681
1.51836
1.53709
1.56084
1.5863
1.61034
1.63071
1.64607
1.65572
1.65953
1.65798
1.65236
1.64468
1.63716
1.63158
1.62884
1.62898
1.6314
1.63514
1.63909
1.64229
1.64428
1.6454
1.64652
1.64821
1.64993
1.64997
1.64636
1.63789
1.62474
1.60841
1.5912
1.57536
1.56241
1.55269
1.54562
1.54036
1.53642
1.53396
1.53375
1.53682
1.54422
1.55676
1.57494
1.59855
1.62645
1.65645
1.68563
1.71077
1.72906
1.73856
1.73848
1.72913
1.71181
1.68867
1.66252
1.63643
1.6134
1.59581
1.585
1.58121
1.58371
1.59103
1.60103
1.61098
1.6179
1.61929
1.61389
1.60226
1.58653
1.56955
1.55404
1.54222
1.53598
1.53694
1.54609
1.56327
1.58707
1.61507
1.64437
1.67202
1.69513
1.7111
1.71771
1.71327
1.69702
1.6694
1.63252
1.59038
1.54823
1.51117
1.48256
1.46323
1.45225
1.44824
1.45006
1.45694
1.46832
1.48333
1.50069
1.51885
1.53634
1.55183
1.56416
1.57272
1.5778
1.58071
1.5832
1.58668
1.59157
1.59747
1.60362
1.60926
1.61357
1.61549
1.61372
1.607
1.59455
1.57659
1.55477
1.53225
1.51315
1.50127
1.49846
1.50394
1.51483
1.52749
1.53876
1.54653
1.54983
1.54879
1.54438
1.53791
1.53071
1.52394
1.51865
1.51595
1.51657
1.52017
1.52509
1.52893
1.52981
1.5272
1.52201
1.516
1.51132
1.5103
1.51529
1.52792
1.54796
1.57293
1.59902
1.62248
1.64083
1.65319
1.65983
1.66164
1.65978
1.65539
1.64947
1.64295
1.63682
1.63219
1.62995
1.63029
1.63232
1.6344
1.63499
1.63326
1.62925
1.62371
1.6178
1.61266
1.60891
1.60637
1.60408
1.60089
1.59618
1.59032
1.58465
1.58095
1.58082
1.58515
1.59398
1.60643
1.62088
1.63503
1.64624
1.65186
1.64972
1.63868
1.61922
1.59383
1.56681
1.54296
1.52588
1.51681
1.51509
1.51937
1.52839
1.54075
1.5546
1.568
1.57954
1.58862
1.59521
1.59938
1.60085
1.59891
1.59327
1.58546
1.57957
1.5801
1.5873
1.59601
1.60102
1.60271
1.60642
1.61682
1.63297
1.6485
1.65578
1.65012
1.63114
1.60216
1.56872
1.53717
1.51342
1.50162
1.50304
1.51584
1.53594
1.55845
1.57911
1.59509
1.60529
1.61003
1.61062
1.60874
1.60581
1.60259
1.59919
1.59534
1.59116
1.58754
1.58576
1.58659
1.58943
1.59241
1.59317
1.58994
1.58223
1.57101
1.55832
1.54674
1.5389
1.53683
1.54129
1.55128
1.56436
1.57749
1.58808
1.59438
1.59556
1.59146
1.58245
1.56944
1.55397
1.53835
1.52527
1.51717
1.51529
1.51931
1.52784
1.53916
1.55175
1.56426
1.57541
1.58385
1.58825
1.58711
1.57894
1.56262
1.53803
1.50672
1.47206
1.4386
1.41056
1.39028
1.3777
1.3715
1.37108
1.37793
1.39466
1.42225
1.45826
1.49763
1.53509
1.56707
1.5925
1.61233
1.62836
1.64205
1.65379
1.66298
1.66847
1.66924
1.66532
1.65853
1.65236
1.65029
1.65343
1.65994
1.6666
1.67066
1.67052
1.66554
1.65558
1.64102
1.62259
1.60113
1.57747
1.55272
1.52927
1.51157
1.50495
1.51164
1.52829
1.54841
1.56678
1.58133
1.59247
1.60144
1.60897
1.61498
1.61896
1.62082
1.62141
1.62244
1.62551
1.63109
1.63809
1.64458
1.64877
1.64972
1.64727
1.64169
1.63354
1.62353
1.61239
1.60088
1.58977
1.58004
1.5728
1.56915
1.56997
1.57572
1.58621
1.60059
1.61719
1.63373
1.64772
1.65719
1.66102
1.65923
1.65273
1.64303
1.63172
1.61979
1.60716
1.59266
1.57478
1.55261
1.52622
1.49661
1.46518
1.4335
1.40338
1.37732
1.35851
1.34999
1.35324
1.36704
1.38784
1.41144
1.43459
1.45596
1.47593
1.49609
1.5184
1.54449
1.57495
1.60888
1.64392
1.67663
1.70335
1.72114
1.72843
1.72538
1.71387
1.69708
1.679
1.66357
1.6539
1.65131
1.65501
1.66251
1.67052
1.67609
1.67706
1.67241
1.66225
1.64762
1.63009
1.61137
1.59291
1.57598
1.56183
1.55175
1.54682
1.54746
1.55307
1.5621
1.57256
1.58268
1.59129
1.59796
1.60285
1.60674
1.61062
1.61524
1.62035
1.62452
1.62569
1.62224
1.61423
1.60395
1.59527
1.59168
1.59419
1.60103
1.60893
1.615
1.61762
1.61639
1.61165
1.60402
1.59413
1.58253
1.56989
1.55708
1.54454
1.53161
1.51674
1.49888
1.47899
1.46046
1.44805
1.44573
1.45509
1.47476
1.50148
1.5312
1.56001
1.58465
1.6031
1.61502
1.62156
1.62374
1.62115
1.61262
1.59834
1.58075
1.56321
1.54757
1.53278
1.51629
1.49729
1.47925
1.46884
1.47177
1.48886
1.51544
1.54404
1.56784
1.58277
1.58805
1.58536
1.57756
1.56755
1.55787
1.5511
1.54973
1.55498
1.56585
1.57945
1.59227
1.60141
1.60513
1.60263
1.59392
1.57962
1.56088
1.53927
1.51663
1.49481
1.47553
1.46029
1.45022
1.44568
1.44583
1.44851
1.45066
1.44953
1.4439
1.43456
1.42401
1.41562
1.41252
1.41672
1.42873
1.4475
1.47091
1.4964
1.52148
1.54411
1.56284
1.57695
1.58648
1.59223
1.5956
1.59819
1.60123
1.60511
1.60918
1.61203
1.61199
1.60769
1.59854
1.58471
1.56681
1.54532
1.52023
1.49155
1.46014
1.42864
1.40176
1.38549
1.38496
1.40192
1.43358
1.47416
1.51735
1.55819
1.59362
1.62204
1.64283
1.65587
1.66146
1.66049
1.65452
1.64582
1.63681
1.62958
1.62522
1.62361
1.62374
1.62418
1.62374
1.62194
1.61909
1.61605
1.61378
1.61281
1.61303
1.61398
1.6154
1.61731
1.61974
1.62205
1.62284
1.62071
1.61497
1.60613
1.59552
1.58503
1.57654
1.57128
1.56934
1.56963
1.57044
1.57025
1.56848
1.56563
1.56277
1.56091
1.56006
1.55897
1.55531
1.5463
1.52975
1.50525
1.47526
1.44554
1.42383
1.41633
1.42411
1.44313
1.46803
1.49493
1.52138
1.54551
1.56653
1.5852
1.60231
1.61692
1.62628
1.62745
1.61898
1.60136
1.57702
1.55009
1.52627
1.51171
1.51064
1.52301
1.54441
1.56865
1.59057
1.60726
1.61749
1.62081
1.61725
1.60761
1.59389
1.5792
1.56708
1.56042
1.56053
1.56688
1.57739
1.58904
1.59882
1.6044
1.60461
1.59958
1.59067
1.57999
1.56973
1.56153
1.55606
1.55328
1.55292
1.55477
1.55898
1.56626
1.57782
1.59471
1.61688
1.64253
1.66869
1.6927
1.71327
1.73048
1.74521
1.75817
1.76937
1.77795
1.78254
1.7818
1.77495
1.76215
1.74456
1.7241
1.70313
1.68413
1.66963
1.66188
1.66223
1.67033
1.68387
1.69905
1.71174
1.71851
1.7172
1.70718
1.68938
1.66617
1.64102
1.61747
1.59773
1.58189
1.56816
1.55408
1.53779
1.5187
1.4975
1.47567
1.45506
1.43762
1.42497
1.41801
1.41662
1.41993
1.42709
1.43762
1.45074
1.46469
1.47717
1.4866
1.49297
1.4976
1.50204
1.50704
1.51206
1.51567
1.51638
1.51349
1.50733
1.49879
1.48886
1.47845
1.46867
1.46116
1.45811
1.46157
1.4727
1.49131
1.51607
1.5451
1.57653
1.60866
1.63978
1.66797
1.69118
1.70751
1.71562
1.71517
1.70712
1.69364
1.67771
1.66207
1.64806
1.63508
1.6211
1.60407
1.58312
1.55934
1.53585
1.5166
1.50461
1.50065
1.5033
1.51006
1.51844
1.5266
1.53355
1.53896
1.54287
1.54571
1.5486
1.55352
1.56256
1.57647
1.59365
1.61071
1.62423
1.63213
1.63404
1.63082
1.6241
1.61583
1.60797
1.60243
1.6009
1.60444
1.61334
1.62686
1.6433
1.66026
1.67505
1.68534
1.68976
1.68836
1.68246
1.67364
1.66276
1.64991
1.6352
1.61953
1.60475
1.59295
1.5858
1.58412
1.58781
1.59595
1.60699
1.61914
1.63055
1.63971
1.64555
1.64758
1.64584
1.64085
1.63333
1.6241
1.61385
1.60319
1.59269
1.58307
1.57511
1.56912
1.56425
1.55869
1.55125
1.54247
1.53426
1.52865
1.52697
1.52988
1.53757
1.54958
1.56499
1.58284
1.60253
1.62372
1.64572
1.66694
1.68504
1.69767
1.70357
1.70293
1.69692
1.68644
1.67137
1.65132
1.62684
1.5996
1.57146
1.54375
1.51768
1.49531
1.47965
1.47314
1.47549
1.48321
1.49131
1.49589
1.49546
1.49079
1.48395
1.4773
1.47286
1.47191
1.47466
1.48008
1.48594
1.48948
1.4884
1.48168
1.46995
1.45529
1.4407
1.42946
1.42465
1.42865
1.44258
1.46585
1.49611
1.53004
1.56439
1.59648
1.62423
1.64605
1.66085
1.66806
1.66758
1.6595
1.64414
1.62214
1.59474
1.56413
1.53335
1.50578
1.48409
1.46927
1.46068
1.45677
1.45631
1.45946
1.46843
1.48642
1.51497
1.55201
1.59235
1.63005
1.66032
1.6801
1.68796
1.68376
1.66854
1.64441
1.61438
1.58186
1.55015
1.52185
1.49856
1.48086
1.46871
1.46191
1.4604
1.46418
1.47297
1.48593
1.50179
1.51928
1.53747
1.55576
1.57352
1.58982
1.60344
1.61311
1.6179
1.61746
1.61213
1.60293
1.59132
1.57924
1.56887
1.56246
1.56198
1.56871
1.5826
1.60203
1.62408
1.64535
1.66294
1.67511
1.68136
1.68209
1.67818
1.67083
1.66141
1.65139
1.64199
1.63368
1.626
1.61762
1.60692
1.59266
1.57462
1.5539
1.53279
1.51427
1.50109
1.49502
1.49643
1.50425
1.51642
1.53042
1.54391
1.55491
1.56194
1.56395
1.56028
1.55072
1.53564
1.51614
1.49407
1.47189
1.4525
1.43917
1.43528
1.44376
1.46604
1.50105
1.54505
1.59248
1.63754
1.6753
1.70252
1.71777
1.7212
1.71414
1.69857
1.67683
1.65144
1.62501
1.60008
1.57861
1.56135
1.54759
1.53571
1.52414
1.51194
1.49873
1.48449
1.46948
1.45459
1.44151
1.43243
1.42914
1.43215
1.44047
1.45209
1.46469
1.47607
1.48438
1.48821
1.48694
1.48128
1.47349
1.4673
1.46707
1.47648
1.49673
1.52531
1.55643
1.5839
1.60398
1.61606
1.62118
1.62035
1.61391
1.60195
1.58512
1.56534
1.54597
1.5313
1.52502
1.52862
1.54073
1.55842
1.5788
1.59995
1.62085
1.64071
1.65841
1.67229
1.68038
1.68085
1.6724
1.65449
1.62741
1.59227
1.55112
1.5069
1.46325
1.42409
1.39293
1.37228
1.36308
1.36473
1.37518
1.39153
1.41079
1.43076
1.45029
1.46896
1.48649
1.50261
1.51741
1.53134
1.54468
1.55718
1.56803
1.5763
1.58141
1.58342
1.58299
1.58125
1.57957
1.57938
1.58195
1.58811
1.59806
1.61122
1.6265
1.64274
1.65896
1.6744
1.68833
1.69992
1.70825
1.71253
1.71234
1.70766
1.69863
1.68533
1.66791
1.647
1.62391
1.59987
1.57521
1.54944
1.52254
1.49614
1.47332
1.45691
1.44782
1.44479
1.44565
1.44904
1.45527
1.46581
1.48181
1.50283
1.52658
1.5499
1.56987
1.58442
1.59236
1.59318
1.58704
1.57479
1.55816
1.53986
1.52324
1.51147
1.50647
1.50822
1.51498
1.52423
1.53364
1.54157
1.54746
1.55192
1.55667
1.56386
1.57525
1.59136
1.61116
1.63256
1.65316
1.67102
1.68497
1.69464
1.70032
1.70268
1.7026
1.70083
1.69776
1.69349
1.68816
1.68216
1.67604
1.67033
1.66546
1.6617
1.65911
1.65745
1.65627
1.65504
1.6533
1.65087
1.64792
1.64481
1.64183
1.63889
1.63529
1.62991
1.62172
1.61035
1.59639
1.58147
1.56759
1.55649
1.54897
1.5448
1.54313
1.54306
1.54407
1.5461
1.54949
1.55494
1.56311
1.57405
1.58637
1.59698
1.60196
1.59797
1.5835
1.55946
1.52939
1.49895
1.47472
1.46216
1.46353
1.4772
1.49878
1.52297
1.54513
1.56209
1.57214
1.57493
1.57137
1.56353
1.55413
1.54538
1.53778
1.52977
1.51887
1.50395
1.48684
1.47229
1.46558
1.4698
1.48436
1.50592
1.53032
1.55417
1.57534
1.59284
1.60631
1.61573
1.6212
1.62285
1.6209
1.61561
1.60727
1.59609
1.58224
1.56611
1.54874
1.53205
1.51865
1.51123
1.51179
1.5214
1.54035
1.56793
1.60203
1.63903
1.67445
1.70399
1.72439
1.73408
1.73343
1.72468
1.71147
1.69782
1.6868
1.67952
1.67494
1.67062
1.66385
1.65271
1.63687
1.61784
1.59858
1.58239
1.57156
1.56639
1.56535
1.56611
1.56668
1.56624
1.56531
1.56548
1.56811
1.57297
1.57777
1.57917
1.57481
1.56428
1.54885
1.53046
1.51168
1.49636
1.48923
1.49334
1.50749
1.52649
1.54413
1.55643
1.56273
1.56439
1.56294
1.55936
1.55456
1.54988
1.54688
1.54701
1.55133
1.56043
1.57413
1.59098
1.60823
1.62264
1.63171
1.63441
1.63109
1.62315
1.61259
1.60179
1.59318
1.58872
1.5896
1.59606
1.6074
1.62192
1.63703
1.6499
1.65825
1.66079
1.65739
1.64883
1.63644
1.62178
1.60641
1.59177
1.57906
1.56915
1.56268
1.56014
1.56197
1.56841
1.57918
1.59327
1.60882
1.62347
1.63509
1.64247
1.64555
1.64516
1.64245
1.63856
1.63458
1.63157
1.63021
1.63028
1.63028
1.6277
1.61989
1.60515
1.58355
1.55713
1.5295
1.50491
1.48715
1.47855
1.47971
1.48948
1.50518
1.52282
1.53753
1.54432
1.53933
1.5212
1.4919
1.45632
1.42103
1.39239
1.37492
1.37055
1.37886
1.3983
1.42675
1.46182
1.50076
1.54068
1.57872
1.61248
1.64001
1.6597
1.67001
1.66957
1.6577
1.63516
1.60458
1.57019
1.53675
1.50838
1.48786
1.47668
1.47551
1.48438
1.50252
1.52784
1.55679
1.58484
1.60766
1.62229
1.62784
1.62592
1.62008
1.61391
1.60872
1.60293
1.59381
1.57989
1.56185
1.54206
1.52362
1.50951
1.50203
1.50257
1.51135
1.52746
1.54892
1.57309
1.59693
1.61745
1.63207
1.639
1.63761
1.62861
1.61398
1.59648
1.57889
1.56346
1.5517
1.5447
1.54349
1.54895
1.56134
1.57966
1.60165
1.62436
1.64503
1.66174
1.67344
1.67993
1.68152
1.67879
1.67262
1.66404
1.65405
1.64336
1.63207
1.61984
1.60614
1.59078
1.57419
1.55776
1.54386
1.53534
1.53421
1.5403
1.55102
1.56242
1.57082
1.57378
1.57032
1.56072
1.54611
1.5284
1.51021
1.49477
1.48536
1.48432
1.49216
1.50731
1.52719
1.54951
1.57303
1.59732
1.6221
1.64677
1.67013
1.6906
1.70637
1.7155
1.71625
1.70739
1.68869
1.66152
1.62911
1.59634
1.56788
1.54594
1.52975
1.51751
1.50843
1.50315
1.50298
1.50907
1.52175
1.54012
1.56201
1.58452
1.6048
1.62063
1.63062
1.63423
1.63164
1.62363
1.61143
1.59642
1.57986
1.56272
1.5458
1.53018
1.51765
1.51057
1.51115
1.52056
1.53838
1.56297
1.59197
1.62274
1.65261
1.67911
1.70004
1.71359
1.71842
1.71374
1.6997
1.67761
1.65002
1.6209
1.59564
1.58065
1.58139
1.59874
1.62737
1.65859
1.68495
1.70247
1.71013
1.70855
1.69896
1.68267
1.66099
1.63548
1.608
1.58071
1.55579
1.53525
1.52049
1.5119
1.50871
1.50946
1.51255
1.51698
1.52282
1.53124
1.54392
1.56214
1.58565
1.61227
1.6384
1.66003
1.6737
1.67705
1.66897
1.64967
1.62053
1.58395
1.54319
1.50212
1.4649
1.43537
1.41603
1.40754
1.40934
1.42064
1.44031
1.46613
1.49502
1.52377
1.5494
1.56932
1.58132
1.58405
1.57783
1.5652
1.5507
1.53967
1.53621
1.54164
1.55428
1.57093
1.58913
1.60821
1.62851
1.64954
1.669
1.68346
1.68976
1.68595
1.67141
1.64689
1.61451
1.57802
1.54268
1.51408
1.49601
1.48912
1.49144
1.49996
1.51182
1.52461
1.53644
1.54605
1.55297
1.55741
1.5599
1.56093
1.5609
1.56016
1.55921
1.55874
1.55954
1.56238
1.56765
1.57522
1.58464
1.5953
1.60657
1.61773
1.62793
1.63643
1.64288
1.64739
1.6504
1.6522
1.65259
1.6509
1.64621
1.63771
1.62515
1.60889
1.58954
1.56768
1.54361
1.51749
1.48956
1.46069
1.43258
1.40797
1.39046
1.38394
1.39139
1.41343
1.44745
1.48821
1.5294
1.56559
1.59313
1.61041
1.61746
1.61537
1.606
1.59183
1.57576
1.56082
1.54967
1.54392
1.54366
1.54746
1.55321
1.55915
1.5645
1.56948
1.57485
1.58136
1.58907
1.59703
1.60318
1.60499
1.60071
1.59117
1.58045
1.57388
1.57449
1.58176
1.59346
1.60728
1.62093
1.63199
1.63855
1.63984
1.63645
1.62991
1.62194
1.61389
1.60657
1.60033
1.5951
1.59057
1.58648
1.58324
1.58222
1.58526
1.59343
1.60581
1.61946
1.6306
1.63606
1.63402
1.62404
1.60667
1.58301
1.55457
1.52333
1.49179
1.4628
1.43921
1.42328
1.41644
1.41918
1.43112
1.45104
1.47701
1.5065
1.53661
1.56447
1.58762
1.60407
1.61228
1.61153
1.60233
1.58704
1.56989
1.55595
1.54928
1.55118
1.55984
1.57178
1.58378
1.59389
1.60146
1.60678
1.61056
1.61362
1.61644
1.61897
1.62052
1.62007
1.61671
1.61021
1.60134
1.59175
1.58358
1.57887
1.57868
1.58249
1.58816
1.59276
1.59375
1.58989
1.58157
1.57047
1.55887
1.54886
1.54189
1.5387
1.5394
1.54367
1.55072
1.55934
1.56811
1.57568
1.58116
1.58437
1.58584
1.58646
1.58696
1.58781
1.58929
1.5914
1.59363
1.59474
1.59365
1.59049
1.58727
1.58696
1.59163
1.6012
1.61349
1.62571
1.636
1.6439
1.65003
1.6552
1.65971
1.6631
1.66434
1.66227
1.65601
1.64538
1.6312
1.61515
1.59942
1.5861
1.57639
1.57035
1.56695
1.56488
1.5633
1.56222
1.56242
1.565
1.57082
1.58008
1.59212
1.60557
1.61867
1.62995
1.63852
1.64418
1.6473
1.6485
1.64833
1.64698
1.64408
1.63885
1.63056
1.61894
1.60468
1.5896
1.57624
1.56681
1.56221
1.56206
1.56601
1.57496
1.59009
1.61056
1.63311
1.65409
1.67125
1.6836
1.69057
1.69159
1.68623
1.67462
1.65775
1.63763
1.61712
1.59928
1.5865
1.5797
1.5781
1.57947
1.58089
1.57959
1.57385
1.56362
1.55036
1.53626
1.52319
1.5126
1.50582
1.5045
1.50999
1.52232
1.53981
1.55959
1.57845
1.5935
1.60252
1.60429
1.59889
1.58795
1.57459
1.5628
1.55632
1.55724
1.56532
1.5784
1.59375
1.6092
1.62333
1.63464
1.64069
1.63774
1.62194
1.59139
1.54831
1.49992
1.45658
1.42715
1.41456
1.41542
1.42379
1.43492
1.44662
1.45849
1.47057
1.48243
1.49316
1.50196
1.50866
1.51411
1.51978
1.52711
1.53697
1.54922
1.56276
1.5755
1.58479
1.58798
1.58329
1.57046
1.55105
1.52815
1.5054
1.48598
1.47177
1.46325
1.46007
1.46175
1.46802
1.47879
1.49421
1.51458
1.53982
1.56885
1.59914
1.62743
1.6507
1.66709
1.67644
1.67997
1.67957
1.67693
1.67277
1.66671
1.65771
1.6449
1.62846
1.61009
1.59266
1.57953
1.57342
1.57536
1.58422
1.59703
1.61039
1.62174
1.6302
1.6363
1.64103
1.64506
1.6486
1.65185
1.65537
1.65982
1.66543
1.67191
1.67859
1.68488
1.69022
1.69403
1.69561
1.69434
1.68999
1.68281
1.67338
1.66232
1.65006
1.63682
1.62263
1.60743
1.59141
1.57523
1.56013
1.54714
1.53626
1.52645
1.51643
1.50563
1.49445
1.48397
1.47554
1.47055
1.4702
1.47516
1.4849
1.49743
1.51007
1.5208
1.52918
1.53594
1.54199
1.54777
1.55343
1.55908
1.56474
1.57016
1.57489
1.57853
1.58089
1.58213
1.58253
1.58209
1.58029
1.57611
1.56844
1.5565
1.54035
1.52113
1.50091
1.48218
1.46738
1.45832
1.45596
1.46034
1.47076
1.48582
1.50351
1.52146
1.53744
1.54983
1.5579
1.56157
1.56082
1.55541
1.54522
1.53117
1.51579
1.50253
1.49412
1.49132
1.49346
1.49974
1.50985
1.52339
1.53924
1.55546
1.56995
1.58144
1.59012
1.59741
1.60516
1.61461
1.6255
1.63606
1.64356
1.64535
1.63977
1.62666
1.60757
1.58516
1.56236
1.54137
1.52314
1.50779
1.49544
1.48711
1.48468
1.49008
1.50394
1.52475
1.54919
1.57352
1.59483
1.61166
1.62361
1.63059
1.63216
1.62727
1.61461
1.5933
1.56366
1.52781
1.48958
1.45385
1.42547
1.40809
1.40328
1.41029
1.42644
1.44828
1.47271
1.49749
1.52084
1.54078
1.55497
1.56133
1.55943
1.55151
1.54202
1.53577
1.53553
1.54087
1.54903
1.55693
1.56294
1.5673
1.57179
1.57864
1.5896
1.60529
1.62496
1.64665
1.66753
1.68444
1.69462
1.69633
1.68916
1.67393
1.65247
1.62732
1.60146
1.57793
1.55919
1.54643
1.53929
1.53627
1.53545
1.53525
1.53458
1.53286
1.52994
1.52592
1.52122
1.51656
1.51284
1.51065
1.50975
1.50875
1.50544
1.49763
1.48407
1.46524
1.44377
1.42439
1.41244
1.41178
1.42298
1.44344
1.4692
1.49696
1.52511
1.5533
1.58123
1.6075
1.62926
1.64328
1.64743
1.6417
1.62806
1.60959
1.58935
1.56964
1.55184
1.53725
1.52811
1.52748
1.53797
1.56005
1.59144
1.6278
1.66439
1.69739
1.72447
1.74465
1.75783
1.76447
1.76548
1.76224
1.75646
1.74946
1.74141
1.73076
1.71467
1.69037
1.65694
1.61668
1.57558
1.54207
1.52392
1.5249
1.54324
1.57298
1.6067
1.63792
1.66198
1.67599
1.67869
1.67042
1.65318
1.63052
1.6067
1.58556
1.56967
1.55997
1.55638
1.55861
1.56666
1.58065
1.60033
1.62453
1.65112
1.67736
1.70059
1.71894
1.73164
1.73896
1.74201
1.74227
1.74122
1.73989
1.7386
1.73678
1.73313
1.72613
1.71465
1.69868
1.67981
1.66107
1.64618
1.63794
1.63685
1.64084
1.64642
1.65025
1.65029
1.64613
1.63863
1.62914
1.61877
1.60781
1.59598
1.58296
1.56932
1.5567
1.54712
1.54158
1.53939
1.53894
1.5387
1.5377
1.53533
1.53102
1.5242
1.51464
1.50277
1.49009
1.47914
1.47299
1.47419
1.48372
1.50085
1.52375
1.55039
1.57898
1.60769
1.63419
1.65555
1.66898
1.67278
1.66733
1.65556
1.64281
1.63514
1.63625
1.64517
1.65722
1.66733
1.67221
1.6707
1.66309
1.65054
1.63473
1.61782
1.60217
1.58983
1.5819
1.57805
1.57674
1.57608
1.57462
1.57184
1.56805
1.56406
1.56065
1.55837
1.55747
1.55801
1.55998
1.5635
1.56885
1.57613
1.58513
1.59508
1.60476
1.61285
1.61832
1.62088
1.6212
1.62078
1.62122
1.62344
1.62707
1.63056
1.63176
1.62853
1.61928
1.6033
1.581
1.55417
1.52593
1.5004
1.48179
1.47286
1.47404
1.48354
1.49812
1.51415
1.52848
1.53896
1.54459
1.54528
1.54179
1.53563
1.52894
1.52406
1.5232
1.52784
1.53824
1.5531
1.56974
1.58493
1.59609
1.60206
1.60321
1.60098
1.59713
1.59284
1.58836
1.58317
1.57657
1.5684
1.55932
1.5508
1.54435
1.54105
1.54126
1.54465
1.55032
1.5569
1.56271
1.56623
1.56638
1.56271
1.55528
1.54469
1.53243
1.52118
1.51403
1.51271
1.51612
1.52104
1.52439
1.52507
1.52447
1.52544
1.53053
1.54046
1.55371
1.56767
1.57993
1.58874
1.59313
1.5928
1.58838
1.5812
1.57285
1.56447
1.55635
1.54814
1.53934
1.53005
1.52113
1.51379
1.50868
1.50513
1.50138
1.49553
1.48666
1.47549
1.46429
1.45623
1.45428
1.46007
1.4732
1.49122
1.51044
1.52712
1.53842
1.54285
1.5403
1.53175
1.51899
1.50433
1.49014
1.47841
1.47061
1.46786
1.47128
1.48174
1.49885
1.52007
1.54129
1.55882
1.57154
1.58133
1.59094
1.6009
1.60909
1.61299
1.61178
1.60668
1.60017
1.59508
1.59367
1.59686
1.60384
1.61255
1.62072
1.62684
1.63051
1.6322
1.63268
1.63229
1.63038
1.62532
1.61518
1.59923
1.57946
1.56053
1.54738
1.54211
1.54302
1.54646
1.5493
1.55028
1.54984
1.54921
1.54941
1.55084
1.55331
1.55631
1.55917
1.56129
1.56234
1.56247
1.56244
1.56352
1.56696
1.57343
1.58289
1.59486
1.60879
1.62432
1.64069
1.65603
1.6673
1.671
1.66465
1.64803
1.62339
1.5945
1.56496
1.53685
1.51118
1.48925
1.47321
1.46523
1.46604
1.4743
1.48733
1.50233
1.51719
1.5309
1.54353
1.55588
1.56867
1.58184
1.59441
1.60471
1.61096
1.61176
1.60646
1.59567
1.58127
1.56617
1.55366
1.54644
1.54602
1.55253
1.56493
1.58143
1.59985
1.6181
1.63448
1.64784
1.65743
1.66278
1.66359
1.65965
1.65091
1.63749
1.61997
1.59965
1.57875
1.55994
1.54539
1.53591
1.53095
1.529
1.52825
1.5269
1.52344
1.51705
1.50772
1.49631
1.48434
1.47354
1.46535
1.46049
1.4587
1.45885
1.45954
1.46013
1.4612
1.46426
1.47063
1.4807
1.49427
1.51158
1.53334
1.55923
1.58648
1.61061
1.62778
1.63628
1.63652
1.63012
1.61906
1.60529
1.59045
1.57585
1.56224
1.54984
1.53829
1.52688
1.51493
1.50222
1.48946
1.47823
1.47038
1.467
1.46824
1.47378
1.48343
1.49659
1.51158
1.52573
1.53644
1.54236
1.54391
1.5429
1.5418
1.54311
1.54874
1.55958
1.5753
1.59459
1.61546
1.63558
1.65278
1.66553
1.67316
1.67602
1.67514
1.67197
1.668
1.66433
1.66172
1.66048
1.66047
1.66079
1.65965
1.65452
1.64267
1.62207
1.5924
1.55605
1.51805
1.48468
1.46119
1.45017
1.45185
1.46494
1.4871
1.51507
1.54499
1.57303
1.59594
1.61126
1.61738
1.61353
1.60018
1.57937
1.55443
1.52886
1.50495
1.48363
1.46562
1.45232
1.44566
1.44734
1.45801
1.47685
1.50163
1.52916
1.55609
1.57946
1.59709
1.60755
1.61015
1.6049
1.59247
1.57414
1.55177
1.52754
1.50369
1.4823
1.46516
1.454
1.45057
1.45641
1.47202
1.49627
1.52643
1.55914
1.59148
1.6214
1.64753
1.66881
1.68431
1.69341
1.69575
1.69104
1.67886
1.65903
1.63255
1.60256
1.57443
1.55432
1.54688
1.55309
1.56993
1.59208
1.61418
1.63233
1.6445
1.65018
1.64997
1.64493
1.63609
1.62415
1.60992
1.5949
1.58143
1.57201
1.5681
1.56931
1.57359
1.57815
1.58066
1.58008
1.57698
1.5732
1.57093
1.57153
1.57476
1.57889
1.58148
1.58032
1.57429
1.5637
1.55028
1.53679
1.52583
1.51871
1.51493
1.51274
1.51044
1.50728
1.50386
1.50163
1.50205
1.50574
1.51196
1.51873
1.52363
1.52472
1.52125
1.51393
1.50465
1.49573
1.48907
1.48533
1.48375
1.48246
1.47952
1.47395
1.46638
1.4589
1.45425
1.45462
1.46078
1.47188
1.48604
1.50117
1.51571
1.5289
1.5407
1.55149
1.56152
1.5706
1.57804
1.5831
1.58557
1.58627
1.58696
1.58966
1.59549
1.60399
1.61329
1.62125
1.62638
1.62839
1.62807
1.62685
1.62603
1.62618
1.62695
1.62735
1.62639
1.62341
1.61824
1.61117
1.60294
1.59463
1.58757
1.58292
1.58146
1.58343
1.58836
1.59478
1.60025
1.60184
1.59713
1.58519
1.56708
1.54559
1.52451
1.50744
1.49689
1.49373
1.49743
1.50661
1.51964
1.53501
1.55133
1.56728
1.58154
1.59304
1.60119
1.6062
1.60896
1.6106
1.61187
1.6127
1.61214
1.60863
1.60035
1.58565
1.56366
1.53541
1.50534
1.48185
1.47437
1.48755
1.51765
1.555
1.58949
1.61422
1.62638
1.62655
1.61771
1.604
1.58935
1.57667
1.56768
1.56336
1.56412
1.56969
1.57882
1.58923
1.59798
1.60229
1.60049
1.59259
1.5805
1.56761
1.55788
1.55427
1.55755
1.56635
1.57852
1.5922
1.60613
1.61944
1.63147
1.64169
1.64955
1.6544
1.65537
1.6515
1.64211
1.62723
1.60814
1.58755
1.5691
1.55612
1.5503
1.55127
1.5571
1.56525
1.57313
1.57824
1.5783
1.57171
1.55833
1.54009
1.5209
1.50545
1.49746
1.49813
1.50587
1.51708
1.52757
1.53395
1.53469
1.53033
1.52298
1.51526
1.50949
1.50747
1.51048
1.51926
1.53362
1.55228
1.57307
1.59353
1.61124
1.62405
1.63005
1.62798
1.61774
1.60074
1.57993
1.55928
1.54258
1.53236
1.52913
1.53151
1.5369
1.54259
1.54675
1.54904
1.55036
1.55219
1.55572
1.56131
1.56828
1.57508
1.57983
1.58083
1.57699
1.56798
1.55431
1.53739
1.51955
1.50401
1.494
1.49138
1.49578
1.50502
1.51658
1.52875
1.5409
1.55297
1.56507
1.57737
1.59004
1.60321
1.61684
1.63071
1.64479
1.65953
1.67559
1.69307
1.71089
1.72686
1.7384
1.74339
1.74098
1.73203
1.71923
1.70626
1.69628
1.69022
1.68638
1.68127
1.67127
1.65386
1.6283
1.59598
1.56033
1.52618
1.49867
1.48204
1.4787
1.48886
1.51062
1.54033
1.57328
1.6045
1.62978
1.64639
1.65359
1.65262
1.64616
1.63718
1.62796
1.61951
1.61211
1.60612
1.60253
1.6029
1.6085
1.61951
1.6346
1.65115
1.66586
1.67585
1.67949
1.67665
1.66829
1.65514
1.63696
1.61313
1.58454
1.55506
1.5309
1.51764
1.51699
1.52612
1.53958
1.55242
1.56215
1.56891
1.5741
1.57875
1.58278
1.58553
1.58663
1.58639
1.58554
1.58486
1.58505
1.58687
1.59119
1.59869
1.60942
1.62254
1.63658
1.64992
1.66135
1.67022
1.67629
1.67948
1.67978
1.67728
1.67218
1.66463
1.65451
1.64139
1.62476
1.60436
1.58051
1.5543
1.52753
1.50225
1.48041
1.46362
1.453
1.4492
1.4524
1.46218
1.4775
1.49684
1.51866
1.54162
1.56429
1.58488
1.60113
1.61084
1.61263
1.60676
1.59542
1.58206
1.56975
1.56008
1.55333
1.54972
1.55005
1.55542
1.56629
1.58184
1.59997
1.61806
1.6339
1.64611
1.65431
1.65903
1.6617
1.66432
1.6686
1.67495
1.682
1.68704
1.68707
1.67997
1.66517
1.64386
1.61865
1.59311
1.57102
1.5556
1.54888
1.55127
1.56163
1.57762
1.59631
1.61475
1.63038
1.64135
1.64667
1.64625
1.64081
1.6317
1.62054
1.60874
1.59715
1.58592
1.57478
1.56386
1.55439
1.54894
1.55004
1.55789
1.5698
1.58231
1.59365
1.60375
1.61248
1.61875
1.62113
1.61882
1.61217
1.60247
1.59166
1.58176
1.57416
1.56916
1.56568
1.56135
1.55303
1.5378
1.51427
1.48371
1.45053
1.4213
1.40238
1.39734
1.40605
1.42586
1.45311
1.48379
1.51373
1.53885
1.5558
1.56271
1.55971
1.54905
1.53463
1.52094
1.51159
1.50817
1.50986
1.51417
1.51819
1.51987
1.51874
1.51583
1.51289
1.5117
1.51373
1.51996
1.53054
1.54439
1.55933
1.57283
1.58292
1.58878
1.59062
1.5893
1.58597
1.58177
1.5779
1.57549
1.57507
1.57588
1.5761
1.57379
1.56817
1.55994
1.55091
1.54319
1.53858
1.53821
1.54261
1.55179
1.56478
1.57926
1.59184
1.59907
1.59873
1.5904
1.57522
1.55531
1.53319
1.51162
1.49355
1.48178
1.47825
1.48332
1.49569
1.513
1.53272
1.55307
1.57357
1.5948
1.61764
1.64201
1.66638
1.68806
1.70408
1.71229
1.71183
1.70317
1.6879
1.6681
1.64561
1.62171
1.59731
1.57365
1.55241
1.5351
1.52218
1.5129
1.50616
1.50146
1.49888
1.49825
1.49849
1.49788
1.49531
1.49145
1.48866
1.48988
1.497
1.51043
1.52952
1.55346
1.58158
1.61309
1.64674
1.68087
1.71352
1.74281
1.76709
1.78513
1.79606
1.79937
1.79478
1.7823
1.76222
1.73522
1.70232
1.6649
1.62462
1.58342
1.5436
1.50768
1.47814
1.45692
1.44479
1.44143
1.44581
1.4569
1.47414
1.49721
1.52517
1.55569
1.58555
1.61165
1.63188
1.64504
1.65045
1.64769
1.63654
1.61723
1.59067
1.55853
1.5234
1.48874
1.45838
1.43559
1.42211
1.41772
1.42053
1.42805
1.43813
1.4493
1.46059
1.47125
1.48073
1.48933
1.49904
1.51374
1.53715
1.56885
1.60253
1.62931
1.64259
1.64051
1.6255
1.60274
1.57858
1.55882
1.54747
1.54651
1.55607
1.57447
1.59766
1.61969
1.63508
1.64073
1.6365
1.62426
1.6069
1.58744
1.56849
1.55203
1.53949
1.53198
1.53065
1.53676
1.5514
1.57457
1.6043
1.63657
1.66635
1.68901
1.70155
1.70314
1.69483
1.67907
1.659
1.63776
1.61794
1.60111
1.58757
1.57645
1.56613
1.55502
1.54242
1.52886
1.51595
1.50567
1.4997
1.49878
1.50276
1.51102
1.52305
1.53871
1.5579
1.57997
1.60326
1.62529
1.64338
1.65546
1.66061
1.65913
1.65205
1.64061
1.62589
1.60883
1.59028
1.57113
1.55212
1.53385
1.5171
1.50301
1.49284
1.48749
1.48704
1.49087
1.49825
1.50897
1.52331
1.54146
1.56277
1.5854
1.60662
1.62362
1.63428
1.6377
1.63402
1.62417
1.60988
1.59385
1.57955
1.56984
1.56494
1.56184
1.55593
1.5437
1.52471
1.5018
1.48013
1.46521
1.46092
1.4681
1.48466
1.50681
1.53054
1.55253
1.57019
1.58127
1.58381
1.57679
1.56101
1.53941
1.51614
1.49526
1.47974
1.4711
1.46931
1.47289
1.47936
1.48619
1.49184
1.4963
1.50062
1.50535
1.50969
1.51198
1.5109
1.50595
1.49737
1.48591
1.47269
1.45934
1.44771
1.43927
1.43439
1.43238
1.43243
1.4347
1.44042
1.45115
1.46711
1.4861
1.5041
1.51761
1.52537
1.52825
1.52773
1.52469
1.5193
1.51151
1.50168
1.49059
1.4791
1.46785
1.45718
1.44733
1.43879
1.43272
1.43117
1.43676
1.45177
1.47727
1.51247
1.55477
1.60037
1.64511
1.68531
1.7181
1.74149
1.75447
1.75715
1.75092
1.73801
1.72038
1.69874
1.67291
1.64326
1.61171
1.58107
1.55327
1.52838
1.50541
1.48418
1.46624
1.45424
1.45017
1.45407
1.46411
1.47772
1.49294
1.50915
1.52681
1.54652
1.56825
1.59086
1.61259
1.63157
1.64662
1.65761
1.66533
1.67096
1.67514
1.67744
1.67648
1.67091
1.66051
1.64652
1.63102
1.61579
1.60162
1.58848
1.57602
1.564
1.55269
1.54304
1.53674
1.53584
1.54178
1.5544
1.57154
1.58972
1.60548
1.61633
1.62125
1.62041
1.6146
1.60466
1.59104
1.57397
1.55437
1.53494
1.52004
1.51372
1.51738
1.52966
1.54784
1.56915
1.59108
1.61156
1.62896
1.64225
1.651
1.65535
1.65605
1.65436
1.65176
1.64926
1.64684
1.64357
1.63858
1.63202
1.62495
1.61854
1.61335
1.6093
1.60586
1.60232
1.59811
1.59319
1.58832
1.58467
1.58277
1.58123
1.57669
1.56549
1.54632
1.52173
1.49801
1.48325
1.48451
1.50464
1.53978
1.58007
1.61404
1.63323
1.63424
1.61882
1.59362
1.56787
1.54842
1.53626
1.5282
1.52121
1.51425
1.50743
1.5007
1.49319
1.48345
1.47033
1.45403
1.43686
1.42257
1.41481
1.41547
1.42443
1.44006
1.4602
1.4827
1.50592
1.52884
1.55106
1.57259
1.59354
1.61389
1.63333
1.65117
1.66652
1.6787
1.68739
1.69273
1.69514
1.69539
1.69429
1.69246
1.68985
1.68572
1.67879
1.66796
1.65288
1.6341
1.61302
1.59151
1.57161
1.5553
1.54422
1.53933
1.54059
1.54685
1.55645
1.56817
1.58173
1.59747
1.61551
1.635
1.6542
1.671
1.68361
1.69098
1.69296
1.69
1.68263
1.67102
1.65461
1.63222
1.60267
1.56582
1.52393
1.4822
1.44762
1.42594
1.41866
1.42309
1.43493
1.45067
1.46802
1.48555
1.50258
1.51931
1.53644
1.55414
1.5712
1.58542
1.59459
1.59732
1.59335
1.58364
1.57035
1.55657
1.54571
1.54036
1.54102
1.54563
1.55048
1.55171
1.54693
1.53583
1.52026
1.50355
1.48982
1.48274
1.48472
1.49631
1.51628
1.54227
1.57162
1.60191
1.63126
1.6582
1.68162
1.70071
1.71494
1.7241
1.72835
1.72813
1.72392
1.71606
1.70474
1.69039
1.67377
1.65594
1.63783
1.62001
1.60286
1.58707
1.57397
1.5653
1.56273
1.56723
1.57872
1.596
1.6172
1.64009
1.66218
1.68055
1.69198
1.69389
1.68588
1.67119
1.65575
1.64474
1.63951
1.63834
1.6391
1.64045
1.6413
1.64016
1.63515
1.6243
1.60604
1.57982
1.54687
1.51072
1.47713
1.45268
1.442
1.44549
1.45953
1.47897
1.49956
1.51905
1.53676
1.55253
1.56586
1.57592
1.58218
1.58482
1.58458
1.58263
1.58068
1.58066
1.58366
1.58901
1.5941
1.59549
1.59068
1.58043
1.56955
1.56476
1.57061
1.58698
1.60996
1.63471
1.6573
1.67495
1.68571
1.68843
1.68286
1.66947
1.6492
1.62329
1.59321
1.56093
1.52892
1.49984
1.47584
1.45807
1.44667
1.44128
1.44137
1.44664
1.45698
1.47236
1.49248
1.51644
1.54265
1.56901
1.59325
1.61309
1.6264
1.63137
1.62716
1.61444
1.59553
1.57391
1.55312
1.53599
1.52417
1.5178
1.51583
1.51671
1.51939
1.52383
1.53082
1.54097
1.55354
1.56616
1.57589
1.58078
1.58055
1.57595
1.56793
1.55726
1.54507
1.53377
1.52691
1.52771
1.53734
1.55453
1.57626
1.5988
1.61856
1.63253
1.63857
1.63594
1.62599
1.6124
1.60034
1.59462
1.59781
1.60948
1.62632
1.64307
1.65442
1.65682
1.64972
1.63583
1.62048
1.60968
1.60672
1.6096
1.61243
1.60931
1.59744
1.5778
1.55451
1.53324
1.51914
1.51498
1.52042
1.53282
1.5488
1.56555
1.58123
1.59482
1.60591
1.61458
1.62144
1.62731
1.63297
1.63864
1.64405
1.64888
1.65321
1.65765
1.66285
1.66889
1.67504
1.68011
1.68305
1.68318
1.68029
1.67437
1.66539
1.6531
1.63719
1.61764
1.59497
1.57049
1.54633
1.52523
1.50993
1.50198
1.50091
1.50451
1.51035
1.51712
1.52524
1.5364
1.5523
1.5736
1.59952
1.62789
1.65562
1.67925
1.6956
1.70225
1.69782
1.68234
1.65738
1.6261
1.59284
1.56177
1.5354
1.51425
1.49795
1.48669
1.48169
1.48459
1.49657
1.51758
1.54597
1.57871
1.61187
1.64141
1.66392
1.6772
1.68038
1.67363
1.65791
1.63491
1.60716
1.57801
1.55132
1.53052
1.51781
1.51387
1.51811
1.52925
1.5456
1.56509
1.58516
1.60298
1.61571
1.62125
1.61899
1.61073
1.60067
1.59381
1.59291
1.59674
1.60133
1.6029
1.59968
1.59222
1.58273
1.57386
1.56749
1.56399
1.56232
1.56065
1.55714
1.55058
1.54078
1.52854
1.51528
1.50207
1.48906
1.47538
1.45985
1.44199
1.42307
1.40679
1.39877
1.40416
1.4248
1.45834
1.49978
1.5437
1.58564
1.62254
1.65279
1.67586
1.69195
1.70169
1.7058
1.70482
1.69919
1.68954
1.67682
1.66245
1.64796
1.63466
1.62364
1.61562
1.611
1.60977
1.61131
1.61422
1.61655
1.61603
1.61081
1.60012
1.58488
1.56775
1.55238
1.54201
1.5382
1.54039
1.54632
1.553
1.55752
1.55783
1.55315
1.54412
1.53262
1.52125
1.51284
1.50963
1.51276
1.52188
1.53561
1.55217
1.56988
1.58734
1.60343
1.61757
1.62993
1.64108
1.65101
1.65851
1.66163
1.65859
1.64841
1.63103
1.60716
1.57822
1.54627
1.51425
1.48605
1.46593
1.45693
1.45929
1.47024
1.48528
1.49992
1.51067
1.51559
1.51508
1.51279
1.51414
1.52103
1.5285
1.52847
1.51605
1.49199
1.4612
1.43032
1.40562
1.39164
1.39017
1.39996
1.41725
1.43715
1.45536
1.46951
1.47992
1.48922
1.50063
1.5152
1.53066
1.54336
1.55112
1.55421
1.55424
1.55272
1.55043
1.54749
1.54381
1.53976
1.53665
1.5366
1.54134
1.55099
1.56405
1.57833
1.59187
1.60335
1.61197
1.61743
1.61986
1.61969
1.61752
1.61395
1.60978
1.60601
1.60369
1.6035
1.60524
1.60778
1.60933
1.60799
1.60225
1.59149
1.57649
1.5596
1.54445
1.53499
1.53423
1.54304
1.56004
1.58259
1.60779
1.6329
1.65547
1.6734
1.68494
1.68874
1.68403
1.67089
1.65055
1.62529
1.59826
1.57286
1.55214
1.53828
1.5323
1.53421
1.54311
1.55746
1.5751
1.59317
1.6081
1.61622
1.61489
1.60374
1.58496
1.5626
1.54107
1.52389
1.51316
1.5096
1.51245
1.51978
1.52922
1.53882
1.54736
1.5543
1.55966
1.56367
1.56642
1.56757
1.56627
1.56146
1.55239
1.53881
1.52115
1.5008
1.48029
1.46314
1.45273
1.45055
1.45518
1.46293
1.46985
1.47392
1.47616
1.47973
1.48734
1.49898
1.5121
1.52396
1.53382
1.5436
1.55615
1.57269
1.59128
1.6077
1.61819
1.62222
1.6228
1.62389
1.62697
1.63026
1.63059
1.62576
1.61512
1.59917
1.579
1.5559
1.53139
1.50713
1.48485
1.4661
1.45199
1.44332
1.44084
1.44522
1.45671
1.47445
1.49614
1.51853
1.5385
1.55414
1.5652
1.57264
1.57785
1.58201
1.58597
1.59038
1.59566
1.60195
1.60891
1.61566
1.62095
1.62349
1.62254
1.61834
1.61214
1.60575
1.60061
1.5971
1.59429
1.59052
1.58422
1.57459
1.5618
1.5469
1.53147
1.51708
1.50474
1.49437
1.4849
1.47456
1.46167
1.44601
1.43029
1.42039
1.42291
1.44092
1.47171
1.50866
1.54485
1.57557
1.59896
1.61531
1.62579
1.63144
1.63285
1.63044
1.6249
1.61736
1.60883
1.59959
1.58882
1.57508
1.55691
1.53371
1.50605
1.4758
1.44551
1.41789
1.39561
1.38137
1.37778
1.38668
1.40813
1.44003
1.47861
1.51966
1.55936
1.59446
1.62242
1.64139
1.65043
1.64956
1.63972
1.62253
1.60015
1.57537
1.55157
1.53245
1.52103
1.51835
1.52294
1.5322
1.54442
1.55971
1.57906
1.60212
1.62601
1.64628
1.65918
1.66275
1.65674
1.64201
1.62043
1.59477
1.56824
1.54371
1.52299
1.50688
1.49586
1.49086
1.49309
1.50291
1.5189
1.53803
1.55681
1.57228
1.58232
1.5857
1.58256
1.57548
1.57054
1.57565
1.59533
1.62651
1.66055
1.68873
1.70557
1.70887
1.69872
1.67717
1.64848
1.61888
1.59482
1.58012
1.57457
1.57503
1.57761
1.57891
1.57657
1.5697
1.55912
1.5474
1.53842
1.53624
1.5432
1.55858
1.57904
1.60019
1.61844
1.6318
1.63994
1.64373
1.64515
1.64707
1.65241
1.66206
1.67316
1.68009
1.67776
1.66438
1.64218
1.61643
1.59317
1.57658
1.56739
1.56325
1.56049
1.55607
1.54892
1.5401
1.5322
1.52804
1.52916
1.53489
1.5426
1.54898
1.55187
1.55132
1.5494
1.5485
1.54968
1.55206
1.55355
1.55191
1.54564
1.53452
1.5199
1.50472
1.49286
1.48772
1.49084
1.50097
1.51463
1.52774
1.53746
1.54307
1.54561
1.54651
1.54641
1.54475
1.54019
1.53168
1.51916
1.50368
1.48699
1.47104
1.45756
1.4482
1.44466
1.44855
1.46077
1.48077
1.50597
1.53216
1.55456
1.56902
1.57298
1.56596
1.54969
1.52802
1.50606
1.48859
1.47827
1.47494
1.47631
1.47997
1.48463
1.49056
1.49892
1.51081
1.52641
1.54472
1.56403
1.58263
1.59937
1.61392
1.62654
1.63764
1.64724
1.65481
1.65941
1.66005
1.65592
1.64652
1.63171
1.61182
1.58788
1.56186
1.53679
1.51623
1.5035
1.50062
1.50775
1.5232
1.54426
1.56789
1.59127
1.61206
1.62849
1.63934
1.64406
1.64283
1.63652
1.6265
1.61438
1.60207
1.59177
1.58581
1.58608
1.59341
1.6072
1.6258
1.64707
1.66878
1.68887
1.70558
1.71753
1.72386
1.7243
1.71916
1.70919
1.69551
1.67928
1.66139
1.64224
1.6217
1.59949
1.57533
1.5491
1.52106
1.49223
1.46443
1.44015
1.42207
1.41227
1.41172
1.42024
1.43694
1.46073
1.49038
1.52423
1.56002
1.59495
1.62609
1.65091
1.6677
1.67573
1.6753
1.6677
1.65497
1.63963
1.62416
1.61056
1.59996
1.59265
1.58831
1.58639
1.58633
1.58764
1.58992
1.5928
1.59581
1.59829
1.59938
1.59826
1.59453
1.58868
1.58221
1.57712
1.57501
1.57625
1.57962
1.58298
1.58424
1.58213
1.57643
1.56767
1.55664
1.54412
1.53076
1.51728
1.50444
1.49297
1.48372
1.47792
1.47714
1.48244
1.49297
1.50581
1.51749
1.52557
1.52939
1.52948
1.52661
1.52129
1.51388
1.50531
1.49773
1.49422
1.49743
1.50806
1.5243
1.54246
1.55857
1.56984
1.5753
1.57581
1.57335
1.5704
1.56897
1.57004
1.57336
1.57776
1.5817
1.58371
1.58273
1.57802
1.56894
1.55472
1.53447
1.50757
1.47444
1.43746
1.40131
1.37217
1.35555
1.35398
1.36655
1.38991
1.4194
1.45
1.47736
1.49858
1.51265
1.52008
1.52244
1.52163
1.51936
1.51672
1.51387
1.51023
1.50503
1.49809
1.49053
1.48494
1.48488
1.4931
1.50966
1.53146
1.55377
1.57233
1.58449
1.58937
1.58733
1.57948
1.5672
1.55184
1.5349
1.51809
1.50343
1.49304
1.48859
1.49089
1.49979
1.51449
1.53365
1.55525
1.57681
1.59601
1.61131
1.6224
1.63001
1.63519
1.63884
1.64157
1.64401
1.6468
1.65039
1.65476
1.65948
1.66408
1.66809
1.67085
1.67125
1.6678
1.65911
1.64461
1.62514
1.60346
1.58429
1.57318
1.57411
1.58723
1.60871
1.63291
1.65505
1.67265
1.68559
1.69486
1.70136
1.70515
1.70526
1.70028
1.68907
1.67124
1.64758
1.62026
1.59247
1.56765
1.54843
1.53592
1.53011
1.53071
1.53759
1.55005
1.56599
1.58199
1.59451
1.60119
1.60129
1.59543
1.5852
1.57279
1.56061
1.5506
1.5437
1.53956
1.53675
1.53341
1.52791
1.51943
1.50803
1.49439
1.47939
1.4645
1.45265
1.44862
1.45716
1.4796
1.5122
1.54819
1.58083
1.60542
1.62011
1.62605
1.6268
1.62697
1.63022
1.63783
1.64871
1.66054
1.6711
1.67903
1.68361
1.68432
1.68049
1.67156
1.65744
1.63889
1.61758
1.59577
1.57594
1.56035
1.55043
1.54637
1.54708
1.55055
1.55469
1.55792
1.55932
1.55829
1.55416
1.54604
1.53326
1.51596
1.49562
1.47529
1.45932
1.45243
1.45815
1.47725
1.50724
1.54339
1.58055
1.61437
1.642
1.66222
1.67526
1.68202
1.68322
1.67941
1.67131
1.66013
1.64744
1.63466
1.62249
1.6108
1.59902
1.58641
1.57242
1.5568
1.53959
1.52117
1.50232
1.48434
1.46904
1.45865
1.45552
1.46156
1.4776
1.50307
1.53592
1.57312
1.61119
1.64662
1.67638
1.69829
1.71127
1.71553
1.71255
1.70455
1.69397
1.68294
1.67285
1.66418
1.65654
1.64894
1.64025
1.62975
1.61764
1.60524
1.59489
1.58916
1.5896
1.59578
1.60542
1.61541
1.62303
1.62678
1.62679
1.62468
1.62291
1.62364
1.62779
1.63472
1.64287
1.65038
1.65555
1.65694
1.65355
1.64506
1.6325
1.61859
1.60691
1.60001
1.59748
1.59629
1.59279
1.58454
1.57108
1.55361
1.53433
1.5156
1.4992
1.48614
1.47676
1.47095
1.46833
1.46791
1.46795
1.46651
1.46264
1.45765
1.45488
1.45777
1.46723
1.48117
1.49643
1.51091
1.5242
1.53686
1.54933
1.56126
1.57142
1.57794
1.5788
1.57241
1.55884
1.54052
1.52201
1.50791
1.50087
1.50129
1.50834
1.52097
1.53783
1.55692
1.5755
1.59039
1.59876
1.59885
1.59052
1.57546
1.55692
1.53891
1.52489
1.51656
1.51351
1.51385
1.51571
1.51826
1.52189
1.52805
1.5387
1.55584
1.58041
1.61135
1.64582
1.68037
1.71218
1.73976
1.7629
1.78168
1.79538
1.80229
1.8006
1.7895
1.76973
1.74299
1.71124
1.6764
1.64081
1.60736
1.57904
1.558
1.54469
1.53789
1.53543
1.53519
1.53585
1.53711
1.53977
1.54548
1.55627
1.57373
1.59781
1.6261
1.65411
1.67704
1.69142
1.69598
1.69154
1.68048
1.66607
1.65182
1.64074
1.63496
1.63537
1.64158
1.65194
1.66414
1.67609
1.6864
1.69417
1.6985
1.69867
1.6947
1.68758
1.67885
1.67
1.66196
1.65482
1.64807
1.64095
1.63279
1.62315
1.6116
1.59751
1.58014
1.55903
1.53465
1.50866
1.48393
1.46385
1.45136
1.44819
1.45421
1.46698
1.4817
1.49217
1.49348
1.4865
1.4801
1.48349
1.49473
1.50366
1.50399
1.49593
1.48179
1.46432
1.44775
1.43722
1.43638
1.44556
1.46229
1.48315
1.5053
1.52689
1.5466
1.56334
1.57604
1.58393
1.58683
1.5853
1.58061
1.57469
1.56979
1.56827
1.57213
1.58219
1.59737
1.61471
1.63015
1.63981
1.64096
1.63229
1.61381
1.58666
1.55336
1.51823
1.48755
1.4675
1.46112
1.46719
1.4823
1.5032
1.52808
1.55617
1.58663
1.61715
1.64378
1.66205
1.6686
1.66253
1.64573
1.62266
1.59891
1.57906
1.56515
1.55733
1.55541
1.55973
1.57088
1.58876
1.61171
1.63643
1.65882
1.67552
1.68529
1.68939
1.69057
1.69145
1.69296
1.69386
1.69146
1.68316
1.66784
1.64685
1.62406
1.60475
1.59348
1.59251
1.60133
1.61729
1.63648
1.65479
1.66883
1.67638
1.67615
1.66746
1.64996
1.62387
1.59066
1.55392
1.51938
1.49375
1.48207
1.48527
1.49969
1.51947
1.53961
1.55743
1.57252
1.58597
1.59955
1.61451
1.63076
1.64662
1.65937
1.66606
1.66442
1.65343
1.63338
1.60595
1.57391
1.54068
1.50984
1.48467
1.46797
1.46203
1.46833
1.48673
1.51461
1.54707
1.57841
1.60395
1.62111
1.6296
1.6311
1.62838
1.62426
1.6209
1.61965
1.62133
1.62631
1.63445
1.64505
1.65681
1.66804
1.67699
1.68215
1.68265
1.67814
1.66859
1.65389
1.63392
1.60919
1.58189
1.55584
1.53522
1.52299
1.52013
1.52565
1.53709
1.55152
1.56657
1.58099
1.59447
1.60708
1.61863
1.62839
1.63515
1.6376
1.63506
1.62793
1.6179
1.60743
1.59886
1.59371
1.59245
1.59485
1.60045
1.60899
1.61988
1.63154
1.64126
1.6463
1.64505
1.63749
1.62505
1.60988
1.59396
1.57854
1.56398
1.55036
1.53825
1.52917
1.52522
1.52822
1.53891
1.55672
1.5802
1.60749
1.63675
1.66613
1.69385
1.7183
1.73816
1.7525
1.76084
1.76293
1.75853
1.74747
1.72991
1.70678
1.67991
1.65187
1.62537
1.60287
1.58622
1.57629
1.57265
1.57334
1.5752
1.57495
1.57048
1.56155
1.54958
1.53687
1.52554
1.51665
1.50983
1.50364
1.49647
1.48755
1.4775
1.4681
1.46134
1.4583
1.45867
1.46106
1.46394
1.46624
1.46748
1.46721
1.4646
1.45868
1.4487
1.43452
1.41696
1.39819
1.38177
1.37178
1.37138
1.38172
1.4021
1.43083
1.46569
1.50412
1.54347
1.58135
1.61595
1.64623
1.67181
1.69276
1.70938
1.72192
1.73052
1.73507
1.7353
1.73084
1.72141
1.70689
1.6876
1.66439
1.6388
1.6129
1.58897
1.56903
1.5542
1.54442
1.53854
1.53495
1.53212
1.5291
1.52554
1.5216
1.51792
1.51573
1.51662
1.52196
1.53229
1.54707
1.56496
1.58429
1.6033
1.6203
1.63379
1.64249
1.64552
1.64247
1.63352
1.61953
1.60201
1.58312
1.56546
1.55161
1.54357
1.54209
1.54638
1.55416
1.56233
1.56838
1.57146
1.57247
1.57316
1.57506
1.57871
1.58346
1.5879
1.59045
1.58982
1.58497
1.575
1.55944
1.53919
1.51719
1.49758
1.48374
1.47669
1.47534
1.4777
1.48196
1.48692
1.49203
1.4973
1.50312
1.5101
1.51898
1.53029
1.54414
1.55999
