1.89852
1.89337
1.88421
1.87038
1.85093
1.82456
1.78963
1.74432
1.68693
1.61631
1.53251
1.43759
1.3362
1.23551
1.1439
1.06889
1.01512
0.983574
0.97207
0.976423
0.991664
1.01289
1.03585
1.05723
1.07486
1.08776
1.09603
1.10065
1.10303
1.10453
1.1059
1.10712
1.10745
1.10563
1.10027
1.09027
1.07535
1.05651
1.03587
1.01607
0.999271
0.986512
0.977769
0.972631
0.970912
0.972788
0.978415
0.98745
0.998875
1.0111
1.02232
1.03091
1.03573
1.03619
1.03239
1.02529
1.01656
1.00823
1.00194
0.998377
0.997395
0.99854
1.00142
1.00572
1.01101
1.01652
1.02122
1.02414
1.02486
1.02382
1.02236
1.02212
1.02433
1.02926
1.03617
1.0437
1.05039
1.05528
1.05826
1.05995
1.06121
1.06239
1.06311
1.06253
1.06029
1.05695
1.05361
1.05128
1.05046
1.05118
1.05325
1.05626
1.0597
1.06288
1.06503
1.0655
1.0638
1.05967
1.05307
1.0441
1.03299
1.02
1.00541
0.989666
0.973678
0.958955
0.94741
0.940813
0.9403
0.946289
0.958368
0.975061
0.993872
1.012
1.02716
1.03793
1.0438
1.04494
1.04216
1.03669
1.03008
1.02379
1.01868
1.01472
1.01128
1.00779
1.00443
1.00221
1.00237
1.00581
1.0127
1.02268
1.03506
1.04901
1.06347
1.07716
1.08874
1.09703
1.10147
1.10245
1.10139
1.10018
1.10021
1.10144
1.10252
1.1018
1.09835
1.09246
1.08578
1.08059
1.07855
1.07974
1.08273
1.08542
1.08597
1.08314
1.07643
1.06599
1.05273
1.03864
1.02706
1.02177
1.0245
1.03302
1.04263
1.04957
1.05298
1.05444
1.05635
1.06029
1.06651
1.07432
1.08273
1.09089
1.09845
1.10571
1.11308
1.12007
1.12489
1.12527
1.11973
1.10845
1.09355
1.07877
1.06828
1.0647
1.06785
1.07523
1.0838
1.09148
1.09744
1.10158
1.10386
1.10383
1.10069
1.09363
1.08239
1.0675
1.0501
1.03148
1.01259
0.994193
0.977443
0.96406
0.955697
0.953079
0.955964
0.963811
0.976294
0.99323
1.01415
1.038
1.06314
1.08758
1.10942
1.12705
1.13945
1.14622
1.14766
1.14451
1.1378
1.12858
1.11771
1.10592
1.09381
1.08204
1.07132
1.06243
1.05611
1.05297
1.05345
1.05775
1.0657
1.07659
1.08925
1.10214
1.11368
1.12248
1.12763
1.12887
1.12646
1.12109
1.11371
1.10557
1.09829
1.09389
1.09401
1.09907
1.10795
1.11883
1.12999
1.14009
1.14786
1.15197
1.15133
1.14559
1.13561
1.12324
1.11041
1.09809
1.08618
1.07423
1.06208
1.05011
1.03896
1.02928
1.02157
1.01618
1.01335
1.01306
1.01484
1.01767
1.02018
1.02089
1.01863
1.01285
1.00386
0.992925
0.982193
0.974432
0.972408
0.978009
0.991463
1.01101
1.0333
1.05431
1.0705
1.0796
1.08087
1.07512
1.0645
1.05218
1.04175
1.03616
1.03671
1.04271
1.05205
1.06236
1.07187
1.07951
1.08458
1.08652
1.08489
1.07968
1.0716
1.06199
1.05218
1.04293
1.0342
1.02595
1.01908
1.01576
1.01847
1.02826
1.04378
1.06168
1.07804
1.08971
1.09485
1.09309
1.08532
1.07361
1.0608
1.05002
1.04376
1.04307
1.04715
1.05384
1.06034
1.06408
1.06316
1.05663
1.04473
1.02894
1.01166
0.995526
0.982789
0.974904
0.972513
0.975598
0.983629
0.995586
1.0099
1.02449
1.03702
1.04538
1.04813
1.04514
1.03783
1.02919
1.0228
1.0213
1.025
1.03184
1.0389
1.0441
1.04699
1.04855
1.05032
1.05354
1.0586
1.065
1.0717
1.07767
1.08226
1.0853
1.08696
1.08749
1.08713
1.08617
1.08506
1.08441
1.08474
1.08625
1.08863
1.09123
1.09331
1.09432
1.09406
1.09266
1.09053
1.08808
1.08566
1.08359
1.08202
1.08088
1.07986
1.07844
1.07612
1.07265
1.06814
1.06317
1.05858
1.05523
1.05359
1.05339
1.05367
1.0533
1.05189
1.0503
1.05018
1.05275
1.05787
1.06433
1.07074
1.07609
1.07988
1.08202
1.08292
1.08337
1.08449
1.08721
1.09199
1.0986
1.10619
1.11365
1.11986
1.12384
1.12483
1.12234
1.1163
1.10709
1.09555
1.08296
1.0708
1.06045
1.05304
1.04916
1.04883
1.05145
1.05593
1.06093
1.06522
1.06797
1.06894
1.06848
1.0674
1.06672
1.06732
1.06952
1.07278
1.07566
1.07608
1.07206
1.06265
1.04871
1.03321
1.02034
1.01378
1.01495
1.02304
1.03618
1.05267
1.07134
1.09135
1.11184
1.13179
1.15004
1.16553
1.17743
1.18522
1.1886
1.18738
1.18138
1.17056
1.15521
1.13604
1.11436
1.09201
1.07118
1.05395
1.04157
1.03404
1.03052
1.03028
1.03332
1.04027
1.05162
1.06683
1.08384
1.09935
1.10984
1.11287
1.10837
1.09935
1.091
1.08805
1.09224
1.10224
1.11496
1.12691
1.13498
1.13724
1.13318
1.12361
1.11026
1.0954
1.08149
1.07075
1.06469
1.06374
1.0671
1.07311
1.07974
1.08517
1.0881
1.08797
1.08457
1.07763
1.06691
1.05274
1.03682
1.02225
1.01272
1.01105
1.01814
1.03294
1.05322
1.07627
1.09936
1.12033
1.13808
1.15258
1.16452
1.17472
1.18351
1.19051
1.19472
1.1949
1.19011
1.17992
1.16467
1.14532
1.12321
1.09979
1.07657
1.05502
1.03658
1.02252
1.01358
1.00963
1.00968
1.01236
1.01645
1.02137
1.02717
1.03437
1.04342
1.05395
1.06453
1.07303
1.07742
1.07646
1.07003
1.0591
1.0455
1.03149
1.01887
1.0083
0.999324
0.99113
0.983398
0.976773
0.97284
0.973657
0.980698
0.993894
1.01155
1.03109
1.05006
1.06646
1.07877
1.08583
1.08709
1.08299
1.07501
1.06538
1.05642
1.04978
1.04591
1.04403
1.04262
1.04017
1.0357
1.02896
1.02016
1.00963
0.997677
0.984804
0.972228
0.962167
0.957396
0.959945
0.969674
0.98407
0.999717
1.014
1.02589
1.0358
1.04481
1.0538
1.06296
1.07177
1.07932
1.0848
1.08785
1.08858
1.08743
1.08499
1.08173
1.07792
1.07348
1.06807
1.06135
1.05338
1.04492
1.03733
1.03231
1.03127
1.03484
1.04248
1.05264
1.06294
1.07077
1.07359
1.06949
1.05763
1.03877
1.01564
0.99234
0.972969
0.959801
0.952784
0.950446
0.951325
0.954727
0.960732
0.969745
0.981993
0.997148
1.01429
1.03214
1.04942
1.06505
1.07803
1.0872
1.09108
1.08837
1.07875
1.06346
1.04542
1.02865
1.01721
1.01385
1.01941
1.03291
1.05215
1.07418
1.0958
1.11397
1.1263
1.13151
1.12963
1.12177
1.10987
1.09637
1.08402
1.07543
1.07227
1.07449
1.08026
1.08686
1.09204
1.09507
1.09677
1.09876
1.10195
1.1056
1.10749
1.10518
1.09717
1.08352
1.06582
1.04688
1.03004
1.01841
1.01402
1.01721
1.02668
1.04006
1.05466
1.06792
1.07774
1.08266
1.08207
1.07639
1.06703
1.05627
1.0468
1.04106
1.04066
1.04603
1.0564
1.07022
1.08556
1.10042
1.11304
1.12194
1.12598
1.1245
1.11741
1.10519
1.0888
1.0694
1.04826
1.02685
1.0069
0.990279
0.978648
0.972737
0.971936
0.974513
0.978411
0.982143
0.98525
0.988287
0.99239
0.99852
1.00652
1.01482
1.02148
1.02582
1.02922
1.03444
1.04379
1.05756
1.07365
1.08868
1.09925
1.1029
1.09843
1.08614
1.06789
1.04711
1.02842
1.01642
1.01412
1.02197
1.03786
1.05832
1.07976
1.09943
1.11572
1.12819
1.13732
1.14401
1.14901
1.15244
1.15375
1.15202
1.14629
1.13578
1.11995
1.09858
1.07206
1.0418
1.01032
0.981005
0.957297
0.941565
0.93418
0.933547
0.937085
0.942436
0.948153
0.953923
0.960323
0.96851
0.979792
0.995154
1.0147
1.03736
1.06111
1.08361
1.10284
1.11742
1.12662
1.13021
1.1283
1.12123
1.10963
1.0946
1.07793
1.06165
1.04734
1.03547
1.02543
1.01622
1.0073
0.999001
0.992398
0.988553
0.987895
0.98998
0.993778
0.998161
1.00213
1.00486
1.00582
1.0052
1.0044
1.00585
1.012
1.02368
1.03926
1.0557
1.07033
1.08193
1.09055
1.0968
1.10128
1.10434
1.10618
1.10703
1.10718
1.10709
1.10732
1.10835
1.11034
1.11296
1.1156
1.11752
1.11817
1.11732
1.11524
1.11268
1.11066
1.10998
1.1109
1.11311
1.11602
1.11893
1.12107
1.12158
1.11961
1.11454
1.1062
1.09515
1.08252
1.06959
1.05718
1.04517
1.03289
1.02033
1.00928
1.00331
1.00552
1.01572
1.03037
1.04545
1.05876
1.06996
1.07931
1.08679
1.09202
1.09455
1.09413
1.09077
1.08447
1.07526
1.06322
1.0488
1.03317
1.0185
1.00765
1.00313
1.00555
1.01303
1.02189
1.02843
1.03014
1.02617
1.01731
1.00561
0.993663
0.983759
0.977189
0.97444
0.975929
0.982527
0.995085
1.01366
1.03704
1.06294
1.08859
1.11134
1.1293
1.14161
1.14836
1.15021
1.14764
1.14069
1.12912
1.11298
1.09312
1.0712
1.04938
1.02963
1.01333
1.00127
0.993966
0.991542
0.993408
0.998341
1.00502
1.01252
1.02043
1.0285
1.0365
1.04423
1.05164
1.05891
1.06626
1.07358
1.08011
1.08448
1.08535
1.0821
1.07567
1.06854
1.0641
1.06498
1.07148
1.08132
1.09091
1.09688
1.09724
1.09184
1.08192
1.0693
1.05559
1.04211
1.03042
1.02281
1.02182
1.029
1.04363
1.06256
1.08152
1.09667
1.10554
1.10725
1.10213
1.09129
1.07603
1.05746
1.03628
1.01315
0.989086
0.965757
0.945215
0.929244
0.918641
0.913092
0.911814
0.914325
0.920535
0.930021
0.94145
0.953085
0.963916
0.974066
0.984158
0.994486
1.00478
1.01467
1.02413
1.03338
1.04243
1.05049
1.05597
1.05705
1.05249
1.04233
1.02829
1.01364
1.0025
0.998277
1.002
1.01184
1.02423
1.03567
1.04419
1.04996
1.05466
1.06002
1.06665
1.07356
1.07889
1.08083
1.07835
1.07136
1.06065
1.04775
1.03471
1.02373
1.01667
1.01437
1.01652
1.02175
1.02818
1.03401
1.03783
1.03883
1.03685
1.03247
1.02692
1.02172
1.01817
1.01683
1.01744
1.01912
1.02091
1.0221
1.02256
1.02272
1.02337
1.02531
1.02871
1.03262
1.03506
1.03381
1.02741
1.01571
0.99991
0.982215
0.965137
0.950881
0.940905
0.935755
0.935225
0.938721
0.945488
0.95473
0.965587
0.977227
0.988985
1.00041
1.01115
1.02085
1.02913
1.03577
1.04084
1.04467
1.04757
1.04955
1.05039
1.05004
1.04906
1.04861
1.04977
1.05277
1.05669
1.05975
1.05994
1.05568
1.04636
1.03259
1.01628
1.00021
0.987284
0.979372
0.97662
0.977544
0.979914
0.981704
0.981625
0.979126
0.974086
0.966753
0.957959
0.949366
0.943175
0.941316
0.9447
0.952959
0.96471
0.978045
0.991045
1.00217
1.01042
1.01543
1.01743
1.01724
1.01613
1.01552
1.01654
1.01981
1.02538
1.03294
1.04198
1.05193
1.06217
1.07216
1.08147
1.08978
1.09664
1.10142
1.10355
1.10275
1.09923
1.0937
1.08706
1.08011
1.07332
1.06675
1.06015
1.0532
1.04568
1.0376
1.02939
1.0218
1.01582
1.01245
1.01226
1.01516
1.02036
1.02671
1.0331
1.03886
1.04382
1.04817
1.05238
1.05676
1.06125
1.06541
1.06886
1.07167
1.07443
1.07775
1.08184
1.08648
1.09139
1.09655
1.10212
1.10817
1.11418
1.11914
1.12175
1.12087
1.11585
1.10658
1.09349
1.07761
1.06067
1.04497
1.03304
1.02702
1.02812
1.03635
1.05057
1.06886
1.08899
1.10871
1.12594
1.13881
1.14578
1.14587
1.13879
1.12493
1.10527
1.08124
1.05471
1.02805
1.00406
0.9857
0.975335
0.974027
0.981315
0.99564
1.01487
1.03657
1.05823
1.07762
1.09331
1.10485
1.11258
1.11707
1.11868
1.1175
1.11356
1.10713
1.09855
1.08812
1.07576
1.06125
1.04457
1.02632
1.00786
0.991294
0.97901
0.972966
0.973902
0.981043
0.992413
1.00555
1.01831
1.02927
1.03777
1.04366
1.04711
1.04841
1.04809
1.0468
1.04504
1.04284
1.03969
1.03505
1.02874
1.02106
1.01243
1.00312
0.99333
0.983975
0.977453
0.977384
0.986428
1.00386
1.02568
1.04701
1.06418
1.07537
1.08013
1.0788
1.07193
1.06006
1.04373
1.02377
1.00197
0.98172
0.967497
0.962733
0.967333
0.977416
0.987647
0.994012
0.995079
0.991674
0.98582
0.979728
0.975152
0.97327
0.974707
0.979543
0.987261
0.996851
1.00733
1.0183
1.02997
1.04278
1.0567
1.07105
1.08475
1.09664
1.10574
1.1114
1.11329
1.11144
1.10612
1.09783
1.08735
1.07571
1.06409
1.05356
1.04482
1.03804
1.03295
1.02897
1.02535
1.02148
1.01704
1.01222
1.00772
1.00448
1.00357
1.00587
1.01205
1.02249
1.03717
1.05563
1.07707
1.10054
1.12499
1.149
1.17053
1.18721
1.19705
1.19899
1.19318
1.18087
1.164
1.14481
1.12522
1.10636
1.08842
1.07125
1.05496
1.04008
1.02725
1.01684
1.00879
1.00277
0.998501
0.996047
0.995747
0.99789
1.00248
1.00913
1.01723
1.02605
1.03469
1.04223
1.04778
1.05073
1.05079
1.04829
1.04425
1.04028
1.0379
1.03752
1.03836
1.03956
1.04158
1.04593
1.05304
1.06087
1.06614
1.06644
1.06109
1.05085
1.03741
1.02289
1.0094
0.998634
0.991686
0.989047
0.990796
0.996723
1.00637
1.01898
1.03349
1.04877
1.06372
1.07747
1.08932
1.09877
1.10563
1.10997
1.11203
1.11214
1.11055
1.1073
1.10228
1.09535
1.08644
1.07561
1.06307
1.04936
1.03576
1.02452
1.01838
1.01916
1.02624
1.03644
1.04561
1.05055
1.05022
1.04567
1.03895
1.03172
1.02446
1.01696
1.00916
1.0017
0.99592
0.993322
0.994967
1.00097
1.01043
1.02196
1.03457
1.04809
1.06282
1.07863
1.09446
1.10853
1.11914
1.12523
1.12651
1.12335
1.11661
1.10751
1.09746
1.08778
1.07931
1.07213
1.06576
1.05946
1.05272
1.04558
1.03846
1.03175
1.02538
1.0188
1.01142
1.00322
0.994921
0.9877
0.982715
0.980598
0.981106
0.983267
0.986011
0.988818
0.9918
0.995317
0.9995
1.00405
1.00836
1.01181
1.01425
1.01623
1.01904
1.02419
1.03262
1.04393
1.05626
1.06711
1.07438
1.0774
1.07712
1.07552
1.07395
1.07204
1.06819
1.06115
1.05094
1.03878
1.02629
1.01495
1.00566
0.998865
0.994704
0.993318
0.994988
1.00004
1.00858
1.02018
1.03391
1.04842
1.06224
1.07419
1.08367
1.09073
1.0959
1.09974
1.10256
1.10421
1.10419
1.10178
1.09625
1.08726
1.07491
1.05988
1.04342
1.02711
1.01263
1.00124
0.993389
0.988645
0.986011
0.98452
0.983536
0.982711
0.981747
0.980314
0.978435
0.977211
0.979363
0.988346
1.00588
1.02991
1.05548
1.07757
1.09294
1.10036
1.10009
1.09334
1.08201
1.06844
1.05521
1.04461
1.03803
1.03546
1.03545
1.03587
1.03492
1.03183
1.02702
1.02178
1.01759
1.01562
1.01628
1.0192
1.02338
1.02756
1.03057
1.03165
1.03053
1.02735
1.02243
1.01617
1.0091
1.00201
0.996053
0.99256
0.992619
0.996472
1.00327
1.01127
1.0183
1.02251
1.02305
1.02107
1.01984
1.0231
1.03219
1.04483
1.057
1.06535
1.06821
1.06544
1.05794
1.04726
1.03526
1.0239
1.01479
1.00872
1.00516
1.0024
0.998131
0.990483
0.978878
0.964438
0.949821
0.938392
0.93309
0.935526
0.945693
0.962256
0.982905
1.00481
1.02511
1.04147
1.05262
1.05851
1.0602
1.05928
1.05751
1.05624
1.05622
1.05737
1.05891
1.05955
1.05794
1.05297
1.04405
1.03133
1.01575
0.999056
0.983613
0.971955
0.966222
0.967497
0.975258
0.987479
1.00129
1.01394
1.02365
1.03013
1.03455
1.03877
1.04404
1.05026
1.05632
1.06108
1.06406
1.06542
1.06571
1.06549
1.06505
1.06427
1.06265
1.05966
1.05513
1.04962
1.04439
1.04104
1.04092
1.04451
1.05128
1.05999
1.06928
1.07822
1.08658
1.09459
1.10245
1.10989
1.11611
1.12023
1.12181
1.12133
1.11986
1.11847
1.11752
1.11669
1.11552
1.11401
1.11264
1.11201
1.11245
1.11378
1.1153
1.11608
1.11513
1.1117
1.10535
1.09601
1.08404
1.07013
1.05528
1.0407
1.02782
1.01823
1.01334
1.01385
1.01927
1.02798
1.03778
1.04667
1.05312
1.05591
1.05405
1.04689
1.0349
1.02036
1.0071
0.998663
0.996223
0.998637
1.00413
1.01143
1.01974
1.02811
1.03527
1.0399
1.04105
1.03864
1.0336
1.02763
1.0228
1.02094
1.02311
1.02933
1.03872
1.05002
1.06211
1.07442
1.0868
1.09926
1.11136
1.12197
1.12943
1.13205
1.12866
1.11921
1.10523
1.0898
1.07687
1.06966
1.06936
1.07478
1.08324
1.09172
1.09774
1.09984
1.09758
1.09142
1.08235
1.07139
1.0593
1.04636
1.03253
1.01772
1.00208
0.986069
0.970458
0.956228
0.944497
0.936542
0.933594
0.936507
0.945458
0.959878
0.978781
1.00109
1.02573
1.05144
1.07641
1.09829
1.11463
1.12363
1.12465
1.11838
1.10636
1.09072
1.07399
1.05891
1.04784
1.04216
1.04192
1.04612
1.05333
1.06222
1.07164
1.08064
1.08832
1.09384
1.09635
1.09481
1.08813
1.07558
1.05748
1.03556
1.01296
0.993827
0.982171
0.979921
0.985894
0.996912
1.00975
1.0221
1.03242
1.03989
1.04431
1.04618
1.04641
1.04593
1.04541
1.04535
1.04625
1.04856
1.05259
1.05824
1.06483
1.07143
1.07712
1.08132
1.08392
1.08517
1.08532
1.08446
1.08261
1.08006
1.07775
1.07708
1.07923
1.08431
1.09096
1.09681
1.09955
1.09769
1.09085
1.07977
1.06605
1.05198
1.04018
1.03293
1.0311
1.03362
1.03823
1.0429
1.04671
1.0497
1.05236
1.05514
1.05826
1.06157
1.06451
1.06619
1.06563
1.06207
1.05518
1.04534
1.03397
1.02346
1.01646
1.01434
1.01616
1.01933
1.02142
1.0214
1.01947
1.01637
1.01332
1.01259
1.01691
1.02717
1.04106
1.0549
1.06608
1.07374
1.07802
1.07936
1.07807
1.0744
1.06859
1.06097
1.05197
1.04204
1.0316
1.02098
1.01038
1.00009
0.99052
0.982377
0.976432
0.973192
0.97263
0.974268
0.977473
0.981732
0.986792
0.992599
0.999174
1.00652
1.01452
1.02285
1.03097
1.03815
1.04359
1.04663
1.04687
1.0443
1.03928
1.03244
1.02449
1.01619
1.00848
1.00252
0.999404
0.999406
1.0018
1.00552
1.01018
1.01643
1.02564
1.03871
1.05501
1.07216
1.08713
1.09753
1.10242
1.10216
1.09783
1.0906
1.08157
1.07157
1.06118
1.05077
1.04072
1.03154
1.02381
1.01806
1.01467
1.01383
1.01544
1.01908
1.0239
1.02883
1.03286
1.03537
1.03634
1.03632
1.03618
1.03671
1.03827
1.04068
1.0433
1.04548
1.04686
1.04742
1.04735
1.04672
1.04537
1.04289
1.03891
1.03347
1.02723
1.0216
1.01809
1.01749
1.01935
1.02224
1.02473
1.02624
1.02714
1.02826
1.0302
1.03307
1.03644
1.03985
1.04299
1.04574
1.04778
1.04851
1.04699
1.04215
1.03323
1.02015
1.00404
0.987311
0.973252
0.965059
0.964604
0.971679
0.984187
0.999002
1.01294
1.02343
1.02886
1.0288
1.02409
1.01681
1.00979
1.00581
1.00673
1.01308
1.02428
1.03907
1.0559
1.07313
1.08941
1.10387
1.11616
1.1263
1.13432
1.14011
1.1434
1.14381
1.14103
1.1349
1.12563
1.11396
1.1012
1.08898
1.07861
1.07057
1.06436
1.05917
1.05453
1.05064
1.04815
1.04747
1.04825
1.04958
1.05055
1.05079
1.0503
1.049
1.04644
1.04187
1.03461
1.02456
1.01248
1.00004
0.989635
0.983777
0.984305
0.99168
1.00474
1.02099
1.03728
1.05075
1.05973
1.06412
1.06495
1.06366
1.06139
1.05891
1.0567
1.0551
1.05435
1.05471
1.05654
1.06006
1.06494
1.07015
1.07427
1.0761
1.07498
1.07086
1.06429
1.05636
1.04874
1.04334
1.04161
1.04366
1.04793
1.05172
1.05222
1.04774
1.03838
1.02615
1.01433
1.00627
1.00408
1.00803
1.01692
1.02893
1.04234
1.05579
1.06829
1.07908
1.08762
1.09357
1.09684
1.09759
1.09616
1.09312
1.08919
1.08519
1.08191
1.07989
1.07923
1.0795
1.0798
1.07907
1.07638
1.07128
1.06392
1.05513
1.04614
1.03834
1.03279
1.03006
1.03005
1.03215
1.03546
1.03891
1.04128
1.04117
1.03719
1.02829
1.01418
0.995772
0.975309
0.956075
0.941446
0.933729
0.933345
0.939073
0.948998
0.961342
0.974726
0.988022
1.00002
1.00937
1.01483
1.01557
1.01131
1.00237
0.989534
0.973844
0.956563
0.939242
0.923758
0.912229
0.906705
0.908774
0.919147
0.937387
0.961984
0.990625
1.02049
1.04851
1.07189
1.08869
1.09827
1.10144
1.09987
1.09514
1.08767
1.07671
1.06122
1.04112
1.01785
0.994186
0.973314
0.95783
0.948998
0.946679
0.94986
0.957332
0.967972
0.980491
0.993159
1.00415
1.01231
1.01784
1.02204
1.02647
1.03183
1.03765
1.04273
1.04597
1.04699
1.04615
1.04434
1.04249
1.04133
1.04125
1.04239
1.04475
1.0482
1.0525
1.05743
1.06314
1.07024
1.07949
1.0908
1.10249
1.11198
1.11709
1.11708
1.11278
1.10612
1.09939
1.09444
1.09202
1.09158
1.09179
1.09117
1.08868
1.08396
1.07762
1.07117
1.06663
1.06562
1.06851
1.07418
1.08057
1.0856
1.08774
1.08628
1.08116
1.07287
1.06213
1.04986
1.03698
1.02438
1.01271
1.00222
0.992803
0.984192
0.976142
0.968433
0.960858
0.953241
0.945679
0.938938
0.934672
0.935126
0.942197
0.956293
0.975938
0.998423
1.02088
1.04109
1.05771
1.07034
1.0793
1.08546
1.08993
1.09355
1.09651
1.09834
1.09867
1.09817
1.09856
1.1015
1.10726
1.11446
1.12105
1.12537
1.1267
1.12519
1.12144
1.11604
1.10934
1.10131
1.09178
1.0807
1.06839
1.05597
1.04548
1.03957
1.03995
1.04622
1.05626
1.06773
1.07899
1.08931
1.09865
1.10737
1.11579
1.12374
1.13034
1.1343
1.1345
1.13051
1.12273
1.11221
1.10018
1.08748
1.07426
1.05992
1.04367
1.02533
1.00604
0.988131
0.974278
0.966212
0.964182
0.967346
0.974473
0.98428
0.995394
1.00631
1.01558
1.02212
1.02552
1.02605
1.0246
1.02241
1.02073
1.02056
1.02239
1.02628
1.03204
1.03956
1.04877
1.05948
1.07106
1.08237
1.09207
1.09903
1.1026
1.10275
1.09994
1.09496
1.08863
1.08139
1.07309
1.06303
1.05042
1.03488
1.01686
0.997643
0.97909
0.963111
0.951171
0.943901
0.940965
0.941247
0.943198
0.945227
0.946146
0.945439
0.943314
0.940465
0.93768
0.935431
0.933597
0.931595
0.928814
0.9251
0.920968
0.917401
0.915476
0.916038
0.919612
0.926286
0.935373
0.945161
0.95328
0.957867
0.95861
0.956968
0.95522
0.955231
0.957749
0.962421
0.968336
0.974488
0.980088
0.984916
0.98944
0.994568
1.00094
1.00827
1.0154
1.02082
1.02335
1.02245
1.0182
1.0112
1.00252
0.993787
0.987303
0.985945
0.992264
1.00682
1.0271
1.04849
1.06665
1.07912
1.08557
1.08716
1.08567
1.08269
1.07912
1.07522
1.07075
1.06549
1.05937
1.05257
1.04538
1.03817
1.03133
1.02525
1.02034
1.01693
1.01523
1.01535
1.01734
1.02107
1.02617
1.03182
1.03703
1.0409
1.04292
1.04305
1.04144
1.03823
1.03355
1.02758
1.02084
1.01425
1.00904
1.00644
1.00719
1.01132
1.01808
1.02631
1.03483
1.04266
1.04915
1.05394
1.05685
1.05781
1.05676
1.05363
1.04847
1.0417
1.03438
1.02829
1.02557
1.02754
1.03369
1.04187
1.04966
1.05536
1.05829
1.05845
1.05639
1.05335
1.05137
1.05278
1.05926
1.07094
1.08631
1.10287
1.11807
1.12988
1.13704
1.13902
1.13588
1.12829
1.11753
1.10543
1.09409
1.08511
1.079
1.07513
1.07251
1.07058
1.06964
1.07043
1.07285
1.07532
1.07552
1.07168
1.06314
1.05012
1.03345
1.0145
0.995364
0.978673
0.967178
0.962918
0.966553
0.977256
0.993257
1.01252
1.03314
1.05343
1.07178
1.08649
1.09595
1.09879
1.09419
1.08214
1.06375
1.0412
1.0174
0.995227
0.976791
0.96305
0.953984
0.948997
0.947284
0.948074
0.950687
0.954481
0.958758
0.962894
0.966474
0.969573
0.972863
0.977488
0.984656
0.995151
1.00902
1.02554
1.04341
1.06117
1.07743
1.09102
1.10116
1.10752
1.11027
1.11015
1.10835
1.1065
1.10632
1.10922
1.1157
1.12512
1.13595
1.14615
1.15374
1.15711
1.1552
1.14768
1.13486
1.11762
1.09715
1.07474
1.05163
1.029
1.00794
0.989452
0.974536
0.964376
0.960404
0.963854
0.974833
0.991651
1.01102
1.02909
1.04266
1.04989
1.05035
1.04455
1.03343
1.01806
0.999781
0.980647
0.963752
0.952741
0.950019
0.954964
0.964279
0.974103
0.981874
0.986735
0.988991
0.989465
0.988991
0.988281
0.987849
0.987965
0.988584
0.989451
0.990472
0.992167
0.995674
1.00227
1.01246
1.0254
1.03909
1.05121
1.06002
1.06485
1.06611
1.06489
1.06222
1.05842
1.05294
1.04502
1.03459
1.02284
1.01203
1.00454
1.00192
1.00439
1.01095
1.01976
1.02862
1.03557
1.03936
1.0398
1.03785
1.03549
1.03523
1.03919
1.04823
1.06148
1.07673
1.09147
1.10358
1.11172
1.11525
1.11402
1.10806
1.09724
1.08131
1.06027
1.0352
1.00893
0.985921
0.970331
0.963608
0.964141
0.969349
0.977523
0.987868
0.999709
1.01202
1.02364
1.03371
1.04193
1.04817
1.05195
1.05207
1.04687
1.0349
1.01558
0.989796
0.960091
0.930492
0.905879
0.890752
0.887752
0.896813
0.915464
0.94
0.966553
0.991706
1.01268
1.02755
1.03534
1.03634
1.03224
1.02591
1.0207
1.01899
1.02094
1.02477
1.02864
1.03201
1.03527
1.0384
1.04057
1.0411
1.04032
1.03958
1.04039
1.04378
1.04989
1.05802
1.06693
1.0753
1.082
1.08636
1.08817
1.08778
1.0858
1.08273
1.07872
1.07362
1.06733
1.06019
1.053
1.04671
1.04197
1.03856
1.03549
1.03146
1.02556
1.01763
1.0083
0.998644
0.989807
0.98247
0.976669
0.972014
0.968297
0.966153
0.96725
0.973622
0.986246
1.00403
1.02409
1.04307
1.05849
1.06948
1.07683
1.08225
1.08699
1.09106
1.09358
1.09376
1.09145
1.08673
1.07962
1.07013
1.0587
1.04655
1.03565
1.02836
1.02685
1.03231
1.0443
1.06082
1.07888
1.09536
1.10775
1.11451
1.11526
1.11071
1.10245
1.09243
1.08217
1.07258
1.06409
1.05698
1.0513
1.04669
1.04241
1.03759
1.03149
1.02365
1.01406
1.00323
0.992254
0.982633
0.975786
0.972571
0.973057
0.976602
0.98223
0.989119
0.996971
1.00616
1.01742
1.03139
1.04806
1.06688
1.08701
1.10675
1.12289
1.13151
1.13015
1.11957
1.10368
1.08759
1.0748
1.06627
1.06187
1.06187
1.06689
1.0769
1.09072
1.10626
1.12138
1.13437
1.14427
1.15065
1.15342
1.1526
1.14829
1.14052
1.12947
1.11562
1.09993
1.08372
1.06883
1.05777
1.05331
1.05704
1.06821
1.08407
1.10145
1.11798
1.13233
1.1437
1.15131
1.15438
1.15232
1.14499
1.1328
1.11653
1.0972
1.07582
1.05347
1.03133
1.01077
0.993252
0.980097
0.972397
0.970959
0.976231
0.988135
1.00579
1.02748
1.05096
1.0738
1.09377
1.10898
1.11807
1.12038
1.11608
1.10627
1.09293
1.07856
1.06555
1.05565
1.04967
1.04747
1.0482
1.05058
1.05332
1.0554
1.05629
1.05594
1.05477
1.0534
1.05239
1.05184
1.05126
1.04981
1.04693
1.04275
1.03826
1.03485
1.03375
1.03544
1.03961
1.04539
1.0516
1.05697
1.06039
1.06102
1.05836
1.05226
1.04286
1.03054
1.01603
1.0003
0.984552
0.970061
0.958183
0.950387
0.947982
0.9516
0.960648
0.97311
0.986201
0.997389
1.00531
1.01022
1.01382
1.01845
1.02605
1.03749
1.0523
1.06895
1.08529
1.09901
1.10809
1.11122
1.10804
1.09924
1.0864
1.07152
1.05635
1.04177
1.02778
1.0142
1.00153
0.991187
0.984507
0.981399
0.979957
0.977441
0.971608
0.961535
0.94769
0.931596
0.915303
0.900885
0.890192
0.884922
0.886956
0.898164
0.919116
0.947978
0.980814
1.01326
1.04191
1.06467
1.08055
1.08935
1.09156
1.08806
1.08004
1.0688
1.05586
1.04289
1.03149
1.02265
1.01645
1.01226
1.00918
1.00641
1.00342
0.999862
0.995643
0.991151
0.987419
0.986128
0.989096
0.997444
1.01099
1.02818
1.04655
1.06326
1.07574
1.08196
1.08068
1.07144
1.05461
1.03121
1.00291
0.971742
0.940167
0.910943
0.886848
0.870227
0.862733
0.865235
0.877815
0.899605
0.928662
0.96213
0.996582
1.02856
1.05505
1.07391
1.08417
1.08618
1.08168
1.07389
1.06684
1.06385
1.06619
1.07307
1.0827
1.0934
1.1038
1.11288
1.11973
1.1235
1.12341
1.11889
1.10984
1.09676
1.08075
1.06315
1.04523
1.0279
1.01197
0.998505
0.989127
0.98522
0.986725
0.991635
0.99695
1.00027
1.00073
0.998989
0.996746
0.995971
0.998157
1.00383
1.01241
1.02243
1.03208
1.03993
1.04562
1.05008
1.0554
1.06386
1.07691
1.09426
1.11397
1.13319
1.14927
1.16045
1.16609
1.16652
1.16261
1.15525
1.14509
1.13246
1.11746
1.10033
1.08171
1.06268
1.04445
1.02797
1.01372
1.00173
0.991917
0.984276
0.978986
0.97634
0.976627
0.980005
0.986371
0.995348
1.00627
1.01818
1.02992
1.04019
1.0478
1.05189
1.05232
1.04975
1.04584
1.04269
1.04214
1.04495
1.05033
1.05651
1.06161
1.06453
1.06548
1.06584
1.06732
1.07097
1.07676
1.08387
1.09125
1.09786
1.10279
1.10531
1.10486
1.10113
1.09395
1.08315
1.0685
1.04981
1.02716
1.00107
0.972832
0.944575
0.919259
0.900236
0.890408
0.891337
0.902893
0.923417
0.950181
0.980002
1.00975
1.03681
1.05933
1.07624
1.08731
1.09312
1.09507
1.09498
1.09439
1.09378
1.09259
1.09004
1.08597
1.08104
1.07638
1.07307
1.0716
1.07156
1.07188
1.07139
1.06947
1.0663
1.06291
1.06089
1.06185
1.0669
1.076
1.08784
1.10029
1.11118
1.11887
1.12252
1.12202
1.11773
1.11037
1.10084
1.09025
1.07971
1.07019
1.06216
1.05562
1.05023
1.04567
1.04179
1.03863
1.03623
1.03443
1.03273
1.03033
1.02632
1.02002
1.01122
1.0005
0.989265
0.979659
0.974091
0.974598
0.982113
0.995978
1.01413
1.03364
1.05169
1.06611
1.07584
1.08084
1.08192
1.08034
1.07751
1.07469
1.07272
1.07182
1.07157
1.07107
1.06912
1.06445
1.05596
1.04299
1.02585
1.00637
0.988033
0.974977
0.970268
0.974673
0.986653
1.00316
1.02052
1.03542
1.04588
1.05171
1.0543
1.05578
1.05792
1.06134
1.06524
1.06784
1.06706
1.06133
1.05036
1.0355
1.01983
1.00739
1.00168
1.00399
1.01269
1.02399
1.0336
1.03809
1.03574
1.02686
1.01377
1.00012
0.98982
0.985529
0.987689
0.994649
1.00391
1.01339
1.022
1.02946
1.03575
1.04081
1.04442
1.04646
1.04702
1.0464
1.04505
1.04354
1.04244
1.04227
1.04334
1.04563
1.04895
1.05328
1.05899
1.06669
1.0767
1.08867
1.10153
1.11376
1.12373
1.13007
1.13177
1.12834
1.11983
1.10686
1.09066
1.07285
1.05508
1.03875
1.02475
1.01357
1.00549
1.00079
0.999823
1.00268
1.00887
1.01709
1.0255
1.03239
1.03676
1.03864
1.03885
1.0385
1.03843
1.03908
1.04031
1.04154
1.04199
1.04122
1.03953
1.03793
1.03745
1.03835
1.03991
1.04082
1.03981
1.03593
1.02883
1.01889
1.00743
0.996744
0.989839
0.98955
0.997403
1.01279
1.03309
1.05471
1.07408
1.08831
1.09547
1.0949
1.08745
1.07547
1.0624
1.05169
1.04552
1.04416
1.04627
1.05002
1.0541
1.05811
1.06256
1.06828
1.07583
1.08507
1.09486
1.10349
1.10927
1.1114
1.11051
1.10837
1.10689
1.1067
1.10662
1.10425
1.09722
1.08408
1.065
1.04181
1.01752
0.995293
0.977251
0.964117
0.955752
0.951811
0.952016
0.956188
0.964209
0.975704
0.989508
1.00361
1.01586
1.02473
1.02971
1.0311
1.02971
1.02638
1.02178
1.01631
1.01028
1.00411
0.998443
0.994134
0.992178
0.993472
0.998643
1.0078
1.02035
1.0349
1.04958
1.06244
1.07202
1.07762
1.07928
1.07764
1.07359
1.06809
1.06187
1.05539
1.04887
1.04242
1.03615
1.0302
1.02481
1.02033
1.01738
1.01662
1.01827
1.0218
1.02588
1.02881
1.02929
1.02713
1.02365
1.02103
1.02107
1.02419
1.02963
1.03637
1.04366
1.05105
1.05832
1.06536
1.07203
1.07804
1.083
1.08645
1.08812
1.08793
1.08604
1.08276
1.07857
1.07405
1.06984
1.06646
1.06417
1.0628
1.06174
1.06024
1.05783
1.05477
1.05209
1.05107
1.05227
1.05517
1.05872
1.0622
1.06561
1.0694
1.0739
1.07915
1.08485
1.09049
1.09547
1.09906
1.10043
1.09881
1.09369
1.08518
1.07427
1.06282
1.05316
1.04739
1.04675
1.05129
1.05985
1.07044
1.08074
1.08857
1.09231
1.09132
1.08604
1.07792
1.0691
1.06178
1.05749
1.05656
1.05805
1.06016
1.06113
1.05972
1.05538
1.04817
1.03865
1.02783
1.0171
1.00803
1.00192
0.999577
1.00125
1.00669
1.01497
1.02437
1.03293
1.0392
1.04275
1.04387
1.04293
1.03998
1.03492
1.02804
1.02025
1.01281
1.00655
1.00139
0.99644
0.990531
0.9828
0.972988
0.961634
0.949986
0.939727
0.932463
0.929194
0.93009
0.934653
0.942055
0.95147
0.962202
0.973759
0.98562
0.997034
1.0069
1.01388
1.01671
1.01455
1.00741
0.996338
0.983192
0.970202
0.959513
0.953077
0.95273
0.960101
0.97595
0.999216
1.02676
1.05426
1.07765
1.09406
1.10204
1.10138
1.09283
1.07806
1.0598
1.04162
1.0269
1.01759
1.01413
1.01619
1.02264
1.031
1.0378
1.04011
1.03681
1.02903
1.01941
1.01095
1.00564
1.00365
1.00389
1.00532
1.00787
1.01167
1.0158
1.01844
1.01831
1.01563
1.01181
1.0085
1.00675
1.00693
1.0092
1.01387
1.02126
1.03126
1.04305
1.05518
1.06601
1.07424
1.07927
1.08121
1.08073
1.07868
1.07599
1.07363
1.07243
1.07277
1.07386
1.0737
1.06979
1.06018
1.04426
1.02293
0.998517
0.974434
0.954412
0.941415
0.936485
0.93841
0.94447
0.951865
0.958992
0.96584
0.973387
0.982512
0.993124
1.00419
1.01432
1.02241
1.0278
1.03032
1.03001
1.02718
1.0223
1.01608
1.00943
1.00323
0.998206
0.994766
0.992962
0.992614
0.993326
0.994533
0.99561
0.996066
0.995809
0.995369
0.995962
0.999197
1.00661
1.01904
1.03622
1.05672
1.07832
1.09852
1.11508
1.12631
1.13137
1.13028
1.12408
1.11476
1.10495
1.09752
1.09473
1.09742
1.1046
1.11386
1.12235
1.12792
1.12962
1.1277
1.1231
1.11696
1.10999
1.10193
1.09157
1.07747
1.05925
1.03885
1.02066
1.00967
1.00846
1.0159
1.02836
1.04176
1.0529
1.05959
1.06073
1.05614
1.04657
1.03368
1.01989
1.00788
0.999819
0.996705
0.998291
1.00359
1.01162
1.02202
1.03514
1.05156
1.07141
1.09387
1.11727
1.13954
1.1587
1.173
1.18102
1.18186
1.17533
1.16191
1.14252
1.11851
1.09206
1.0668
1.04715
1.03587
1.03182
1.0312
1.03021
1.02673
1.02016
1.01114
1.00151
0.994307
0.993196
1.001
1.01818
1.04264
1.07065
1.09826
1.12219
1.14008
1.15048
1.15284
1.14755
1.1359
1.11987
1.10167
1.08319
1.06561
1.04941
1.03464
1.0211
1.00862
0.997275
0.987539
0.980271
0.976356
0.976224
0.979713
0.986405
0.99602
1.00854
1.02404
1.04245
1.0632
1.08509
1.10638
1.12535
1.14073
1.15178
1.15816
1.15973
1.15659
1.14892
1.1369
1.12072
1.10055
1.07668
1.04987
1.02172
0.99467
0.971648
0.955402
0.947747
0.948945
0.957445
0.97024
0.983838
0.995418
1.00338
1.00724
1.00728
1.00416
0.998835
0.992627
0.987215
0.984514
0.986346
0.993912
1.00743
1.02602
1.04789
1.07072
1.09229
1.11084
1.12529
1.13522
1.14066
1.14175
1.13862
1.13141
1.12037
1.10597
1.0889
1.06978
1.04912
1.02763
1.00664
0.988297
0.97518
0.969295
0.97105
0.979082
0.99115
1.00525
1.02013
1.03517
1.04994
1.06391
1.07637
1.08672
1.09476
1.10074
1.10511
1.10801
1.1089
1.10687
1.10118
1.09181
1.07947
1.06515
1.04949
1.03266
1.01504
0.997862
0.983229
0.973143
0.968401
0.968209
0.970767
0.974207
0.97736
0.979794
0.981313
0.981446
0.979291
0.973854
0.964699
0.952454
0.938818
0.926041
0.916099
0.909984
0.907481
0.907535
0.908887
0.910626
0.912465
0.914669
0.917713
0.921984
0.927691
0.935067
0.944659
0.957234
0.973187
0.991934
1.01182
1.0307
1.04676
1.05903
1.06733
1.07189
1.07315
1.07151
1.06735
1.06124
1.05395
1.04634
1.03903
1.03218
1.02559
1.01897
1.01217
1.00543
0.999426
0.99515
0.993629
0.995494
1.00071
1.00845
1.01734
1.02562
1.03157
1.03374
1.03126
1.024
1.01276
0.999269
0.985788
0.974386
0.966324
0.961881
0.960732
0.962366
0.966393
0.972561
0.980684
0.990692
1.00256
1.01605
1.03043
1.04463
1.0577
1.06933
1.07981
1.08972
1.09954
1.10934
1.11872
1.12703
1.13351
1.13751
1.13852
1.13616
1.13036
1.12148
1.11054
1.09913
1.08915
1.08236
1.07985
1.08188
1.08788
1.09672
1.1068
1.11624
1.12308
1.1256
1.12271
1.11425
1.10143
1.08664
1.07288
1.06268
1.0575
1.05767
1.06244
1.07004
1.07776
1.08252
1.08167
1.07365
1.05849
1.03777
1.01446
0.992241
0.974545
0.963536
0.959454
0.960834
0.965365
0.970996
0.976757
0.982824
0.989794
0.997926
1.00696
1.01657
1.02681
1.03816
1.05106
1.06545
1.08056
1.09514
1.10801
1.11863
1.12721
1.13426
1.13978
1.14289
1.14222
1.13674
1.12637
1.11209
1.09576
1.07978
1.06659
1.0581
1.05514
1.05726
1.06304
1.07081
1.07914
1.08723
1.09476
1.10162
1.10765
1.1126
1.11614
1.11786
1.11743
1.11492
1.1109
1.10644
1.10289
1.10134
1.10226
1.10543
1.11001
1.11472
1.118
1.11835
1.11452
1.10571
1.09172
1.07328
1.05224
1.03155
1.01458
1.00415
1.00147
1.0057
1.01444
1.02524
1.03662
1.04801
1.05879
1.06755
1.07244
1.07204
1.06589
1.05447
1.03886
1.02054
1.00131
0.983074
0.967453
0.955614
0.948355
0.946262
0.949631
0.958181
0.971023
0.986921
1.00459
1.02258
1.03899
1.05161
1.05858
1.05912
1.05389
1.04478
1.03423
1.02435
1.01641
1.0109
1.008
1.00759
1.00913
1.01144
1.01319
1.0135
1.0124
1.01076
1.00999
1.01144
1.01598
1.02357
1.03315
1.04298
1.05133
1.05702
1.05949
1.05859
1.05447
1.04746
1.03822
1.0278
1.0175
1.00872
1.00259
0.999594
0.999399
1.00085
1.00245
1.00297
1.00196
1.00004
0.998547
0.998673
1.00074
1.00394
1.00683
1.00809
1.00702
1.00371
0.998859
0.993645
0.989557
0.988169
0.990862
0.998468
1.01098
1.02749
1.04633
1.0654
1.08263
1.09645
1.1059
1.11057
1.11041
1.10566
1.09676
1.08451
1.07024
1.05593
1.04404
1.03686
1.03542
1.03889
1.04498
1.05109
1.05549
1.05772
1.05842
1.05865
1.05919
1.06013
1.06094
1.06086
1.05939
1.05647
1.05268
1.04909
1.04681
1.04638
1.04759
1.04983
1.05261
1.05566
1.05892
1.06229
1.0656
1.06848
1.07042
1.07086
1.06946
1.06618
1.06131
1.0552
1.04798
1.03942
1.02904
1.01649
1.00201
0.986674
0.972357
0.961209
0.955053
0.954781
0.960156
0.970003
0.982598
0.996144
1.00908
1.02017
1.02862
1.03411
1.0369
1.03772
1.03748
1.03687
1.03616
1.03527
1.03418
1.03331
1.03356
1.03591
1.04079
1.04787
1.0561
1.064
1.07001
1.0728
1.07163
1.0666
1.05851
1.04838
1.03673
1.02322
1.00697
0.987735
0.967312
0.950382
0.943107
0.949328
0.967616
0.992376
1.01728
1.03762
1.05083
1.05617
1.05426
1.04663
1.03506
1.02114
1.00621
0.991669
0.979181
0.970532
0.967076
0.969066
0.975409
0.983972
0.992422
0.998971
1.00271
1.00354
1.00197
0.998951
0.995561
0.992691
0.990819
0.989987
0.9899
0.990137
0.990496
0.991317
0.993505
0.997958
1.00486
1.01328
1.02144
1.02732
1.0292
1.02613
1.01814
1.00624
0.992336
0.978757
0.967835
0.961762
0.962621
0.971994
0.990012
1.01456
1.04189
1.06804
1.09004
1.10621
1.11626
1.12123
1.12343
1.12555
1.12932
1.13433
1.1383
1.13872
1.13438
1.12597
1.11564
1.10609
1.09961
1.09742
1.0995
1.10484
1.11201
1.11965
1.12675
1.13257
1.13652
1.13799
1.13648
1.13176
1.12406
1.11436
1.10433
1.09595
1.09081
1.08939
1.0909
1.09364
1.09587
1.09647
1.09513
1.09214
1.08798
1.08305
1.07777
1.07273
1.06854
1.06553
1.06378
1.06347
1.06526
1.07007
1.0782
1.08848
1.09853
1.10595
1.10957
1.10959
1.10698
1.10285
1.09804
1.09303
1.08792
1.08258
1.0767
1.06982
1.06132
1.0506
1.03728
1.02141
1.0037
0.985487
0.968525
0.95454
0.944883
0.940367
0.941355
0.947935
0.959748
0.975625
0.993512
1.011
1.02618
1.03808
1.0467
1.05271
1.05705
1.06052
1.06368
1.06679
1.06993
1.07305
1.07592
1.07816
1.07931
1.0791
1.0776
1.07519
1.07235
1.06957
1.06757
1.0673
1.06944
1.07381
1.07929
1.08438
1.08752
1.0871
1.08176
1.07097
1.05565
1.03839
1.02294
1.01285
1.01013
1.01474
1.02523
1.03957
1.0557
1.07172
1.08612
1.09796
1.10688
1.113
1.11672
1.11838
1.11814
1.11607
1.11225
1.10695
1.10072
1.09421
1.088
1.08231
1.07703
1.07197
1.06708
1.06261
1.05914
1.05743
1.05819
1.0616
1.06694
1.07269
1.07709
1.07892
1.07803
1.07523
1.07172
1.06845
1.0657
1.06321
1.06039
1.0567
1.05175
1.04525
1.03708
1.02736
1.01665
1.00619
0.997977
0.994213
0.996426
1.00458
1.01682
1.0301
1.04125
1.04804
1.04973
1.04697
1.04148
1.03536
1.03047
1.02795
1.028
1.03004
1.03295
1.03544
1.03632
1.03487
1.03107
1.02558
1.01956
1.01437
1.01131
1.0115
1.01556
1.02326
1.03328
1.04346
1.05152
1.05588
1.05601
1.05254
1.04698
1.04127
1.03742
1.03709
1.04134
1.0504
1.06353
1.07915
1.09525
1.10991
1.12187
1.13058
1.1361
1.13871
1.13863
1.13585
1.13015
1.1213
1.10921
1.09411
1.07682
1.05888
1.04239
1.02942
1.02128
1.01832
1.02028
1.02664
1.03666
1.04938
1.06358
1.07792
1.09122
1.10272
1.11218
1.11973
1.12553
1.12945
1.13095
1.12942
1.12439
1.11588
1.10454
1.09158
1.07855
1.067
1.05803
1.052
1.04846
1.04633
1.04426
1.04109
1.03619
1.02978
1.02293
1.01754
1.01589
1.01982
1.0301
1.0461
1.0661
1.08773
1.10833
1.12541
1.137
1.14214
1.14087
1.13415
1.12344
1.11034
1.09627
1.08219
1.0687
1.05631
1.04588
1.03871
1.0355
1.03555
1.037
1.0382
1.03858
1.03847
1.03835
1.03838
1.03847
1.03851
1.03878
1.03986
1.04248
1.04698
1.05299
1.05949
1.06531
1.06944
1.07119
1.07007
1.06573
1.05804
1.04713
1.03356
1.01847
1.0035
0.99056
0.981366
0.976955
0.977528
0.982547
0.991003
1.00174
1.01371
1.02603
1.03793
1.04863
1.05727
1.06309
1.06566
1.06492
1.06115
1.05483
1.04664
1.03741
1.02809
1.01972
1.01347
1.01047
1.01159
1.01709
1.02646
1.0385
1.05155
1.06369
1.07308
1.07829
1.0786
1.0741
1.06548
1.0538
1.0403
1.02639
1.01374
1.00413
0.998836
0.998046
1.00065
1.00497
1.0097
1.01435
1.01889
1.02326
1.0272
1.03035
1.03241
1.03331
1.03324
1.03269
1.03232
1.03276
1.03446
1.03751
1.04159
1.04594
1.04955
1.05135
1.05055
1.04693
1.04096
1.0339
1.02756
1.02394
1.02466
1.0304
1.04064
1.05372
1.06736
1.07928
1.08773
1.09177
1.09124
1.08658
1.07849
1.06781
1.05533
1.04176
1.0278
1.01419
1.00179
0.991634
0.984826
0.982349
0.98478
0.992137
1.00368
1.01803
1.03342
1.04798
1.06008
1.06857
1.07299
1.07349
1.07073
1.06576
1.06001
1.05526
1.05328
1.05522
1.06119
1.07023
1.08067
1.09043
1.09735
1.09939
1.09511
1.08391
1.0665
1.04525
1.02405
1.00718
0.997558
0.995595
0.999563
1.00678
1.01462
1.02111
1.02512
1.02629
1.02508
1.02296
1.0226
1.02729
1.03931
1.0583
1.08107
1.10314
1.12054
1.13075
1.13265
1.12623
1.11241
1.09294
1.07027
1.04736
1.02732
1.01284
1.00548
1.00518
1.01039
1.01877
1.02786
1.03552
1.04005
1.04046
1.0367
1.02981
1.02161
1.01394
1.00796
1.00393
1.0014
0.999719
0.998382
0.997218
0.996243
0.995533
0.995096
0.994905
0.994901
0.995098
0.995683
0.997012
0.999595
1.00395
1.0104
1.01896
1.0293
1.0408
1.05263
1.06409
1.07458
1.08366
1.09096
1.09607
1.0987
1.09872
1.09619
1.09129
1.08405
1.0742
1.06125
1.04498
1.02609
1.00672
0.990497
0.981482
0.98258
0.993984
1.0128
1.03437
1.05407
1.06868
1.0767
1.07801
1.0733
1.06368
1.05052
1.03552
1.02072
1.00835
1.00042
0.998241
1.00206
1.01097
1.02301
1.03587
1.04776
1.05791
1.0664
1.07359
1.07983
1.08552
1.09145
1.09876
1.10835
1.11994
1.13199
1.14255
1.15036
1.15511
1.15681
1.15518
1.14958
1.13942
1.12472
1.10659
1.08733
1.07018
1.05845
1.05425
1.05763
1.06681
1.07904
1.09139
1.10128
1.10661
1.10601
1.09913
1.08681
1.07119
1.05526
1.04226
1.0349
1.03464
1.04123
1.05285
1.06681
1.08056
1.09227
1.10091
1.1062
1.10819
1.10702
1.10294
1.09652
1.08885
1.08151
1.07617
1.07405
1.07566
1.08066
1.08815
1.09684
1.10528
1.1118
1.11468
1.11233
1.10381
1.08939
1.07078
1.05095
1.03328
1.02061
1.01454
1.01523
1.02162
1.03176
1.0432
1.05353
1.06078
1.06364
1.06143
1.05418
1.04262
1.02835
1.01398
1.00297
0.998964
1.00452
1.01987
1.0427
1.06909
1.09498
1.11728
1.13432
1.14569
1.15184
1.15356
1.15164
1.14657
1.1384
1.12695
1.11204
1.09406
1.0742
1.0543
1.03632
1.02183
1.01171
1.00599
1.00403
1.00466
1.0066
1.00908
1.01241
1.01794
1.02729
1.04111
1.05851
1.07752
1.09612
1.11291
1.12721
1.13869
1.14702
1.15151
1.1511
1.14445
1.13026
1.10806
1.07972
1.0511
1.03078
1.02397
1.02804
1.03591
1.04193
1.04384
1.04189
1.03763
1.033
1.02965
1.02874
1.03077
1.03575
1.04341
1.05324
1.06431
1.07508
1.08365
1.08806
1.08688
1.07978
1.06795
1.05428
1.0425
1.03538
1.03322
1.03412
1.03541
1.03507
1.03227
1.02719
1.02079
1.01433
1.00904
1.00574
1.00468
1.00552
1.00731
1.00888
1.00922
1.00788
1.00528
1.00262
1.00174
1.00454
1.01224
1.02473
1.04056
1.05754
1.07356
1.08714
1.09738
1.10382
1.10635
1.10532
1.10157
1.09646
1.09144
1.08772
1.0859
1.08599
1.0876
1.09009
1.09273
1.09486
1.09619
1.09693
1.09768
1.09881
1.09995
1.09998
1.09757
1.09192
1.08316
1.07227
1.0608
1.05024
1.0416
1.03513
1.03042
1.02691
1.02428
1.02264
1.0225
1.02455
1.02948
1.03784
1.04996
1.0657
1.0843
1.1043
1.12375
1.14051
1.15271
1.15904
1.15898
1.15275
1.14121
1.12578
1.10835
1.09095
1.0756
1.06387
1.05667
1.05414
1.05581
1.06069
1.06736
1.07399
1.0786
1.07952
1.07593
1.06818
1.05769
1.04637
1.03603
1.02815
1.02399
1.02463
1.03073
1.04218
1.05805
1.07671
1.09625
1.11468
1.13009
1.14073
1.14514
1.14218
1.13135
1.11293
1.08835
1.06026
1.03216
1.00745
0.988377
0.975484
0.968168
0.965496
0.966704
0.971296
0.978881
0.98889
1.00046
1.01256
1.02423
1.03455
1.04277
1.04848
1.05187
1.05381
1.05547
1.05779
1.06105
1.06498
1.06908
1.07284
1.07571
1.07699
1.07581
1.07134
1.06304
1.05106
1.03651
1.0215
1.00877
1.00085
0.998975
1.00263
1.00989
1.01833
1.02584
1.03102
1.03322
1.03252
1.02958
1.02527
1.02048
1.01596
1.01243
1.01063
1.01105
1.01345
1.01673
1.01929
1.01988
1.01814
1.01467
1.01067
1.00754
1.00687
1.01019
1.01861
1.03197
1.04862
1.06601
1.08165
1.09389
1.10212
1.10655
1.10776
1.10652
1.1036
1.09965
1.0953
1.09122
1.08812
1.08663
1.08686
1.08821
1.0896
1.08999
1.08884
1.08617
1.08247
1.07854
1.0751
1.0726
1.07091
1.06938
1.06726
1.06412
1.06021
1.05643
1.05397
1.05388
1.05676
1.06265
1.07096
1.08059
1.09002
1.09749
1.10124
1.09981
1.09245
1.07948
1.06256
1.04454
1.02864
1.01725
1.01121
1.01006
1.01291
1.01893
1.02716
1.0364
1.04533
1.05303
1.05908
1.06348
1.06626
1.06723
1.06594
1.06218
1.05697
1.05305
1.0534
1.0582
1.06401
1.06735
1.06847
1.07095
1.07788
1.08865
1.099
1.10385
1.10008
1.08742
1.06811
1.04581
1.02478
1.00895
1.00108
1.00203
1.01056
1.02396
1.03897
1.05274
1.06339
1.07019
1.07335
1.07375
1.0725
1.07054
1.0684
1.06613
1.06356
1.06077
1.05836
1.05717
1.05772
1.05962
1.06161
1.06211
1.05996
1.05482
1.04734
1.03888
1.03116
1.02593
1.02455
1.02752
1.03419
1.0429
1.05166
1.05872
1.06292
1.06371
1.06097
1.05497
1.04629
1.03598
1.02557
1.01685
1.01145
1.01019
1.01288
1.01856
1.02611
1.0345
1.04284
1.05027
1.0559
1.05883
1.05807
1.05263
1.04175
1.02536
1.00448
0.98137
0.959064
0.940371
0.92685
0.91847
0.914336
0.914051
0.918617
0.929774
0.948166
0.972173
0.998422
1.02339
1.04471
1.06167
1.07489
1.08558
1.0947
1.10252
1.10865
1.11231
1.11283
1.11021
1.10568
1.10158
1.10019
1.10229
1.10663
1.11107
1.11377
1.11368
1.11036
1.10372
1.09401
1.08172
1.06742
1.05165
1.03515
1.01951
1.00771
1.0033
1.00776
1.01886
1.03227
1.04452
1.05422
1.06165
1.06763
1.07265
1.07666
1.07931
1.08054
1.08094
1.08162
1.08368
1.08739
1.09206
1.09639
1.09918
1.09982
1.09818
1.09446
1.08903
1.08235
1.07493
1.06725
1.05985
1.05336
1.04854
1.0461
1.04665
1.05048
1.05748
1.06706
1.07813
1.08915
1.09848
1.10479
1.10735
1.10615
1.10182
1.09535
1.08781
1.07986
1.07144
1.06177
1.04985
1.03507
1.01748
0.997739
0.976786
0.955663
0.935588
0.918217
0.90567
0.899991
0.90216
0.911363
0.92523
0.940958
0.956393
0.970638
0.983956
0.997394
1.01227
1.02966
1.04996
1.07259
1.09595
1.11775
1.13557
1.14743
1.15229
1.15025
1.14258
1.13139
1.11933
1.10905
1.1026
1.10087
1.10334
1.10834
1.11368
1.1174
1.11804
1.11494
1.10817
1.09841
1.08673
1.07425
1.06194
1.05065
1.04122
1.0345
1.03122
1.03164
1.03538
1.0414
1.04837
1.05512
1.06086
1.0653
1.06857
1.07116
1.07375
1.07683
1.08023
1.08301
1.0838
1.08149
1.07615
1.0693
1.06351
1.06112
1.0628
1.06735
1.07262
1.07666
1.07841
1.07759
1.07443
1.06935
1.06275
1.05502
1.0466
1.03805
1.0297
1.02107
1.01116
0.999256
0.985991
0.973643
0.965366
0.963823
0.970057
0.983176
1.00099
1.0208
1.04001
1.05644
1.06873
1.07668
1.08104
1.08249
1.08077
1.07508
1.06556
1.05383
1.04214
1.03171
1.02186
1.01086
0.998193
0.986167
0.979229
0.981183
0.992573
1.01029
1.02936
1.04523
1.05518
1.0587
1.0569
1.05171
1.04503
1.03858
1.03407
1.03315
1.03665
1.0439
1.05297
1.06151
1.06761
1.07008
1.06842
1.06261
1.05308
1.04059
1.02618
1.01109
0.996538
0.983685
0.973529
0.966816
0.963788
0.963889
0.965675
0.967103
0.966353
0.962599
0.95637
0.949341
0.943747
0.941681
0.944481
0.952488
0.965003
0.980608
0.9976
1.01432
1.02941
1.04189
1.0513
1.05765
1.06149
1.06374
1.06546
1.06749
1.07007
1.07278
1.07468
1.07466
1.07179
1.06569
1.05648
1.04454
1.03021
1.01349
0.994368
0.973427
0.952426
0.934506
0.923662
0.923309
0.934612
0.955721
0.982775
1.01156
1.03879
1.06242
1.08136
1.09522
1.10392
1.10764
1.10699
1.10301
1.09721
1.09121
1.08639
1.08348
1.08241
1.08249
1.08278
1.0825
1.0813
1.07939
1.07736
1.07585
1.07521
1.07535
1.07599
1.07693
1.0782
1.07982
1.08136
1.0819
1.08047
1.07665
1.07075
1.06368
1.05669
1.05103
1.04752
1.04623
1.04642
1.04696
1.04683
1.04566
1.04375
1.04185
1.0406
1.04004
1.03931
1.03687
1.03087
1.01983
1.0035
0.983506
0.963691
0.94922
0.944219
0.949404
0.962089
0.978684
0.996619
1.01425
1.03034
1.04436
1.0568
1.0682
1.07795
1.08419
1.08497
1.07932
1.06758
1.05135
1.03339
1.01751
1.0078
1.00709
1.01534
1.02961
1.04577
1.06038
1.0715
1.07833
1.08054
1.07817
1.07174
1.06259
1.0528
1.04472
1.04028
1.04035
1.04459
1.05159
1.05936
1.06588
1.0696
1.06974
1.06639
1.06045
1.05332
1.04649
1.04102
1.03737
1.03552
1.03528
1.03651
1.03932
1.04418
1.05188
1.06314
1.07792
1.09502
1.11246
1.12847
1.14218
1.15365
1.16347
1.17211
1.17958
1.1853
1.18836
1.18786
1.1833
1.17477
1.16304
1.1494
1.13542
1.12275
1.11309
1.10792
1.10815
1.11356
1.12258
1.1327
1.14116
1.14567
1.1448
1.13812
1.12625
1.11078
1.09402
1.07831
1.06515
1.05459
1.04544
1.03605
1.02519
1.01247
0.998336
0.98378
0.97004
0.958416
0.949982
0.945341
0.944413
0.946622
0.951392
0.958411
0.96716
0.976462
0.984779
0.991064
0.995311
0.998401
1.00136
1.00469
1.00804
1.01045
1.01092
1.009
1.00489
0.999193
0.992575
0.985634
0.979113
0.974105
0.972072
0.974379
0.981799
0.994206
1.01071
1.03007
1.05102
1.07244
1.09319
1.11198
1.12745
1.13834
1.14375
1.14345
1.13808
1.12909
1.11847
1.10805
1.09871
1.09005
1.08074
1.06938
1.05541
1.03956
1.0239
1.01107
1.00308
1.00043
1.0022
1.00671
1.01229
1.01773
1.02237
1.02597
1.02858
1.03047
1.0324
1.03568
1.0417
1.05098
1.06243
1.07381
1.08282
1.08809
1.08936
1.08722
1.08274
1.07722
1.07198
1.06829
1.06727
1.06963
1.07556
1.08457
1.09553
1.10684
1.1167
1.12356
1.12651
1.12557
1.12164
1.11576
1.10851
1.09994
1.09013
1.07969
1.06983
1.06197
1.0572
1.05608
1.05854
1.06397
1.07133
1.07943
1.08704
1.09314
1.09703
1.09839
1.09723
1.0939
1.08889
1.08274
1.0759
1.06879
1.06179
1.05538
1.05007
1.04608
1.04283
1.03913
1.03417
1.02831
1.02284
1.0191
1.01798
1.01992
1.02504
1.03305
1.04333
1.05522
1.06835
1.08248
1.09714
1.1113
1.12336
1.13178
1.13571
1.13529
1.13128
1.12429
1.11425
1.10088
1.08456
1.0664
1.04764
1.02917
1.01179
0.996871
0.986431
0.982094
0.983661
0.988805
0.994209
0.99726
0.996973
0.993858
0.989299
0.984864
0.981904
0.981272
0.983107
0.986717
0.990627
0.992986
0.992268
0.987788
0.979966
0.970193
0.960466
0.952973
0.949765
0.952432
0.961721
0.977235
0.997404
1.02002
1.04293
1.06432
1.08282
1.09737
1.10723
1.11204
1.11172
1.10633
1.0961
1.08143
1.06316
1.04276
1.02223
1.00386
0.989395
0.979513
0.973787
0.971182
0.970875
0.972973
0.978954
0.990944
1.00998
1.03467
1.06157
1.0867
1.10688
1.12006
1.12531
1.12251
1.11236
1.09627
1.07625
1.05458
1.03343
1.01457
0.999039
0.987238
0.979138
0.974606
0.973599
0.976122
0.981979
0.99062
1.00119
1.01285
1.02498
1.03717
1.04901
1.05988
1.06896
1.07541
1.0786
1.07831
1.07476
1.06862
1.06088
1.05283
1.04592
1.04164
1.04132
1.0458
1.05507
1.06802
1.08272
1.0969
1.10863
1.11674
1.12091
1.12139
1.11879
1.11388
1.1076
1.10093
1.09466
1.08912
1.084
1.07841
1.07128
1.06178
1.04975
1.03593
1.02186
1.00952
1.00073
0.99668
0.997617
1.00284
1.01094
1.02028
1.02927
1.03661
1.04129
1.04263
1.04019
1.03382
1.02376
1.01076
0.996046
0.981258
0.968331
0.959446
0.956856
0.96251
0.977358
1.0007
1.03003
1.06165
1.09169
1.11686
1.13501
1.14518
1.14747
1.14276
1.13238
1.11788
1.10096
1.08334
1.06672
1.05241
1.0409
1.03173
1.02381
1.01609
1.00796
0.999155
0.989657
0.979651
0.969727
0.961009
0.954956
0.952761
0.954765
0.960311
0.968061
0.976463
0.98405
0.98959
0.992139
0.991294
0.98752
0.982328
0.978199
0.978045
0.98432
0.997822
1.01687
1.03762
1.05593
1.06932
1.07737
1.08078
1.08023
1.07594
1.06796
1.05674
1.04356
1.03065
1.02087
1.01668
1.01908
1.02715
1.03895
1.05253
1.06663
1.08057
1.09381
1.10561
1.11486
1.12025
1.12057
1.11494
1.103
1.08494
1.06151
1.03408
1.0046
0.975502
0.949391
0.928623
0.914851
0.908722
0.909817
0.916787
0.927686
0.940529
0.953839
0.966861
0.979306
0.990991
1.00174
1.0116
1.02089
1.02979
1.03812
1.04535
1.05086
1.05428
1.05562
1.05533
1.05416
1.05305
1.05292
1.05463
1.05874
1.06538
1.07414
1.08433
1.09516
1.10598
1.11627
1.12555
1.13328
1.13883
1.14169
1.14156
1.13844
1.13242
1.12356
1.11194
1.098
1.08261
1.06658
1.05014
1.03296
1.01502
0.997424
0.982213
0.971271
0.965212
0.963196
0.963767
0.966026
0.970183
0.977208
0.987876
1.00189
1.01772
1.03327
1.04658
1.05628
1.06157
1.06212
1.05803
1.04986
1.03877
1.02657
1.0155
1.00765
1.00432
1.00548
1.00999
1.01616
1.02243
1.02771
1.03164
1.03462
1.03778
1.04257
1.05017
1.0609
1.07411
1.08837
1.10211
1.11401
1.12331
1.12976
1.13354
1.13512
1.13507
1.13389
1.13184
1.12899
1.12544
1.12144
1.11736
1.11355
1.11031
1.1078
1.10607
1.10497
1.10418
1.10336
1.1022
1.10058
1.09861
1.09654
1.09455
1.09259
1.09019
1.08661
1.08115
1.07357
1.06426
1.05431
1.04506
1.03766
1.03264
1.02987
1.02875
1.0287
1.02938
1.03073
1.03299
1.03663
1.04207
1.04937
1.05758
1.06466
1.06797
1.06531
1.05566
1.03964
1.0196
0.999299
0.983144
0.974772
0.975688
0.984802
0.99919
1.01531
1.03009
1.04139
1.04809
1.04995
1.04758
1.04235
1.03609
1.03026
1.02519
1.01985
1.01258
1.00263
0.99123
0.981526
0.977056
0.979867
0.989576
1.00395
1.02021
1.03611
1.05023
1.06189
1.07088
1.07716
1.0808
1.0819
1.0806
1.07708
1.07151
1.06406
1.05483
1.04408
1.0325
1.02137
1.01243
1.00749
1.00786
1.01427
1.0269
1.04529
1.06802
1.09269
1.1163
1.136
1.1496
1.15606
1.15562
1.14979
1.14098
1.13188
1.12453
1.11968
1.11663
1.11375
1.10923
1.10181
1.09124
1.07856
1.06572
1.05493
1.0477
1.04426
1.04357
1.04407
1.04446
1.04416
1.04354
1.04365
1.04541
1.04865
1.05184
1.05278
1.04987
1.04286
1.03256
1.0203
1.00779
0.997575
0.992817
0.995562
1.005
1.01766
1.02942
1.03762
1.04182
1.04292
1.04196
1.03957
1.03637
1.03325
1.03125
1.03134
1.03422
1.04029
1.04942
1.06065
1.07215
1.08176
1.08781
1.0896
1.08739
1.0821
1.07506
1.06786
1.06212
1.05915
1.05973
1.06404
1.0716
1.08128
1.09135
1.09993
1.1055
1.10719
1.10493
1.09922
1.09096
1.08119
1.07094
1.06118
1.0527
1.0461
1.04179
1.04009
1.04131
1.04561
1.05279
1.06218
1.07254
1.08231
1.09006
1.09498
1.09703
1.09677
1.09497
1.09237
1.08972
1.08771
1.08681
1.08685
1.08685
1.08513
1.07992
1.0701
1.0557
1.03809
1.01967
1.00327
0.991431
0.985699
0.986474
0.992986
1.00345
1.01521
1.02502
1.02955
1.02622
1.01414
0.994598
0.970883
0.947352
0.928257
0.916616
0.913697
0.919243
0.932203
0.951169
0.974544
1.00051
1.02712
1.05248
1.07499
1.09334
1.10646
1.11334
1.11305
1.10513
1.09011
1.06972
1.04679
1.0245
1.00559
0.991906
0.984456
0.983675
0.989584
1.00168
1.01856
1.03786
1.05656
1.07178
1.08152
1.08523
1.08395
1.08005
1.07594
1.07248
1.06862
1.06254
1.05326
1.04123
1.02804
1.01575
1.00634
1.00136
1.00171
1.00757
1.0183
1.03262
1.04873
1.06462
1.0783
1.08805
1.09267
1.09174
1.08574
1.07599
1.06432
1.0526
1.04231
1.03446
1.0298
1.02899
1.03263
1.04089
1.05311
1.06777
1.08291
1.09669
1.10782
1.11563
1.11995
1.12101
1.11919
1.11508
1.10936
1.1027
1.09557
1.08805
1.07989
1.07076
1.06052
1.04946
1.03851
1.02924
1.02356
1.0228
1.02686
1.03401
1.04161
1.04722
1.04919
1.04688
1.04048
1.03074
1.01894
1.00681
0.996512
0.990237
0.989548
0.99477
1.00488
1.01813
1.03301
1.04869
1.06488
1.0814
1.09784
1.11342
1.12707
1.13758
1.14367
1.14417
1.13826
1.12579
1.10768
1.08607
1.06422
1.04526
1.03063
1.01984
1.01168
1.00562
1.0021
1.00199
1.00605
1.0145
1.02674
1.04134
1.05635
1.06987
1.08042
1.08708
1.08948
1.08776
1.08242
1.07429
1.06428
1.05324
1.04181
1.03053
1.02012
1.01177
1.00705
1.00744
1.0137
1.02559
1.04198
1.06132
1.08183
1.10174
1.11941
1.13336
1.14239
1.14561
1.14249
1.13314
1.1184
1.10001
1.0806
1.06376
1.05377
1.05426
1.06583
1.08491
1.10573
1.1233
1.13498
1.14009
1.13904
1.13264
1.12178
1.10733
1.09032
1.072
1.05381
1.03719
1.0235
1.01366
1.00793
1.0058
1.00631
1.00836
1.01132
1.01522
1.02083
1.02928
1.04142
1.0571
1.07485
1.09227
1.10669
1.1158
1.11803
1.11265
1.09978
1.08035
1.05597
1.02879
1.00141
0.976599
0.956911
0.944022
0.93836
0.939561
0.947097
0.960204
0.97742
0.996682
1.01585
1.03293
1.04622
1.05421
1.05603
1.05189
1.04346
1.0338
1.02645
1.02414
1.02776
1.03618
1.04729
1.05942
1.07214
1.08567
1.09969
1.11266
1.1223
1.12651
1.12397
1.11428
1.09793
1.07634
1.05201
1.02845
1.00938
0.997338
0.992747
0.994291
0.999976
1.00788
1.01641
1.02429
1.0307
1.03531
1.03827
1.03993
1.04062
1.0406
1.0401
1.03948
1.03916
1.03969
1.04159
1.0451
1.05014
1.05642
1.06354
1.07105
1.07849
1.08529
1.09095
1.09525
1.09826
1.10027
1.10146
1.10173
1.1006
1.09747
1.0918
1.08343
1.07259
1.05969
1.04512
1.02907
1.01166
0.993043
0.973792
0.955052
0.938646
0.926975
0.922627
0.927594
0.942287
0.96497
0.992139
1.0196
1.04372
1.06208
1.07361
1.07831
1.07691
1.07066
1.06122
1.0505
1.04055
1.03311
1.02928
1.02911
1.03164
1.03547
1.03943
1.043
1.04632
1.0499
1.05424
1.05938
1.06468
1.06879
1.07
1.06714
1.06078
1.05363
1.04925
1.04966
1.0545
1.06231
1.07152
1.08062
1.088
1.09237
1.09322
1.09097
1.08661
1.08129
1.07593
1.07104
1.06688
1.0634
1.06038
1.05765
1.05549
1.05481
1.05684
1.06229
1.07054
1.07964
1.08707
1.09071
1.08935
1.0827
1.07111
1.05534
1.03638
1.01556
0.994526
0.975198
0.959473
0.948855
0.944294
0.946121
0.954079
0.967358
0.984673
1.00433
1.02441
1.04298
1.05842
1.06938
1.07485
1.07435
1.06822
1.05803
1.0466
1.0373
1.03285
1.03412
1.03989
1.04786
1.05585
1.06259
1.06764
1.07118
1.07371
1.07575
1.07763
1.07931
1.08035
1.08005
1.07781
1.07347
1.06756
1.06117
1.05572
1.05258
1.05245
1.055
1.05877
1.06184
1.0625
1.05993
1.05438
1.04698
1.03924
1.03257
1.02793
1.0258
1.02627
1.02912
1.03382
1.03956
1.04541
1.05045
1.05411
1.05625
1.05723
1.05764
1.05797
1.05854
1.05952
1.06094
1.06242
1.06316
1.06243
1.06033
1.05818
1.05797
1.06109
1.06747
1.07566
1.08381
1.09066
1.09593
1.10002
1.10347
1.10647
1.10873
1.10956
1.10818
1.104
1.09692
1.08747
1.07677
1.06628
1.0574
1.05093
1.0469
1.04463
1.04325
1.0422
1.04148
1.04162
1.04333
1.04721
1.05338
1.06141
1.07038
1.07911
1.08664
1.09235
1.09612
1.0982
1.099
1.09889
1.09799
1.09605
1.09257
1.08704
1.07929
1.06979
1.05974
1.05083
1.04454
1.04148
1.04138
1.04401
1.04997
1.06006
1.07371
1.08874
1.10273
1.11417
1.1224
1.12705
1.12773
1.12415
1.11642
1.10517
1.09175
1.07808
1.06619
1.05767
1.05313
1.05207
1.05298
1.05393
1.05306
1.04924
1.04241
1.03358
1.02417
1.01546
1.0084
1.00388
1.003
1.00666
1.01488
1.02654
1.03973
1.0523
1.06233
1.06835
1.06953
1.06593
1.05864
1.04973
1.04187
1.03754
1.03816
1.04355
1.05227
1.0625
1.0728
1.08222
1.08976
1.09379
1.09183
1.08129
1.06092
1.03221
0.999948
0.971055
0.951436
0.943037
0.943614
0.949194
0.956616
0.964416
0.972329
0.980379
0.988284
0.995442
1.0013
1.00578
1.00941
1.01318
1.01808
1.02464
1.03281
1.04184
1.05033
1.05653
1.05865
1.05553
1.04697
1.03403
1.01876
1.0036
0.990651
0.981179
0.9755
0.973381
0.974499
0.978678
0.985861
0.99614
1.00972
1.02655
1.0459
1.06609
1.08496
1.10046
1.11139
1.11763
1.11998
1.11971
1.11795
1.11518
1.11114
1.10514
1.0966
1.08564
1.07339
1.06177
1.05302
1.04894
1.05024
1.05614
1.06469
1.07359
1.08116
1.0868
1.09086
1.09402
1.09671
1.09906
1.10123
1.10358
1.10655
1.11029
1.11461
1.11906
1.12325
1.12681
1.12935
1.1304
1.12956
1.12666
1.12187
1.11559
1.10821
1.10004
1.09121
1.08175
1.07162
1.06094
1.05016
1.04009
1.03142
1.02417
1.01763
1.01095
1.00376
0.996299
0.98931
0.983694
0.980368
0.980132
0.983438
0.989931
0.998287
1.00671
1.01387
1.01946
1.02396
1.02799
1.03185
1.03562
1.03939
1.04316
1.04677
1.04993
1.05235
1.05393
1.05475
1.05502
1.05473
1.05352
1.05074
1.04562
1.03766
1.0269
1.01409
1.00061
0.988122
0.97825
0.972213
0.970641
0.973561
0.980504
0.990546
1.00234
1.01431
1.02496
1.03322
1.0386
1.04104
1.04054
1.03694
1.03015
1.02078
1.01053
1.00169
0.996082
0.994216
0.995639
0.999827
1.00656
1.01559
1.02616
1.03697
1.04663
1.05429
1.06008
1.06494
1.07011
1.07641
1.08367
1.0907
1.09571
1.0969
1.09318
1.08444
1.07171
1.05678
1.04157
1.02758
1.01543
1.00519
0.996963
0.991408
0.989788
0.993385
1.00263
1.0165
1.03279
1.04901
1.06322
1.07444
1.08241
1.08706
1.08811
1.08485
1.07641
1.0622
1.04244
1.01854
0.993056
0.969236
0.950316
0.938724
0.935522
0.940197
0.950963
0.965518
0.981808
0.998326
1.01389
1.02719
1.03665
1.04089
1.03962
1.03434
1.02801
1.02385
1.02369
1.02724
1.03268
1.03796
1.04196
1.04487
1.04786
1.05243
1.05973
1.07019
1.08331
1.09777
1.11169
1.12296
1.12975
1.13089
1.12611
1.11596
1.10165
1.08488
1.06764
1.05196
1.03946
1.03095
1.02619
1.02418
1.02364
1.0235
1.02305
1.02191
1.01996
1.01728
1.01414
1.01104
1.00856
1.0071
1.0065
1.00583
1.00363
0.99842
0.98938
0.976824
0.962516
0.949593
0.941626
0.941185
0.948656
0.962293
0.979465
0.997973
1.01674
1.03553
1.05415
1.07167
1.08617
1.09552
1.09828
1.09447
1.08538
1.07306
1.05957
1.04643
1.03456
1.02483
1.01874
1.01832
1.02531
1.04003
1.06096
1.0852
1.10959
1.13159
1.14964
1.1631
1.17189
1.17631
1.17699
1.17483
1.17097
1.1663
1.16094
1.15384
1.14311
1.12692
1.10463
1.07778
1.05038
1.02805
1.01595
1.0166
1.02883
1.04865
1.07113
1.09195
1.10799
1.11733
1.11912
1.11361
1.10212
1.08701
1.07113
1.05704
1.04645
1.03998
1.03759
1.03907
1.04444
1.05377
1.06689
1.08302
1.10075
1.11824
1.13373
1.14596
1.15442
1.15931
1.16134
1.16152
1.16081
1.15992
1.15906
1.15785
1.15542
1.15076
1.1431
1.13246
1.11987
1.10738
1.09746
1.09196
1.09123
1.09389
1.09761
1.10017
1.10019
1.09742
1.09242
1.0861
1.07918
1.07187
1.06398
1.05531
1.04622
1.0378
1.03141
1.02772
1.02626
1.02596
1.0258
1.02513
1.02356
1.02068
1.01614
1.00976
1.00185
0.993391
0.98609
0.98199
0.982793
0.989149
1.00057
1.01583
1.0336
1.05266
1.0718
1.08946
1.1037
1.11265
1.11519
1.11155
1.10371
1.0952
1.09009
1.09084
1.09678
1.10481
1.11156
1.11481
1.1138
1.10873
1.10036
1.08982
1.07855
1.06811
1.05989
1.0546
1.05203
1.05116
1.05072
1.04975
1.04789
1.04537
1.04271
1.04044
1.03891
1.03831
1.03868
1.03999
1.04234
1.0459
1.05076
1.05675
1.06338
1.06984
1.07523
1.07888
1.08059
1.0808
1.08052
1.08081
1.08229
1.08471
1.08704
1.08784
1.08569
1.07952
1.06886
1.054
1.03612
1.01728
1.00027
0.98786
0.981909
0.982694
0.989026
0.998746
1.00943
1.01899
1.02597
1.02972
1.03019
1.02786
1.02376
1.01929
1.01604
1.01546
1.01856
1.02549
1.0354
1.04649
1.05662
1.06406
1.06804
1.0688
1.06732
1.06475
1.06189
1.05891
1.05545
1.05105
1.0456
1.03955
1.03386
1.02956
1.02737
1.02751
1.02977
1.03355
1.03793
1.04181
1.04415
1.04426
1.04181
1.03685
1.02979
1.02162
1.01412
1.00935
1.00847
1.01074
1.01402
1.01626
1.01672
1.01632
1.01696
1.02035
1.02697
1.0358
1.04512
1.05328
1.05916
1.06209
1.06187
1.05892
1.05413
1.04857
1.04298
1.03757
1.03209
1.02623
1.02003
1.01409
1.0092
1.00579
1.00342
1.00092
0.99702
0.99111
0.983661
0.976195
0.970819
0.969519
0.97338
0.982134
0.994144
1.00696
1.01808
1.02561
1.02857
1.02686
1.02117
1.01266
1.00289
0.993427
0.985606
0.980403
0.978575
0.980856
0.987827
0.99923
1.01338
1.02753
1.03921
1.04769
1.05422
1.06062
1.06727
1.07273
1.07533
1.07452
1.07112
1.06678
1.06338
1.06245
1.06457
1.06923
1.07503
1.08048
1.08456
1.08701
1.08813
1.08846
1.08819
1.08692
1.08354
1.07679
1.06615
1.05297
1.04035
1.03159
1.02807
1.02868
1.03097
1.03287
1.03352
1.03322
1.03281
1.03294
1.03389
1.03554
1.03754
1.03945
1.04086
1.04156
1.04165
1.04163
1.04235
1.04464
1.04895
1.05526
1.06324
1.07253
1.08288
1.09379
1.10402
1.11154
1.114
1.10977
1.09869
1.08226
1.063
1.0433
1.02457
1.00745
0.99283
0.982138
0.976819
0.977357
0.982866
0.991552
1.00155
1.01146
1.0206
1.02902
1.03726
1.04578
1.05456
1.06294
1.06981
1.07398
1.07451
1.07097
1.06378
1.05418
1.04412
1.03577
1.03096
1.03068
1.03502
1.04329
1.05429
1.06656
1.07873
1.08965
1.09856
1.10495
1.10852
1.10906
1.10644
1.1006
1.09166
1.07998
1.06643
1.0525
1.03996
1.03026
1.02394
1.02063
1.01933
1.01884
1.01793
1.01562
1.01137
1.00515
0.997539
0.98956
0.98236
0.976901
0.973663
0.972469
0.972564
0.973026
0.973422
0.974137
0.976174
0.980422
0.987131
0.996177
1.00772
1.02223
1.03949
1.05765
1.07374
1.08519
1.09086
1.09101
1.08674
1.07937
1.07019
1.0603
1.05056
1.04149
1.03322
1.02552
1.01792
1.00995
1.00148
0.992972
0.985488
0.980251
0.978002
0.978825
0.982522
0.988952
0.997727
1.00772
1.01715
1.02429
1.02824
1.02928
1.0286
1.02787
1.02874
1.03249
1.03972
1.0502
1.06306
1.07698
1.09039
1.10186
1.11035
1.11544
1.11735
1.11676
1.11465
1.112
1.10956
1.10781
1.10699
1.10698
1.10719
1.10643
1.10301
1.09511
1.08138
1.0616
1.03737
1.01203
0.989788
0.974126
0.966782
0.9679
0.976626
0.991402
1.01004
1.02999
1.04869
1.06396
1.07418
1.07825
1.07568
1.06679
1.05291
1.03629
1.01924
1.0033
0.989089
0.97708
0.968213
0.963776
0.964892
0.972005
0.98457
1.00109
1.01944
1.03739
1.05298
1.06473
1.0717
1.07343
1.06993
1.06164
1.04943
1.03451
1.01836
1.00246
0.9882
0.976774
0.969333
0.967047
0.970938
0.981344
0.997513
1.01762
1.03943
1.06099
1.08093
1.09835
1.11254
1.12288
1.12894
1.1305
1.12736
1.11924
1.10602
1.08837
1.06838
1.04962
1.03621
1.03125
1.0354
1.04662
1.06138
1.07612
1.08822
1.09633
1.10012
1.09998
1.09662
1.09072
1.08277
1.07328
1.06327
1.05429
1.04801
1.0454
1.04621
1.04906
1.0521
1.05377
1.05339
1.05132
1.0488
1.04729
1.04769
1.04984
1.05259
1.05432
1.05355
1.04953
1.04247
1.03352
1.02452
1.01722
1.01248
1.00995
1.00849
1.00696
1.00485
1.00257
1.00109
1.00137
1.00383
1.00797
1.01249
1.01576
1.01648
1.01416
1.00929
1.0031
0.997156
0.992713
0.990222
0.989168
0.988309
0.986346
0.982635
0.977587
0.9726
0.9695
0.969749
0.973856
0.981252
0.990691
1.00078
1.01047
1.01926
1.02714
1.03433
1.04101
1.04707
1.05202
1.0554
1.05705
1.05751
1.05797
1.05977
1.06366
1.06932
1.07553
1.08083
1.08426
1.08559
1.08538
1.08457
1.08402
1.08412
1.08463
1.0849
1.08426
1.08228
1.07883
1.07411
1.06862
1.06309
1.05838
1.05528
1.05431
1.05562
1.05891
1.06319
1.06683
1.06789
1.06475
1.0568
1.04472
1.03039
1.01634
1.00496
0.99793
0.995822
0.998286
1.0044
1.0131
1.02334
1.03422
1.04485
1.05436
1.06202
1.06746
1.0708
1.07264
1.07374
1.07458
1.07513
1.07476
1.07242
1.0669
1.0571
1.04244
1.0236
1.00356
0.987901
0.982914
0.991701
1.01176
1.03666
1.05966
1.07615
1.08425
1.08436
1.07847
1.06933
1.05957
1.05111
1.04512
1.04224
1.04275
1.04646
1.05255
1.05949
1.06532
1.06819
1.06699
1.06173
1.05367
1.04508
1.03858
1.03618
1.03837
1.04423
1.05235
1.06146
1.07075
1.07963
1.08765
1.09446
1.0997
1.10294
1.10358
1.101
1.09474
1.08482
1.07209
1.05837
1.04607
1.03741
1.03353
1.03418
1.03807
1.0435
1.04875
1.05216
1.0522
1.04781
1.03888
1.02672
1.01393
1.00364
0.998305
0.998753
1.00391
1.01139
1.01838
1.02264
1.02313
1.02022
1.01532
1.01017
1.00633
1.00498
1.00699
1.01284
1.02242
1.03485
1.04872
1.06235
1.07416
1.0827
1.0867
1.08532
1.0785
1.06716
1.05329
1.03952
1.02839
1.02157
1.01942
1.021
1.0246
1.02839
1.03117
1.03269
1.03358
1.03479
1.03714
1.04087
1.04552
1.05005
1.05322
1.05388
1.05133
1.04532
1.03621
1.02492
1.01304
1.00267
0.995998
0.994253
0.997186
1.00335
1.01105
1.01917
1.02727
1.03531
1.04338
1.05158
1.06002
1.06881
1.07789
1.08714
1.09653
1.10635
1.11706
1.12871
1.14059
1.15124
1.15893
1.16226
1.16065
1.15469
1.14615
1.13751
1.13085
1.12682
1.12425
1.12084
1.11418
1.10257
1.08554
1.06399
1.04022
1.01745
0.999113
0.988028
0.985799
0.992576
1.00708
1.02689
1.04885
1.06967
1.08652
1.09759
1.10239
1.10175
1.09744
1.09145
1.0853
1.07968
1.07474
1.07074
1.06835
1.0686
1.07233
1.07967
1.08974
1.10076
1.11057
1.11724
1.11966
1.11777
1.11219
1.10343
1.09131
1.07542
1.05636
1.03671
1.0206
1.01176
1.01133
1.01741
1.02639
1.03495
1.04143
1.04594
1.0494
1.0525
1.05519
1.05702
1.05775
1.05759
1.05703
1.05657
1.0567
1.05792
1.06079
1.06579
1.07294
1.08169
1.09105
1.09995
1.10757
1.11348
1.11753
1.11965
1.11985
1.11819
1.11479
1.10976
1.10301
1.09426
1.08317
1.06957
1.05367
1.0362
1.01835
1.0015
0.986943
0.975747
0.968664
0.966136
0.968264
0.974787
0.985001
0.997891
1.01244
1.02775
1.04286
1.05658
1.06742
1.07389
1.07509
1.07117
1.06361
1.05471
1.0465
1.04006
1.03555
1.03314
1.03337
1.03694
1.04419
1.05456
1.06665
1.07871
1.08927
1.09741
1.10287
1.10602
1.1078
1.10955
1.1124
1.11663
1.12133
1.12469
1.12472
1.11998
1.11011
1.09591
1.0791
1.06207
1.04734
1.03707
1.03258
1.03418
1.04109
1.05175
1.06421
1.0765
1.08692
1.09424
1.09778
1.0975
1.09388
1.0878
1.08036
1.0725
1.06477
1.05728
1.04986
1.04257
1.03626
1.03263
1.03336
1.03859
1.04653
1.05487
1.06243
1.06917
1.07499
1.07917
1.08075
1.07921
1.07478
1.06831
1.06111
1.0545
1.04944
1.04611
1.04379
1.0409
1.03535
1.0252
1.00951
0.989137
0.967018
0.94753
0.934919
0.931557
0.937365
0.950576
0.968738
0.989194
1.00915
1.0259
1.0372
1.0418
1.03981
1.0327
1.02309
1.01396
1.00773
1.00545
1.00657
1.00945
1.01213
1.01325
1.01249
1.01055
1.00859
1.0078
1.00916
1.01331
1.02036
1.02959
1.03955
1.04855
1.05528
1.05919
1.06041
1.05953
1.05731
1.05452
1.05193
1.05032
1.05004
1.05059
1.05073
1.04919
1.04545
1.03996
1.03394
1.02879
1.02572
1.02547
1.0284
1.03452
1.04318
1.05284
1.06122
1.06605
1.06582
1.06026
1.05015
1.03687
1.02213
1.00775
0.995703
0.987852
0.985502
0.988881
0.997128
1.00867
1.02181
1.03538
1.04904
1.0632
1.07842
1.09467
1.11092
1.12537
1.13605
1.14153
1.14122
1.13545
1.12526
1.11207
1.09708
1.08114
1.06487
1.0491
1.03494
1.0234
1.01478
1.0086
1.00411
1.00098
0.999251
0.998835
0.998996
0.998584
0.996874
0.994301
0.992443
0.993251
0.998003
1.00696
1.01968
1.03564
1.05439
1.07539
1.09783
1.12058
1.14235
1.16187
1.17806
1.19009
1.19738
1.19958
1.19652
1.1882
1.17481
1.15682
1.13488
1.10993
1.08308
1.05561
1.02907
1.00512
0.98543
0.97128
0.963192
0.960953
0.963872
0.971267
0.98276
0.998143
1.01678
1.03713
1.05703
1.07444
1.08792
1.09669
1.1003
1.09846
1.09103
1.07815
1.06045
1.03902
1.0156
0.992495
0.972251
0.957057
0.948076
0.945146
0.947023
0.952034
0.958753
0.966197
0.973724
0.980832
0.987156
0.992889
0.999358
1.00916
1.02477
1.0459
1.06836
1.0862
1.09506
1.09367
1.08366
1.06849
1.05239
1.03921
1.03165
1.03101
1.03738
1.04965
1.0651
1.0798
1.09005
1.09382
1.091
1.08284
1.07127
1.05829
1.04566
1.03469
1.02632
1.02132
1.02043
1.02451
1.03427
1.04971
1.06953
1.09105
1.1109
1.126
1.13437
1.13542
1.12989
1.11938
1.106
1.09184
1.07863
1.0674
1.05838
1.05097
1.04408
1.03668
1.02828
1.01924
1.01063
1.00378
0.999797
0.99919
1.00184
1.00734
1.01536
1.02581
1.0386
1.05331
1.06884
1.08353
1.09559
1.10364
1.10707
1.10608
1.10137
1.09374
1.08393
1.07255
1.06019
1.04742
1.03474
1.02257
1.0114
1.00201
0.995224
0.99166
0.99136
0.99391
0.998831
1.00598
1.01554
1.02764
1.04185
1.05693
1.07108
1.08241
1.08952
1.0918
1.08935
1.08278
1.07326
1.06256
1.05304
1.04656
1.04329
1.04122
1.03729
1.02914
1.01647
1.0012
0.986751
0.976807
0.973944
0.978734
0.989777
1.00454
1.02036
1.03502
1.04679
1.05418
1.05587
1.05119
1.04067
1.02627
1.01076
0.996837
0.986492
0.980736
0.97954
0.981924
0.986237
0.990793
0.994559
0.997536
1.00041
1.00357
1.00646
1.00799
1.00726
1.00396
0.998249
0.990606
0.981795
0.972892
0.965138
0.959513
0.956259
0.954922
0.954955
0.956465
0.960279
0.967433
0.978076
0.990733
1.00273
1.01174
1.01691
1.01883
1.01848
1.01646
1.01286
1.00767
1.00112
0.993729
0.986068
0.978567
0.971451
0.964886
0.959197
0.955146
0.954115
0.957839
0.96785
0.98485
1.00831
1.03651
1.06691
1.09674
1.12354
1.1454
1.16099
1.16964
1.17143
1.16728
1.15868
1.14692
1.13249
1.11527
1.09551
1.07447
1.05405
1.03552
1.01892
1.00361
0.989451
0.977496
0.969496
0.966778
0.969379
0.976075
0.985149
0.995292
1.0061
1.01787
1.03102
1.0455
1.06058
1.07506
1.08771
1.09775
1.10507
1.11022
1.11397
1.11676
1.11829
1.11765
1.11394
1.10701
1.09768
1.08735
1.07719
1.06775
1.05899
1.05068
1.04267
1.03513
1.02869
1.02449
1.02389
1.02785
1.03627
1.04769
1.05982
1.07032
1.07755
1.08083
1.08027
1.0764
1.06977
1.0607
1.04931
1.03624
1.0233
1.01336
1.00914
1.01159
1.01977
1.03189
1.0461
1.06072
1.07437
1.08597
1.09483
1.10067
1.10357
1.10403
1.1029
1.10117
1.09951
1.09789
1.09571
1.09239
1.08801
1.0833
1.07902
1.07557
1.07287
1.07058
1.06822
1.06541
1.06213
1.05888
1.05645
1.05518
1.05415
1.05112
1.04366
1.03088
1.01449
0.998673
0.988834
0.989673
1.00309
1.02652
1.05338
1.07602
1.08882
1.08949
1.07921
1.06242
1.04524
1.03228
1.02417
1.0188
1.01414
1.0095
1.00495
1.00047
0.99546
0.988968
0.980218
0.969357
0.957906
0.948382
0.943204
0.943648
0.949618
0.960043
0.973467
0.98847
1.00395
1.01923
1.03404
1.04839
1.06236
1.07593
1.08889
1.10078
1.11101
1.11913
1.12493
1.12848
1.1301
1.13026
1.12953
1.1283
1.12657
1.12382
1.11919
1.11197
1.10192
1.0894
1.07535
1.06101
1.04774
1.03687
1.02948
1.02622
1.02706
1.03123
1.03764
1.04545
1.05449
1.06498
1.07701
1.09
1.1028
1.114
1.12241
1.12732
1.12864
1.12667
1.12175
1.11401
1.10308
1.08815
1.06845
1.04388
1.01596
0.988131
0.96508
0.950626
0.945776
0.948726
0.956621
0.967111
0.978683
0.99037
1.00172
1.01287
1.02429
1.03609
1.04747
1.05695
1.06306
1.06488
1.06223
1.05576
1.0469
1.03771
1.03048
1.02691
1.02734
1.03042
1.03365
1.03448
1.03129
1.02389
1.0135
1.00237
0.993211
0.988492
0.989811
0.997537
1.01085
1.02818
1.04774
1.06794
1.0875
1.10547
1.12108
1.13381
1.14329
1.1494
1.15224
1.15208
1.14928
1.14404
1.13649
1.12692
1.11585
1.10396
1.09189
1.08
1.06857
1.05805
1.04931
1.04353
1.04182
1.04482
1.05248
1.064
1.07814
1.09339
1.10812
1.12037
1.12799
1.12926
1.12392
1.11413
1.10384
1.09649
1.09301
1.09223
1.09273
1.09363
1.0942
1.09344
1.0901
1.08287
1.07069
1.05322
1.03125
1.00714
0.984754
0.968453
0.961336
0.963658
0.973023
0.98598
0.999709
1.0127
1.02451
1.03502
1.04391
1.05061
1.05479
1.05654
1.05638
1.05509
1.05379
1.05378
1.05577
1.05934
1.06274
1.06366
1.06045
1.05362
1.04637
1.04317
1.04707
1.05799
1.07331
1.0898
1.10487
1.11663
1.1238
1.12562
1.12191
1.11298
1.09947
1.08219
1.06214
1.04062
1.01928
0.999891
0.98389
0.972044
0.964449
0.960852
0.960915
0.964427
0.97132
0.981574
0.994987
1.01096
1.02843
1.04601
1.06217
1.0754
1.08427
1.08758
1.08477
1.07629
1.06369
1.04927
1.03541
1.02399
1.01611
1.01187
1.01056
1.01114
1.01293
1.01589
1.02055
1.02732
1.03569
1.04411
1.05059
1.05386
1.0537
1.05063
1.04529
1.03817
1.03004
1.02251
1.01794
1.01847
1.0249
1.03636
1.05084
1.06586
1.07904
1.08836
1.09238
1.09063
1.08399
1.07493
1.06689
1.06308
1.06521
1.07299
1.08421
1.09538
1.10294
1.10454
1.09982
1.09055
1.08032
1.07312
1.07115
1.07307
1.07495
1.07287
1.06496
1.05187
1.03634
1.02216
1.01276
1.00999
1.01362
1.02188
1.03253
1.0437
1.05416
1.06322
1.07061
1.07639
1.08096
1.08488
1.08865
1.09243
1.09603
1.09926
1.10214
1.1051
1.10857
1.1126
1.11669
1.12008
1.12203
1.12212
1.12019
1.11625
1.11026
1.10207
1.09146
1.07843
1.06332
1.04699
1.03088
1.01682
1.00662
1.00132
1.0006
1.00301
1.0069
1.01141
1.01683
1.02427
1.03486
1.04907
1.06635
1.08526
1.10375
1.1195
1.1304
1.13483
1.13188
1.12156
1.10492
1.08407
1.0619
1.04118
1.0236
1.0095
0.998636
0.991125
0.987796
0.989728
0.997716
1.01172
1.03065
1.05247
1.07458
1.09427
1.10928
1.11814
1.12025
1.11575
1.10527
1.08994
1.07144
1.05201
1.03421
1.02035
1.01187
1.00924
1.01207
1.0195
1.0304
1.04339
1.05678
1.06865
1.07714
1.08083
1.07933
1.07382
1.06711
1.06254
1.06194
1.06449
1.06755
1.0686
1.06645
1.06148
1.05515
1.04924
1.04499
1.04266
1.04154
1.04043
1.0381
1.03372
1.02718
1.01903
1.01019
1.00138
0.992704
0.983584
0.973234
0.961327
0.948711
0.93786
0.932512
0.936107
0.94987
0.972225
0.999852
1.02913
1.05709
1.0817
1.10186
1.11724
1.12797
1.13446
1.1372
1.13654
1.13279
1.12636
1.11788
1.1083
1.09864
1.08978
1.08243
1.07708
1.074
1.07318
1.0742
1.07615
1.0777
1.07735
1.07387
1.06674
1.05659
1.04517
1.03492
1.028
1.02547
1.02692
1.03088
1.03533
1.03835
1.03855
1.03543
1.02941
1.02175
1.01417
1.00856
1.00642
1.00851
1.01459
1.02374
1.03478
1.04659
1.05823
1.06896
1.07838
1.08662
1.09405
1.10067
1.10567
1.10775
1.10573
1.09894
1.08735
1.07144
1.05215
1.03085
1.0095
0.990701
0.977285
0.971284
0.972863
0.980163
0.990189
0.999944
1.00711
1.0104
1.01005
1.00853
1.00943
1.01402
1.019
1.01898
1.0107
0.994661
0.974135
0.953545
0.937083
0.927758
0.926779
0.933307
0.94483
0.958098
0.970238
0.979671
0.986612
0.992815
1.00042
1.01013
1.02044
1.02891
1.03408
1.03614
1.03616
1.03515
1.03362
1.03166
1.02921
1.02651
1.02444
1.0244
1.02756
1.03399
1.0427
1.05222
1.06125
1.0689
1.07465
1.07828
1.0799
1.07979
1.07834
1.07597
1.07318
1.07067
1.06912
1.069
1.07016
1.07185
1.07289
1.072
1.06816
1.06099
1.05099
1.03974
1.02963
1.02333
1.02282
1.0287
1.04003
1.05506
1.07186
1.0886
1.10365
1.1156
1.1233
1.12582
1.12269
1.11393
1.10036
1.08353
1.06551
1.04857
1.03476
1.02552
1.02154
1.0228
1.02874
1.0383
1.05007
1.06211
1.07207
1.07748
1.0766
1.06916
1.05664
1.04173
1.02738
1.01593
1.00878
1.0064
1.0083
1.01319
1.01948
1.02588
1.03157
1.0362
1.03978
1.04245
1.04428
1.04505
1.04418
1.04098
1.03493
1.02587
1.0141
1.00054
0.986861
0.975427
0.968485
0.967031
0.970117
0.975286
0.979901
0.98261
0.984104
0.986485
0.991562
0.999319
1.00807
1.01597
1.02255
1.02907
1.03743
1.04846
1.06086
1.0718
1.0788
1.08148
1.08187
1.08259
1.08465
1.08684
1.08706
1.08384
1.07674
1.06611
1.05266
1.03727
1.02093
1.00475
0.989902
0.9774
0.967993
0.962216
0.960557
0.963479
0.97114
0.982967
0.997429
1.01235
1.02566
1.0361
1.04346
1.04842
1.0519
1.05467
1.05731
1.06026
1.06378
1.06797
1.0726
1.07711
1.08063
1.08232
1.0817
1.07889
1.07476
1.0705
1.06707
1.06473
1.06286
1.06035
1.05615
1.04973
1.0412
1.03127
1.02098
1.01139
1.00316
0.996248
0.989935
0.983037
0.974446
0.964007
0.953525
0.946925
0.948608
0.960612
0.981139
1.00578
1.0299
1.05038
1.06598
1.07687
1.08386
1.08763
1.08857
1.08696
1.08327
1.07824
1.07255
1.06639
1.05921
1.05005
1.03794
1.02247
1.00404
0.983866
0.963673
0.945261
0.930406
0.920913
0.91852
0.924451
0.938755
0.960017
0.985737
1.01311
1.03957
1.06297
1.08161
1.09426
1.10029
1.09971
1.09315
1.08169
1.06677
1.05025
1.03438
1.02163
1.01402
1.01223
1.0153
1.02146
1.02961
1.03981
1.05271
1.06808
1.08401
1.09752
1.10612
1.1085
1.10449
1.09467
1.08028
1.06318
1.0455
1.02914
1.01533
1.00458
0.997238
0.993909
0.995392
1.00194
1.0126
1.02535
1.03788
1.04819
1.05488
1.05713
1.05504
1.05032
1.04703
1.05043
1.06355
1.08434
1.10703
1.12582
1.13705
1.13925
1.13248
1.11812
1.09899
1.07925
1.06321
1.05342
1.04971
1.05002
1.05174
1.05261
1.05105
1.04646
1.03941
1.0316
1.02561
1.02416
1.0288
1.03906
1.05269
1.0668
1.07896
1.08787
1.09329
1.09582
1.09677
1.09805
1.10161
1.10804
1.11544
1.12006
1.11851
1.10958
1.09478
1.07762
1.06211
1.05105
1.04493
1.04217
1.04032
1.03738
1.03261
1.02673
1.02146
1.01869
1.01944
1.02326
1.0284
1.03265
1.03458
1.03422
1.03293
1.03234
1.03312
1.03471
1.0357
1.03461
1.03043
1.02301
1.01326
1.00315
0.995238
0.991816
0.993892
1.00064
1.00975
1.01849
1.02497
1.02872
1.03041
1.031
1.03094
1.02983
1.02679
1.02112
1.01277
1.00245
0.99133
0.980693
0.971705
0.965467
0.96311
0.965698
0.973849
0.987177
1.00398
1.02144
1.03637
1.04601
1.04866
1.04397
1.03313
1.01868
1.00404
0.992394
0.985516
0.98329
0.984208
0.986648
0.989755
0.993708
0.999278
1.00721
1.01761
1.02981
1.04269
1.05508
1.06625
1.07594
1.08436
1.09176
1.09816
1.10321
1.10628
1.1067
1.10395
1.09768
1.0878
1.07454
1.05858
1.04124
1.02453
1.01082
1.00233
1.00042
1.00516
1.01546
1.02951
1.04526
1.06084
1.07471
1.08566
1.0929
1.09604
1.09522
1.09102
1.08433
1.07625
1.06804
1.06118
1.0572
1.05739
1.06228
1.07147
1.08387
1.09805
1.11252
1.12592
1.13705
1.14502
1.14924
1.14953
1.1461
1.13946
1.13034
1.11952
1.1076
1.09482
1.08113
1.06633
1.05022
1.03273
1.01404
0.994822
0.976289
0.960102
0.948045
0.94151
0.941145
0.946824
0.95796
0.973821
0.993587
1.01615
1.04002
1.0633
1.08406
1.1006
1.1118
1.11715
1.11686
1.1118
1.10331
1.09309
1.08277
1.0737
1.06664
1.06177
1.05887
1.05759
1.05755
1.05843
1.05994
1.06186
1.06387
1.06552
1.06626
1.06551
1.06302
1.05912
1.05481
1.05141
1.05001
1.05083
1.05308
1.05532
1.05616
1.05475
1.05095
1.04511
1.03776
1.02941
1.0205
1.01152
1.00296
0.995312
0.989145
0.985277
0.984762
0.988292
0.995311
1.00388
1.01166
1.01705
1.0196
1.01965
1.01774
1.0142
1.00926
1.00354
0.998488
0.996148
0.998284
1.00537
1.0162
1.02831
1.03905
1.04656
1.0502
1.05054
1.0489
1.04693
1.04598
1.04669
1.04891
1.05184
1.05446
1.05581
1.05516
1.05201
1.04596
1.03648
1.02298
1.00505
0.982958
0.958304
0.934203
0.914781
0.903701
0.902653
0.911035
0.926608
0.946268
0.966666
0.984905
0.999056
1.00843
1.01339
1.01496
1.01442
1.01291
1.01115
1.00925
1.00682
1.00335
0.998728
0.993684
0.989958
0.989918
0.995399
1.00644
1.02098
1.03585
1.04822
1.05633
1.05958
1.05822
1.05299
1.0448
1.03456
1.02327
1.01206
1.00229
0.995362
0.992396
0.993925
0.999858
1.00966
1.02244
1.03683
1.0512
1.06401
1.07421
1.0816
1.08668
1.09013
1.09256
1.09438
1.09601
1.09787
1.10026
1.10317
1.10632
1.10938
1.11206
1.1139
1.11416
1.11187
1.10607
1.0964
1.08342
1.06897
1.05619
1.04879
1.04941
1.05815
1.07247
1.08861
1.10337
1.1151
1.12373
1.12991
1.13424
1.13676
1.13684
1.13352
1.12604
1.11416
1.09839
1.08017
1.06165
1.0451
1.03229
1.02394
1.02007
1.02047
1.02506
1.03336
1.04399
1.05466
1.06301
1.06746
1.06753
1.06362
1.0568
1.04853
1.04041
1.03374
1.02914
1.02637
1.0245
1.02227
1.01861
1.01295
1.00536
0.996258
0.986259
0.976332
0.968436
0.965747
0.971441
0.986398
1.00813
1.03213
1.05389
1.07028
1.08008
1.08403
1.08453
1.08465
1.08681
1.09189
1.09914
1.10702
1.11407
1.11935
1.12241
1.12288
1.12033
1.11438
1.10496
1.09259
1.07838
1.06384
1.05063
1.04023
1.03362
1.03091
1.03139
1.0337
1.03646
1.03861
1.03954
1.03886
1.03611
1.03069
1.02217
1.01064
0.997082
0.983529
0.972881
0.968284
0.9721
0.984837
1.00483
1.02893
1.0537
1.07625
1.09467
1.10815
1.11684
1.12134
1.12215
1.11961
1.1142
1.10675
1.09829
1.08978
1.08166
1.07387
1.06601
1.05761
1.04828
1.03787
1.0264
1.01411
1.00155
0.989561
0.979359
0.972434
0.970348
0.97437
0.985069
1.00205
1.02394
1.04875
1.07413
1.09774
1.11759
1.13219
1.14085
1.14369
1.1417
1.13636
1.12931
1.12196
1.11523
1.10945
1.10436
1.0993
1.0935
1.0865
1.07843
1.07016
1.06326
1.05944
1.05973
1.06385
1.07028
1.07694
1.08202
1.08452
1.08453
1.08312
1.08194
1.08243
1.08519
1.08981
1.09524
1.10026
1.1037
1.10463
1.10237
1.09671
1.08834
1.07906
1.07127
1.06667
1.06498
1.06419
1.06186
1.05636
1.04739
1.03574
1.02288
1.0104
0.999467
0.99076
0.984504
0.980632
0.978885
0.978605
0.978636
0.977671
0.975092
0.971764
0.96992
0.971849
0.978156
0.987446
0.997618
1.00727
1.01613
1.02457
1.03289
1.04084
1.04761
1.05196
1.05253
1.04828
1.03923
1.02702
1.01467
1.00527
1.00058
1.00086
1.00556
1.01398
1.02522
1.03795
1.05033
1.06026
1.06584
1.0659
1.06035
1.05031
1.03795
1.02594
1.01659
1.01104
1.00901
1.00923
1.01047
1.01217
1.01459
1.0187
1.0258
1.03723
1.05361
1.07423
1.09722
1.12025
1.14145
1.15984
1.17527
1.18779
1.19692
1.20153
1.2004
1.193
1.17982
1.162
1.14083
1.1176
1.09387
1.07157
1.05269
1.03867
1.02979
1.02526
1.02362
1.02346
1.0239
1.02474
1.02652
1.03032
1.03751
1.04915
1.06521
1.08406
1.10274
1.11803
1.12761
1.13065
1.12769
1.12032
1.11071
1.10121
1.09383
1.08997
1.09025
1.09439
1.1013
1.10943
1.11739
1.12427
1.12945
1.13233
1.13244
1.1298
1.12505
1.11923
1.11334
1.10798
1.10322
1.09871
1.09397
1.08853
1.0821
1.0744
1.06501
1.05342
1.03936
1.0231
1.00577
0.989289
0.975899
0.96757
0.965459
0.969473
0.977986
0.987803
0.994783
0.995654
0.990998
0.986731
0.988991
0.996485
1.00244
1.00266
0.997288
0.987863
0.976213
0.965166
0.958146
0.957586
0.96371
0.974861
0.988765
1.00354
1.01793
1.03107
1.04223
1.05069
1.05596
1.05789
1.05686
1.05374
1.04979
1.04653
1.04551
1.04809
1.05479
1.06491
1.07647
1.08676
1.0932
1.09397
1.08819
1.07587
1.05778
1.03557
1.01215
0.991697
0.97833
0.974079
0.978129
0.988198
1.00214
1.01872
1.03745
1.05775
1.0781
1.09586
1.10803
1.1124
1.10835
1.09715
1.08177
1.06594
1.0527
1.04344
1.03822
1.03694
1.03982
1.04725
1.05917
1.07447
1.09095
1.10588
1.11701
1.12353
1.12626
1.12705
1.12763
1.12864
1.12924
1.12764
1.12211
1.1119
1.0979
1.08271
1.06983
1.06232
1.06167
1.06756
1.07819
1.09099
1.10319
1.11255
1.11759
1.11743
1.11164
1.09997
1.08258
1.06044
1.03595
1.01292
0.99583
0.988049
0.990179
0.999791
1.01298
1.02641
1.03829
1.04834
1.05731
1.06636
1.07634
1.08717
1.09775
1.10625
1.11071
1.10962
1.10229
1.08892
1.07063
1.04927
1.02712
1.00656
0.989781
0.978648
0.974685
0.978886
0.991152
1.00974
1.03138
1.05227
1.0693
1.08074
1.0864
1.0874
1.08559
1.08284
1.0806
1.07977
1.08089
1.08421
1.08964
1.0967
1.10454
1.11203
1.11799
1.12144
1.12177
1.11876
1.11239
1.10259
1.08928
1.07279
1.05459
1.03723
1.02348
1.01532
1.01342
1.0171
1.02473
1.03435
1.04438
1.054
1.06298
1.07138
1.07908
1.08559
1.0901
1.09174
1.09004
1.08528
1.0786
1.07162
1.06591
1.06247
1.06163
1.06323
1.06697
1.07266
1.07992
1.08769
1.09417
1.09753
1.0967
1.09166
1.08337
1.07325
1.06264
1.05236
1.04266
1.03357
1.0255
1.01945
1.01681
1.01881
1.02594
1.03781
1.05346
1.07166
1.09117
1.11075
1.12923
1.14553
1.15877
1.16833
1.17389
1.17528
1.17235
1.16498
1.15327
1.13785
1.11994
1.10124
1.08358
1.06858
1.05748
1.05086
1.04844
1.04889
1.05013
1.04997
1.04698
1.04103
1.03305
1.02458
1.01703
1.0111
1.00655
1.00243
0.99765
0.991701
0.985
0.978734
0.974228
0.9722
0.972444
0.974042
0.975957
0.97749
0.978323
0.97814
0.9764
0.972453
0.965797
0.956344
0.94464
0.93213
0.921177
0.914521
0.914253
0.921144
0.934732
0.953888
0.977126
1.00275
1.02898
1.05423
1.0773
1.09749
1.11454
1.12851
1.13958
1.14795
1.15368
1.15671
1.15687
1.15389
1.1476
1.13793
1.12507
1.10959
1.09253
1.07527
1.05931
1.04602
1.03614
1.02961
1.0257
1.0233
1.02141
1.0194
1.01702
1.0144
1.01195
1.01048
1.01108
1.01464
1.02153
1.03138
1.04331
1.05619
1.06887
1.0802
1.08919
1.095
1.09701
1.09498
1.08901
1.07969
1.06801
1.05542
1.04364
1.03441
1.02904
1.02806
1.03092
1.03611
1.04156
1.04559
1.04764
1.04831
1.04878
1.05004
1.05247
1.05564
1.0586
1.0603
1.05988
1.05665
1.05
1.03962
1.02613
1.01146
0.998388
0.989158
0.984458
0.983558
0.985132
0.987973
0.99128
0.994689
0.998203
1.00208
1.00674
1.01266
1.0202
1.02943
1.03999
