-6.36253
-6.3548
-6.34106
-6.31926
-6.28677
-6.24207
-6.1862
-6.11507
-6.02672
-5.92019
-5.79419
-5.65059
-5.49911
-5.34912
-5.21276
-5.10069
-5.02094
-4.97484
-4.95865
-4.96533
-4.99001
-5.02126
-5.05554
-5.08806
-5.11466
-5.13417
-5.14641
-5.15243
-5.15632
-5.15886
-5.15985
-5.16124
-5.16173
-5.1587
-5.15082
-5.13596
-5.11359
-5.08578
-5.05466
-5.02526
-5.00097
-4.98093
-4.96796
-4.96116
-4.95919
-4.962
-4.97014
-4.98309
-4.99963
-5.01751
-5.03419
-5.04663
-5.05341
-5.05424
-5.04915
-5.03759
-5.02479
-5.0117
-5.00241
-4.99691
-4.99574
-4.99776
-5.00223
-5.00822
-5.01556
-5.02337
-5.02952
-5.033
-5.03467
-5.03343
-5.03093
-5.02981
-5.03206
-5.03855
-5.04907
-5.06113
-5.07147
-5.0782
-5.08297
-5.08656
-5.08829
-5.08795
-5.09009
-5.08876
-5.08511
-5.08054
-5.07569
-5.07204
-5.07216
-5.07295
-5.0762
-5.08027
-5.08497
-5.08989
-5.09357
-5.09352
-5.09097
-5.08402
-5.07473
-5.06112
-5.0443
-5.02451
-5.00217
-4.97902
-4.95518
-4.93325
-4.91593
-4.90558
-4.90496
-4.9147
-4.93312
-4.95817
-4.98729
-5.01479
-5.03662
-5.05278
-5.06188
-5.06466
-5.06017
-5.05181
-5.04251
-5.03202
-5.02525
-5.01962
-5.01491
-5.01028
-5.00554
-5.0022
-5.00169
-5.00579
-5.01674
-5.032
-5.04982
-5.0706
-5.09274
-5.11463
-5.13095
-5.14339
-5.15005
-5.15243
-5.15142
-5.15007
-5.15042
-5.15181
-5.15298
-5.1513
-5.14581
-5.13668
-5.12742
-5.11902
-5.11612
-5.11669
-5.12178
-5.12688
-5.1277
-5.12497
-5.11505
-5.09939
-5.07875
-5.05746
-5.04098
-5.03244
-5.03655
-5.05009
-5.06451
-5.07447
-5.07928
-5.08131
-5.08387
-5.08947
-5.09866
-5.10977
-5.12163
-5.13447
-5.14582
-5.15732
-5.16837
-5.17991
-5.18654
-5.18741
-5.17759
-5.16051
-5.13891
-5.11689
-5.1004
-5.09503
-5.09961
-5.11143
-5.12445
-5.13763
-5.14656
-5.15278
-5.1565
-5.156
-5.15038
-5.14025
-5.124
-5.10196
-5.0754
-5.04747
-5.01883
-4.99079
-4.96611
-4.94755
-4.93515
-4.93153
-4.93616
-4.94733
-4.96575
-4.99085
-5.02299
-5.05846
-5.09571
-5.13178
-5.16332
-5.18993
-5.20852
-5.21823
-5.22129
-5.21641
-5.20681
-5.19206
-5.17531
-5.15898
-5.13992
-5.12196
-5.10527
-5.09178
-5.08215
-5.07699
-5.07816
-5.08325
-5.09532
-5.11182
-5.13034
-5.14938
-5.16715
-5.17989
-5.18762
-5.18948
-5.18587
-5.17842
-5.1669
-5.15422
-5.1427
-5.13746
-5.1384
-5.14613
-5.16097
-5.17698
-5.19539
-5.20994
-5.21992
-5.22655
-5.22604
-5.21668
-5.20034
-5.18225
-5.1636
-5.14511
-5.12802
-5.11054
-5.09246
-5.07435
-5.05718
-5.04252
-5.03124
-5.023
-5.01907
-5.01834
-5.02071
-5.02419
-5.0269
-5.02752
-5.02383
-5.01469
-5.00182
-4.98511
-4.96961
-4.95736
-4.95357
-4.96167
-4.98185
-5.01043
-5.04431
-5.07568
-5.10118
-5.11423
-5.11446
-5.10554
-5.09051
-5.07415
-5.05895
-5.05176
-5.05244
-5.0619
-5.07742
-5.09244
-5.10685
-5.11846
-5.12577
-5.12883
-5.12593
-5.11811
-5.1063
-5.09218
-5.07747
-5.06435
-5.05141
-5.03994
-5.02978
-5.02526
-5.02931
-5.0446
-5.06729
-5.09429
-5.11839
-5.13543
-5.14345
-5.1405
-5.12915
-5.11187
-5.09327
-5.07694
-5.06725
-5.06515
-5.07053
-5.0801
-5.08986
-5.09622
-5.09605
-5.0858
-5.0681
-5.04442
-5.01743
-4.99248
-4.97307
-4.96155
-4.95796
-4.96364
-4.97494
-4.99287
-5.01389
-5.03608
-5.05368
-5.06711
-5.07034
-5.066
-5.05473
-5.04116
-5.03082
-5.02782
-5.03307
-5.04364
-5.05468
-5.06157
-5.06621
-5.0693
-5.0718
-5.07648
-5.08423
-5.09412
-5.10493
-5.11418
-5.12048
-5.1264
-5.12843
-5.12982
-5.12929
-5.12755
-5.12543
-5.12429
-5.12449
-5.12705
-5.13032
-5.13422
-5.13689
-5.13781
-5.13741
-5.13547
-5.13167
-5.12814
-5.12437
-5.12307
-5.12146
-5.12006
-5.11747
-5.11443
-5.11127
-5.10515
-5.09718
-5.09093
-5.0851
-5.07963
-5.07761
-5.07821
-5.07864
-5.07824
-5.07689
-5.07313
-5.0731
-5.0774
-5.08449
-5.09494
-5.1047
-5.11318
-5.11886
-5.12343
-5.12568
-5.12576
-5.12727
-5.13151
-5.13839
-5.14769
-5.15802
-5.16876
-5.17853
-5.1845
-5.18613
-5.1824
-5.17243
-5.15907
-5.14116
-5.12258
-5.10357
-5.08851
-5.07814
-5.07263
-5.07182
-5.075
-5.08173
-5.09014
-5.09627
-5.10069
-5.1014
-5.10025
-5.09878
-5.0976
-5.09911
-5.10302
-5.10761
-5.11102
-5.11165
-5.10533
-5.09061
-5.0697
-5.04583
-5.02714
-5.01683
-5.01905
-5.03179
-5.0518
-5.07623
-5.10425
-5.13396
-5.16424
-5.19431
-5.22259
-5.24613
-5.26459
-5.27536
-5.27953
-5.2774
-5.26794
-5.25157
-5.22869
-5.19933
-5.16711
-5.13419
-5.10265
-5.07664
-5.05792
-5.04724
-5.04165
-5.04174
-5.04721
-5.05794
-5.07467
-5.09914
-5.12405
-5.14748
-5.16321
-5.16745
-5.16221
-5.14837
-5.13661
-5.13172
-5.13831
-5.15301
-5.17225
-5.19062
-5.20349
-5.20688
-5.20034
-5.18643
-5.16761
-5.14638
-5.12581
-5.10879
-5.09986
-5.09797
-5.10332
-5.11203
-5.12274
-5.13103
-5.13528
-5.13508
-5.12968
-5.11852
-5.10153
-5.08043
-5.05564
-5.03318
-5.01858
-5.01562
-5.02716
-5.04966
-5.07858
-5.11346
-5.14688
-5.17864
-5.20542
-5.22717
-5.24478
-5.26021
-5.27325
-5.28391
-5.29082
-5.29065
-5.2821
-5.26606
-5.24319
-5.21492
-5.18295
-5.14782
-5.11284
-5.08126
-5.05361
-5.03282
-5.01911
-5.01303
-5.01402
-5.01773
-5.02403
-5.03065
-5.03843
-5.04909
-5.06266
-5.07936
-5.09373
-5.10572
-5.112
-5.11056
-5.10108
-5.08467
-5.06503
-5.0425
-5.02387
-5.00802
-4.99395
-4.98151
-4.96946
-4.95861
-4.95301
-4.95454
-4.96601
-4.98641
-5.01122
-5.04145
-5.07036
-5.09572
-5.11402
-5.12537
-5.12772
-5.12187
-5.11005
-5.0953
-5.08125
-5.07099
-5.06594
-5.06327
-5.06071
-5.05764
-5.05108
-5.04127
-5.02822
-5.01274
-4.99526
-4.97549
-4.95708
-4.94168
-4.93362
-4.9379
-4.9531
-4.97454
-4.99726
-5.01777
-5.03576
-5.04972
-5.06202
-5.07475
-5.08865
-5.10187
-5.11348
-5.12231
-5.12644
-5.12662
-5.12521
-5.12199
-5.1168
-5.11079
-5.10368
-5.09721
-5.08683
-5.07504
-5.06248
-5.05095
-5.04327
-5.0414
-5.04645
-5.05808
-5.07452
-5.08953
-5.10052
-5.1052
-5.0995
-5.0805
-5.05237
-5.01721
-4.98196
-4.9529
-4.93375
-4.92293
-4.91927
-4.9215
-4.92675
-4.93606
-4.95018
-4.9684
-4.99083
-5.01654
-5.04408
-5.0703
-5.09465
-5.11504
-5.12864
-5.13401
-5.13009
-5.11567
-5.09318
-5.06551
-5.04051
-5.02334
-5.0189
-5.02769
-5.0478
-5.07666
-5.10896
-5.14169
-5.16774
-5.18563
-5.19315
-5.19092
-5.17973
-5.16143
-5.14043
-5.1219
-5.11022
-5.10563
-5.10942
-5.11823
-5.12767
-5.13681
-5.14209
-5.14495
-5.14839
-5.15333
-5.15865
-5.16044
-5.15696
-5.14586
-5.12493
-5.09823
-5.06876
-5.04425
-5.02635
-5.01992
-5.02501
-5.03875
-5.05989
-5.08239
-5.10228
-5.11762
-5.12455
-5.12382
-5.11574
-5.10185
-5.08526
-5.07105
-5.06228
-5.06214
-5.06883
-5.08379
-5.10528
-5.12753
-5.14938
-5.16725
-5.1809
-5.18665
-5.18489
-5.17455
-5.15562
-5.13118
-5.10148
-5.07008
-5.03796
-5.00864
-4.9831
-4.9658
-4.95679
-4.95619
-4.9593
-4.96545
-4.97151
-4.97753
-4.98253
-4.98869
-4.99682
-5.01003
-5.02112
-5.03172
-5.03823
-5.04227
-5.05085
-5.06488
-5.08492
-5.10997
-5.13282
-5.14898
-5.15415
-5.14746
-5.12901
-5.10133
-5.07001
-5.04167
-5.02306
-5.02022
-5.0332
-5.05735
-5.08744
-5.11869
-5.14926
-5.17323
-5.19133
-5.20517
-5.21476
-5.22151
-5.22605
-5.22892
-5.22632
-5.21788
-5.20151
-5.17717
-5.14525
-5.10608
-5.06099
-5.01347
-4.96904
-4.93453
-4.90987
-4.89895
-4.89815
-4.90271
-4.90983
-4.91856
-4.92706
-4.93651
-4.94878
-4.9651
-4.98739
-5.0161
-5.04904
-5.08542
-5.11993
-5.14968
-5.17292
-5.18717
-5.19195
-5.18984
-5.17969
-5.16137
-5.13869
-5.11307
-5.0894
-5.06778
-5.05135
-5.03629
-5.02263
-5.00924
-4.99619
-4.98824
-4.98217
-4.98104
-4.98371
-4.98926
-4.99584
-5.00058
-5.00467
-5.00581
-5.00474
-5.00338
-5.00707
-5.0175
-5.03576
-5.05884
-5.08366
-5.10651
-5.12391
-5.13654
-5.14606
-5.15187
-5.15615
-5.15802
-5.15868
-5.15952
-5.15983
-5.16018
-5.16248
-5.1656
-5.16985
-5.17351
-5.17654
-5.17736
-5.17623
-5.17402
-5.16988
-5.16699
-5.16597
-5.16766
-5.17036
-5.17428
-5.1785
-5.18155
-5.18277
-5.17967
-5.1713
-5.15775
-5.14041
-5.12115
-5.10222
-5.08361
-5.06634
-5.04868
-5.02923
-5.0122
-5.00294
-5.00747
-5.02307
-5.04566
-5.06752
-5.08779
-5.10368
-5.11785
-5.12953
-5.13798
-5.14131
-5.1413
-5.13716
-5.12726
-5.11374
-5.09613
-5.07435
-5.05121
-5.02966
-5.01429
-5.00796
-5.01115
-5.02206
-5.0346
-5.04442
-5.04576
-5.03906
-5.02577
-5.00777
-4.98984
-4.97543
-4.96588
-4.96176
-4.96354
-4.97388
-4.99333
-5.02194
-5.05641
-5.09421
-5.13223
-5.16606
-5.19376
-5.21282
-5.2222
-5.22602
-5.22292
-5.21099
-5.19379
-5.16973
-5.14008
-5.10645
-5.07386
-5.04379
-5.02069
-5.00275
-4.99135
-4.98711
-4.99082
-4.99746
-5.00853
-5.01933
-5.03211
-5.04345
-5.05545
-5.0669
-5.07802
-5.08893
-5.10009
-5.11122
-5.11996
-5.12698
-5.12737
-5.12235
-5.11239
-5.102
-5.09595
-5.09786
-5.10656
-5.12088
-5.13617
-5.14557
-5.14642
-5.13832
-5.12389
-5.10632
-5.08652
-5.06628
-5.0486
-5.03779
-5.0369
-5.04768
-5.06902
-5.09893
-5.12844
-5.14994
-5.16296
-5.16597
-5.15814
-5.14066
-5.11748
-5.08931
-5.05664
-5.02254
-4.9869
-4.9513
-4.92079
-4.89758
-4.88153
-4.8726
-4.87144
-4.87521
-4.88603
-4.90057
-4.91816
-4.93501
-4.95156
-4.96573
-4.98132
-4.99666
-5.01285
-5.02754
-5.04233
-5.05561
-5.06933
-5.08082
-5.08874
-5.09036
-5.08382
-5.06813
-5.04661
-5.02358
-5.00732
-5.00143
-5.00657
-5.02073
-5.03932
-5.05572
-5.06865
-5.07685
-5.0851
-5.09316
-5.10339
-5.113
-5.12116
-5.12377
-5.11975
-5.1076
-5.09184
-5.0737
-5.05292
-5.03691
-5.026
-5.02256
-5.02609
-5.03332
-5.04328
-5.05232
-5.05731
-5.05955
-5.05492
-5.04835
-5.04017
-5.03328
-5.02871
-5.02746
-5.02822
-5.03075
-5.03358
-5.03582
-5.03697
-5.03675
-5.03817
-5.04154
-5.04634
-5.05145
-5.0548
-5.05233
-5.04258
-5.02336
-4.99997
-4.97403
-4.9481
-4.92687
-4.911
-4.90297
-4.90112
-4.90591
-4.91682
-4.93023
-4.94591
-4.96367
-4.98055
-4.99754
-5.01305
-5.02835
-5.04032
-5.05028
-5.05804
-5.06424
-5.06858
-5.07307
-5.07403
-5.0744
-5.07218
-5.0715
-5.07339
-5.07699
-5.08362
-5.08806
-5.0885
-5.08287
-5.0698
-5.04898
-5.02526
-5.00087
-4.98162
-4.97006
-4.96593
-4.96747
-4.97118
-4.97356
-4.97344
-4.96879
-4.96138
-4.94917
-4.93704
-4.92414
-4.9144
-4.91131
-4.91714
-4.92968
-4.94776
-4.96746
-4.98561
-5.00169
-5.01256
-5.02022
-5.02337
-5.02415
-5.02278
-5.02201
-5.02324
-5.02845
-5.03681
-5.0489
-5.06307
-5.07754
-5.09411
-5.10833
-5.1223
-5.13371
-5.14415
-5.15117
-5.15437
-5.15286
-5.14788
-5.14049
-5.13084
-5.11906
-5.10872
-5.099
-5.08971
-5.07899
-5.06862
-5.05726
-5.04509
-5.03415
-5.02519
-5.01982
-5.02044
-5.0254
-5.03215
-5.04107
-5.05035
-5.05885
-5.06643
-5.07432
-5.08094
-5.08735
-5.09318
-5.09912
-5.10445
-5.10897
-5.11235
-5.11763
-5.12407
-5.13163
-5.1393
-5.14673
-5.15555
-5.16491
-5.17409
-5.18077
-5.18514
-5.18322
-5.17539
-5.16073
-5.14185
-5.11728
-5.09155
-5.0683
-5.05192
-5.0429
-5.04394
-5.05764
-5.07897
-5.10596
-5.136
-5.16498
-5.19038
-5.20893
-5.21984
-5.21922
-5.21101
-5.18962
-5.16057
-5.12377
-5.08428
-5.04398
-5.0077
-4.9791
-4.96249
-4.96083
-4.97252
-4.99431
-5.02346
-5.05632
-5.08911
-5.1176
-5.14173
-5.15799
-5.16973
-5.17646
-5.17978
-5.1765
-5.17045
-5.16049
-5.14733
-5.13228
-5.11374
-5.09167
-5.06605
-5.0367
-5.0078
-4.98266
-4.96528
-4.95727
-4.95959
-4.97015
-4.98721
-5.00661
-5.02485
-5.04114
-5.05388
-5.06363
-5.0697
-5.07241
-5.07223
-5.07045
-5.0672
-5.06375
-5.05903
-5.05343
-5.04382
-5.03184
-5.01814
-5.00508
-4.98979
-4.97606
-4.96566
-4.96692
-4.98003
-5.00679
-5.03998
-5.07258
-5.09894
-5.11557
-5.12302
-5.12087
-5.11011
-5.0914
-5.066
-5.03454
-5.00094
-4.97056
-4.94876
-4.94132
-4.94777
-4.96305
-4.97825
-4.98795
-4.9894
-4.98383
-4.97565
-4.96621
-4.95995
-4.95728
-4.95989
-4.9679
-4.97963
-4.99401
-5.00944
-5.02709
-5.04385
-5.06336
-5.08453
-5.105
-5.1251
-5.14415
-5.15659
-5.16492
-5.16806
-5.16499
-5.15611
-5.14397
-5.12855
-5.11184
-5.09456
-5.07847
-5.06536
-5.05579
-5.04756
-5.04234
-5.03616
-5.0308
-5.02414
-5.01692
-5.01001
-5.00546
-5.00469
-5.00724
-5.01681
-5.03217
-5.05358
-5.08142
-5.11328
-5.14894
-5.18471
-5.21982
-5.25211
-5.27654
-5.2919
-5.29601
-5.28699
-5.26837
-5.24398
-5.21504
-5.18642
-5.15782
-5.1297
-5.10365
-5.07906
-5.05688
-5.03869
-5.02218
-5.01025
-5.00152
-4.99527
-4.99098
-4.99068
-4.99481
-5.00124
-5.01091
-5.02351
-5.0381
-5.05122
-5.06207
-5.07025
-5.07361
-5.07356
-5.0695
-5.06374
-5.05855
-5.05451
-5.0544
-5.05536
-5.05791
-5.06124
-5.06868
-5.0786
-5.09004
-5.09855
-5.10006
-5.09234
-5.07711
-5.0565
-5.03518
-5.01373
-4.99728
-4.98701
-4.98214
-4.98522
-4.9923
-5.00678
-5.02568
-5.04639
-5.07037
-5.09341
-5.11358
-5.13165
-5.14507
-5.15476
-5.16126
-5.16541
-5.16589
-5.16425
-5.15831
-5.15018
-5.13965
-5.12658
-5.11033
-5.09151
-5.07171
-5.05117
-5.03293
-5.02417
-5.02489
-5.03536
-5.05007
-5.06337
-5.07078
-5.06998
-5.06315
-5.05278
-5.04071
-5.02922
-5.01812
-5.00506
-4.99387
-4.9849
-4.98115
-4.98362
-4.99293
-5.00773
-5.02577
-5.04545
-5.06588
-5.08857
-5.11094
-5.13468
-5.15624
-5.17261
-5.1828
-5.18563
-5.18089
-5.17017
-5.15712
-5.14174
-5.12723
-5.11557
-5.10526
-5.09616
-5.08776
-5.07736
-5.06741
-5.05612
-5.04636
-5.03635
-5.02602
-5.01556
-5.00402
-4.99232
-4.98239
-4.97386
-4.97144
-4.97114
-4.97484
-4.97895
-4.98347
-4.98794
-4.99291
-4.99828
-5.00466
-5.01066
-5.01675
-5.02025
-5.02322
-5.02744
-5.03592
-5.04841
-5.06447
-5.08373
-5.09955
-5.11046
-5.11573
-5.11517
-5.11353
-5.11086
-5.1083
-5.10329
-5.09318
-5.07756
-5.05946
-5.04043
-5.02356
-5.00857
-4.99959
-4.99274
-4.99082
-4.99362
-5.00165
-5.0137
-5.03171
-5.05246
-5.07362
-5.09406
-5.11123
-5.12559
-5.13618
-5.14303
-5.14819
-5.15241
-5.15489
-5.15517
-5.15109
-5.14251
-5.12872
-5.10958
-5.08689
-5.06294
-5.03879
-5.01691
-4.99997
-4.9879
-4.97973
-4.97487
-4.97324
-4.97146
-4.97038
-4.96999
-4.96844
-4.96608
-4.96394
-4.96761
-4.98199
-5.00663
-5.04419
-5.08256
-5.11569
-5.13739
-5.14792
-5.14887
-5.1386
-5.12205
-5.10199
-5.0829
-5.06745
-5.05774
-5.05357
-5.05371
-5.05329
-5.0511
-5.04738
-5.04062
-5.03245
-5.02632
-5.0223
-5.02193
-5.02616
-5.03244
-5.03735
-5.04232
-5.04485
-5.04393
-5.03809
-5.03117
-5.02193
-5.01132
-5.00009
-4.99069
-4.98515
-4.98569
-4.99207
-5.00228
-5.01366
-5.02452
-5.02932
-5.03074
-5.02761
-5.02516
-5.03096
-5.0455
-5.06492
-5.08317
-5.0954
-5.09954
-5.09598
-5.08443
-5.06856
-5.05146
-5.03503
-5.02182
-5.01317
-5.00738
-5.00294
-4.99744
-4.98566
-4.96871
-4.9472
-4.92588
-4.90858
-4.90032
-4.90382
-4.91908
-4.94377
-4.97505
-5.00731
-5.03927
-5.06336
-5.08053
-5.08907
-5.09129
-5.09173
-5.08816
-5.08551
-5.08457
-5.08645
-5.08966
-5.09154
-5.08837
-5.0797
-5.06602
-5.04754
-5.02371
-4.99883
-4.97626
-4.95877
-4.95032
-4.95299
-4.96388
-4.98206
-5.00323
-5.02191
-5.03663
-5.0465
-5.05479
-5.06156
-5.06886
-5.0776
-5.08668
-5.09337
-5.09754
-5.09913
-5.09942
-5.09983
-5.09797
-5.09664
-5.09467
-5.08928
-5.08234
-5.07497
-5.06713
-5.06241
-5.06283
-5.06852
-5.07913
-5.09219
-5.10582
-5.11999
-5.13329
-5.14606
-5.15814
-5.17006
-5.17879
-5.18511
-5.18704
-5.18691
-5.18426
-5.18278
-5.18061
-5.17875
-5.17805
-5.17533
-5.17358
-5.17189
-5.17164
-5.17302
-5.17531
-5.17603
-5.17491
-5.16885
-5.15932
-5.14516
-5.12781
-5.1065
-5.08557
-5.0634
-5.04379
-5.02939
-5.02266
-5.02191
-5.02914
-5.04311
-5.05797
-5.07222
-5.08219
-5.08592
-5.08252
-5.0724
-5.05622
-5.03304
-5.01361
-5.0008
-4.99714
-5.00121
-5.0093
-5.01996
-5.03212
-5.04392
-5.05527
-5.06296
-5.06408
-5.06138
-5.05411
-5.04319
-5.03594
-5.0327
-5.0352
-5.04482
-5.06028
-5.07753
-5.09446
-5.11216
-5.13029
-5.14883
-5.16713
-5.18243
-5.19348
-5.19725
-5.19172
-5.17831
-5.15778
-5.13464
-5.11508
-5.10443
-5.10398
-5.1118
-5.12373
-5.1357
-5.1458
-5.14909
-5.14631
-5.13813
-5.12361
-5.10778
-5.091
-5.07205
-5.05114
-5.02924
-5.00608
-4.98115
-4.95713
-4.93518
-4.91698
-4.90565
-4.90138
-4.90559
-4.91872
-4.9402
-4.9684
-5.00186
-5.03868
-5.07709
-5.11545
-5.14904
-5.17401
-5.18795
-5.18767
-5.17902
-5.15978
-5.13676
-5.11061
-5.08708
-5.07049
-5.06061
-5.06129
-5.06729
-5.07827
-5.0916
-5.10589
-5.11878
-5.1306
-5.13828
-5.14159
-5.13974
-5.12971
-5.1112
-5.08465
-5.05192
-5.01802
-4.98946
-4.97152
-4.9686
-4.97756
-4.99409
-5.01366
-5.03187
-5.04721
-5.0578
-5.06413
-5.06679
-5.06638
-5.06671
-5.06654
-5.06645
-5.06749
-5.07186
-5.07716
-5.08548
-5.09567
-5.10572
-5.1135
-5.11874
-5.12265
-5.12406
-5.12354
-5.12255
-5.11992
-5.1164
-5.11308
-5.11253
-5.11651
-5.12474
-5.1335
-5.14258
-5.14805
-5.14541
-5.13455
-5.11671
-5.09629
-5.07593
-5.05762
-5.04676
-5.04371
-5.04658
-5.0532
-5.06051
-5.06607
-5.06996
-5.07409
-5.07841
-5.08279
-5.08821
-5.09187
-5.09423
-5.09385
-5.08806
-5.07832
-5.06401
-5.04771
-5.03104
-5.02099
-5.01751
-5.01979
-5.02424
-5.02663
-5.02751
-5.02386
-5.01875
-5.01523
-5.01473
-5.02017
-5.03616
-5.05669
-5.07685
-5.09286
-5.10511
-5.11108
-5.11353
-5.1122
-5.1073
-5.09904
-5.08715
-5.07335
-5.05877
-5.04416
-5.02898
-5.01279
-4.99704
-4.98269
-4.97002
-4.96171
-4.957
-4.95691
-4.95982
-4.96554
-4.97132
-4.98012
-4.98883
-4.99749
-5.00745
-5.01869
-5.03179
-5.04337
-5.05428
-5.06185
-5.06671
-5.06768
-5.06442
-5.05704
-5.04724
-5.03516
-5.02317
-5.01144
-5.00129
-4.99692
-4.99708
-5.00067
-5.00852
-5.0155
-5.02533
-5.039
-5.0577
-5.08108
-5.10727
-5.13003
-5.14654
-5.15387
-5.15379
-5.14758
-5.1369
-5.12274
-5.10745
-5.09186
-5.07563
-5.06146
-5.04663
-5.03504
-5.02596
-5.02284
-5.02067
-5.0231
-5.02916
-5.03669
-5.04514
-5.05059
-5.05541
-5.05702
-5.05714
-5.05708
-5.05832
-5.06052
-5.06428
-5.06836
-5.07118
-5.0731
-5.07408
-5.07368
-5.07304
-5.07176
-5.06759
-5.06208
-5.05422
-5.04516
-5.03717
-5.03161
-5.0298
-5.03334
-5.03753
-5.04156
-5.04383
-5.04412
-5.04429
-5.04675
-5.04923
-5.05415
-5.06015
-5.06593
-5.07066
-5.07357
-5.07376
-5.07147
-5.06362
-5.05024
-5.02986
-5.00644
-4.9818
-4.96086
-4.94887
-4.94774
-4.95775
-4.97606
-4.99783
-5.01919
-5.03599
-5.04338
-5.04374
-5.03668
-5.02499
-5.01476
-5.00849
-5.00971
-5.01985
-5.0359
-5.05794
-5.08302
-5.10903
-5.13345
-5.15483
-5.17221
-5.18848
-5.2005
-5.20964
-5.21563
-5.21686
-5.21238
-5.20333
-5.18837
-5.17192
-5.15323
-5.1349
-5.1189
-5.10653
-5.09753
-5.08989
-5.08308
-5.07709
-5.0723
-5.07173
-5.0723
-5.0743
-5.07621
-5.07687
-5.07552
-5.07327
-5.06974
-5.06197
-5.05124
-5.03602
-5.01714
-4.99877
-4.98377
-4.97544
-4.97502
-4.98472
-5.00492
-5.02869
-5.05509
-5.07575
-5.08893
-5.0952
-5.096
-5.09482
-5.09066
-5.0883
-5.08544
-5.08183
-5.08024
-5.08169
-5.08429
-5.08972
-5.09629
-5.10395
-5.11089
-5.11529
-5.11255
-5.10729
-5.09712
-5.08538
-5.07439
-5.066
-5.06355
-5.06828
-5.07364
-5.07962
-5.07902
-5.07185
-5.05947
-5.04066
-5.02248
-5.01009
-5.00681
-5.01183
-5.02485
-5.04212
-5.06268
-5.08362
-5.10267
-5.11901
-5.13378
-5.14271
-5.14792
-5.14888
-5.14674
-5.14219
-5.13584
-5.12802
-5.124
-5.12128
-5.11969
-5.12084
-5.12129
-5.11929
-5.11345
-5.1061
-5.09582
-5.08322
-5.07005
-5.0594
-5.05063
-5.04623
-5.04455
-5.04891
-5.05281
-5.05891
-5.06245
-5.0623
-5.05572
-5.04162
-5.01984
-4.99133
-4.95972
-4.93132
-4.90923
-4.89705
-4.89708
-4.90612
-4.92086
-4.93983
-4.95915
-4.9803
-4.99815
-5.01233
-5.02082
-5.02163
-5.01524
-5.00198
-4.98137
-4.95813
-4.93296
-4.90623
-4.8827
-4.86586
-4.85726
-4.85961
-4.87502
-4.90284
-4.93973
-4.9827
-5.02841
-5.0706
-5.10521
-5.13161
-5.14539
-5.15058
-5.14839
-5.14113
-5.12887
-5.11168
-5.08829
-5.05798
-5.02324
-4.98743
-4.95567
-4.93229
-4.91965
-4.91707
-4.92306
-4.93351
-4.94917
-4.96825
-4.98786
-5.00389
-5.01569
-5.02427
-5.03118
-5.03798
-5.04602
-5.05415
-5.06252
-5.06799
-5.06906
-5.06765
-5.06447
-5.06064
-5.0592
-5.05772
-5.05944
-5.06313
-5.0683
-5.07505
-5.0823
-5.09101
-5.1012
-5.11449
-5.13054
-5.14838
-5.16231
-5.17028
-5.17041
-5.16457
-5.15473
-5.14539
-5.13827
-5.13508
-5.13412
-5.13413
-5.13352
-5.13038
-5.12285
-5.11348
-5.10306
-5.09655
-5.09458
-5.09876
-5.10727
-5.11656
-5.12394
-5.12656
-5.12361
-5.11548
-5.10394
-5.0889
-5.0711
-5.05161
-5.03241
-5.01506
-4.99948
-4.98626
-4.9735
-4.96021
-4.94819
-4.93789
-4.92616
-4.91421
-4.90516
-4.89815
-4.89913
-4.90989
-4.93073
-4.96081
-4.99544
-5.02959
-5.0605
-5.08574
-5.10544
-5.11933
-5.12857
-5.13452
-5.13965
-5.14529
-5.14773
-5.14778
-5.14733
-5.14791
-5.15308
-5.16036
-5.17162
-5.18271
-5.18918
-5.19133
-5.18922
-5.18435
-5.17656
-5.16771
-5.15522
-5.14153
-5.1249
-5.1075
-5.08961
-5.07464
-5.06561
-5.06559
-5.07544
-5.0911
-5.10801
-5.12551
-5.14038
-5.15485
-5.16762
-5.18041
-5.19082
-5.20072
-5.20711
-5.20771
-5.20158
-5.18991
-5.17414
-5.15578
-5.13734
-5.11659
-5.09404
-5.06921
-5.04185
-5.01185
-4.98529
-4.96405
-4.9521
-4.94891
-4.9532
-4.96314
-4.97649
-4.99362
-5.00969
-5.02329
-5.03205
-5.03776
-5.03855
-5.03727
-5.03353
-5.03026
-5.0291
-5.0326
-5.03813
-5.04511
-5.05714
-5.07142
-5.08763
-5.10515
-5.12227
-5.13682
-5.14665
-5.15095
-5.15193
-5.14817
-5.14085
-5.13181
-5.12064
-5.10834
-5.09281
-5.07329
-5.05028
-5.02339
-4.99472
-4.96629
-4.94141
-4.92395
-4.91214
-4.90789
-4.90741
-4.91034
-4.91383
-4.91521
-4.9146
-4.91187
-4.9079
-4.90357
-4.9008
-4.89881
-4.8958
-4.89103
-4.885
-4.87865
-4.87421
-4.87102
-4.87171
-4.87677
-4.88693
-4.90056
-4.91479
-4.92713
-4.93552
-4.93587
-4.93326
-4.93063
-4.9302
-4.93382
-4.94068
-4.95106
-4.96074
-4.96839
-4.97442
-4.9797
-4.98769
-4.99709
-5.00839
-5.02
-5.02844
-5.03298
-5.03133
-5.02541
-5.0143
-5.00022
-4.98652
-4.97694
-4.9746
-4.98407
-5.00652
-5.03709
-5.06964
-5.09703
-5.11604
-5.12571
-5.12839
-5.12737
-5.12304
-5.1174
-5.11214
-5.10439
-5.09724
-5.08822
-5.07892
-5.06678
-5.05627
-5.04646
-5.03749
-5.02998
-5.02381
-5.02095
-5.02234
-5.02471
-5.03047
-5.03781
-5.04614
-5.05365
-5.05854
-5.06083
-5.06118
-5.05965
-5.0553
-5.04722
-5.03887
-5.03042
-5.02083
-5.01167
-5.00821
-5.00888
-5.01417
-5.02431
-5.03727
-5.05005
-5.06285
-5.07229
-5.07977
-5.08338
-5.08542
-5.08294
-5.07809
-5.07081
-5.06111
-5.04936
-5.04099
-5.03751
-5.04047
-5.05059
-5.06318
-5.07562
-5.08327
-5.08766
-5.08805
-5.08466
-5.07979
-5.07606
-5.07833
-5.08699
-5.10345
-5.12651
-5.1506
-5.17294
-5.18991
-5.2005
-5.20422
-5.19966
-5.18798
-5.17168
-5.15322
-5.13682
-5.1235
-5.11464
-5.10869
-5.10612
-5.10337
-5.10242
-5.10512
-5.10935
-5.11321
-5.11336
-5.1076
-5.09523
-5.07541
-5.04934
-5.02123
-4.99191
-4.96702
-4.94977
-4.94414
-4.95005
-4.9658
-4.9898
-5.01764
-5.04827
-5.07932
-5.10744
-5.12906
-5.14355
-5.14826
-5.14181
-5.12404
-5.0969
-5.06202
-5.02587
-4.99381
-4.96525
-4.94449
-4.92983
-4.92205
-4.92009
-4.92112
-4.92519
-4.93058
-4.937
-4.94305
-4.94842
-4.95246
-4.95649
-4.96297
-4.97327
-4.98871
-5.00952
-5.0349
-5.06246
-5.08895
-5.11334
-5.13373
-5.14924
-5.15923
-5.16367
-5.16408
-5.16138
-5.15951
-5.15879
-5.16404
-5.17315
-5.1873
-5.20294
-5.21764
-5.22765
-5.23105
-5.22926
-5.21676
-5.19828
-5.17348
-5.14308
-5.10946
-5.07434
-5.04084
-5.00926
-4.98258
-4.96006
-4.94527
-4.93931
-4.94509
-4.96171
-4.98679
-5.016
-5.04296
-5.06256
-5.07295
-5.07364
-5.066
-5.04826
-5.0249
-4.99717
-4.96787
-4.94267
-4.92615
-4.92162
-4.92783
-4.94256
-4.95654
-4.96805
-4.97413
-4.97721
-4.97672
-4.97661
-4.97569
-4.97444
-4.97507
-4.976
-4.9776
-4.97822
-4.98122
-4.98738
-4.99804
-5.01348
-5.03379
-5.05463
-5.07416
-5.08723
-5.09417
-5.09621
-5.09438
-5.09038
-5.08377
-5.07586
-5.06459
-5.04849
-5.03116
-5.01524
-5.00415
-5.00022
-5.00559
-5.01604
-5.0282
-5.04074
-5.05132
-5.05655
-5.0572
-5.05427
-5.05029
-5.05004
-5.05568
-5.07
-5.09078
-5.11441
-5.13607
-5.15469
-5.16736
-5.17265
-5.17081
-5.16217
-5.1467
-5.1237
-5.09275
-5.05544
-5.01619
-4.98152
-4.95828
-4.94925
-4.95066
-4.95908
-4.97074
-4.98731
-5.00417
-5.02204
-5.03901
-5.05441
-5.06674
-5.07686
-5.08298
-5.08271
-5.07477
-5.05665
-5.02722
-4.98719
-4.94247
-4.89868
-4.86115
-4.83815
-4.8338
-4.84725
-4.87462
-4.91158
-4.95187
-4.9899
-5.02107
-5.04337
-5.0549
-5.05458
-5.04677
-5.03772
-5.02976
-5.0272
-5.02996
-5.03451
-5.04061
-5.04522
-5.04966
-5.05465
-5.05866
-5.06035
-5.05919
-5.05778
-5.05884
-5.06362
-5.07293
-5.08588
-5.10001
-5.11271
-5.12292
-5.12885
-5.13142
-5.12993
-5.12726
-5.12296
-5.11663
-5.10913
-5.10091
-5.0908
-5.08002
-5.07043
-5.06377
-5.05836
-5.05284
-5.04741
-5.03871
-5.02773
-5.01463
-5
-4.98614
-4.97528
-4.96568
-4.95839
-4.95161
-4.94809
-4.95034
-4.96035
-4.97853
-5.00551
-5.0356
-5.06423
-5.0869
-5.10323
-5.11487
-5.12345
-5.12995
-5.13697
-5.1412
-5.14102
-5.13815
-5.13122
-5.12101
-5.10496
-5.08706
-5.06854
-5.05187
-5.04169
-5.03943
-5.04822
-5.06622
-5.091
-5.11824
-5.14312
-5.16109
-5.17259
-5.17356
-5.16659
-5.1545
-5.13991
-5.12378
-5.10939
-5.09651
-5.08509
-5.07626
-5.06919
-5.06307
-5.05539
-5.04624
-5.03389
-5.01889
-5.00188
-4.98497
-4.97159
-4.96163
-4.95665
-4.95738
-4.96285
-4.97084
-4.98072
-4.99174
-5.00673
-5.02438
-5.04519
-5.07049
-5.09963
-5.13043
-5.15989
-5.18471
-5.19764
-5.1956
-5.17957
-5.15573
-5.13144
-5.11301
-5.10053
-5.09393
-5.09422
-5.10206
-5.11753
-5.13795
-5.16082
-5.185
-5.20374
-5.21904
-5.22771
-5.23231
-5.23078
-5.22431
-5.21236
-5.19623
-5.17683
-5.15282
-5.12957
-5.10784
-5.09094
-5.08364
-5.0888
-5.106
-5.12889
-5.1545
-5.17855
-5.20038
-5.21667
-5.22733
-5.23058
-5.22885
-5.21771
-5.19941
-5.17607
-5.14783
-5.11485
-5.08102
-5.04796
-5.01698
-4.99039
-4.96975
-4.9582
-4.95635
-4.96501
-4.98272
-5.0089
-5.04174
-5.0765
-5.11032
-5.13996
-5.16218
-5.17703
-5.17958
-5.17223
-5.15766
-5.1375
-5.11564
-5.09627
-5.08218
-5.07381
-5.07066
-5.07205
-5.07547
-5.07974
-5.08165
-5.08359
-5.08337
-5.08145
-5.07956
-5.0788
-5.07813
-5.07695
-5.07373
-5.06819
-5.06117
-5.05397
-5.04841
-5.04721
-5.04974
-5.05571
-5.06483
-5.07414
-5.0825
-5.08854
-5.08917
-5.08503
-5.0762
-5.06194
-5.04316
-5.02214
-4.999
-4.97508
-4.95213
-4.93446
-4.92171
-4.91856
-4.92399
-4.93695
-4.9552
-4.97559
-4.99147
-5.00395
-5.01177
-5.01823
-5.02426
-5.03521
-5.05207
-5.07398
-5.0994
-5.12422
-5.14481
-5.15768
-5.16176
-5.15684
-5.14349
-5.12407
-5.10115
-5.0784
-5.05562
-5.03449
-5.01426
-4.99511
-4.97959
-4.96972
-4.96491
-4.96457
-4.96034
-4.95114
-4.93543
-4.91405
-4.89066
-4.86622
-4.8449
-4.82961
-4.82216
-4.82536
-4.84217
-4.8733
-4.91614
-4.9651
-5.01407
-5.05796
-5.08968
-5.1135
-5.12791
-5.13182
-5.12673
-5.11605
-5.09979
-5.08053
-5.06077
-5.04352
-5.03116
-5.02157
-5.01574
-5.01096
-5.0059
-5.00036
-4.99472
-4.98839
-4.98286
-4.97742
-4.97533
-4.97947
-4.99184
-5.01141
-5.03705
-5.06536
-5.09058
-5.10914
-5.11879
-5.11702
-5.10286
-5.0776
-5.04176
-4.99944
-4.9533
-4.90654
-4.86316
-4.82641
-4.80042
-4.78963
-4.79308
-4.81165
-4.84328
-4.88732
-4.93767
-4.98981
-5.03823
-5.07842
-5.10687
-5.12226
-5.12602
-5.11927
-5.10774
-5.09715
-5.0907
-5.09437
-5.10423
-5.11808
-5.13625
-5.1523
-5.16531
-5.1774
-5.18458
-5.18443
-5.17917
-5.16499
-5.14628
-5.12286
-5.09661
-5.06943
-5.04344
-5.02089
-5.001
-4.98572
-4.97986
-4.98273
-4.98934
-4.99792
-5.0023
-5.00314
-5.00052
-4.99655
-4.99478
-4.99836
-5.00656
-5.01959
-5.03523
-5.04925
-5.06073
-5.06986
-5.07701
-5.08422
-5.09767
-5.11754
-5.14357
-5.17344
-5.20288
-5.22821
-5.24482
-5.25268
-5.25469
-5.24973
-5.23779
-5.22284
-5.20313
-5.18049
-5.15464
-5.12671
-5.09771
-5.07112
-5.04579
-5.02427
-5.00508
-4.99036
-4.97889
-4.97035
-4.96638
-4.96727
-4.97264
-4.98188
-4.99444
-5.01113
-5.0287
-5.0457
-5.0611
-5.07342
-5.07987
-5.0802
-5.07636
-5.07004
-5.06304
-5.06192
-5.06688
-5.07466
-5.08272
-5.09097
-5.09655
-5.09783
-5.09686
-5.09953
-5.10439
-5.11323
-5.1236
-5.13452
-5.14458
-5.15274
-5.15591
-5.15599
-5.1504
-5.14053
-5.12388
-5.10176
-5.07479
-5.04186
-5.00197
-4.9581
-4.91586
-4.87789
-4.8501
-4.83506
-4.83706
-4.85394
-4.88457
-4.92472
-4.96991
-5.01393
-5.05483
-5.08891
-5.11443
-5.13088
-5.1405
-5.14161
-5.14102
-5.14013
-5.13937
-5.13743
-5.13361
-5.12706
-5.12071
-5.11372
-5.10891
-5.10609
-5.1068
-5.10606
-5.10624
-5.10397
-5.09921
-5.09337
-5.08897
-5.09087
-5.09844
-5.11118
-5.12879
-5.14732
-5.16231
-5.17429
-5.17885
-5.1769
-5.17153
-5.16124
-5.14694
-5.13045
-5.11494
-5.10156
-5.09013
-5.08092
-5.07298
-5.06615
-5.06033
-5.05513
-5.05138
-5.04898
-5.04629
-5.04314
-5.03623
-5.02661
-5.01297
-4.99703
-4.98033
-4.96532
-4.95696
-4.95772
-4.96869
-4.98949
-5.01687
-5.0469
-5.07261
-5.0947
-5.10944
-5.1165
-5.11871
-5.11725
-5.11271
-5.10833
-5.10506
-5.10371
-5.10289
-5.10229
-5.09845
-5.0922
-5.07962
-5.06153
-5.03597
-5.0063
-4.97954
-4.96011
-4.95274
-4.95995
-4.97747
-5.00254
-5.02873
-5.05093
-5.06632
-5.07506
-5.07895
-5.08101
-5.08468
-5.08935
-5.09414
-5.09851
-5.09763
-5.0886
-5.07198
-5.04999
-5.02648
-5.00706
-4.99926
-5.00363
-5.01592
-5.03273
-5.04654
-5.05403
-5.0499
-5.03704
-5.018
-4.99753
-4.98283
-4.977
-4.98054
-4.99038
-5.00428
-5.01774
-5.03049
-5.04229
-5.05098
-5.05735
-5.06261
-5.06447
-5.06485
-5.06377
-5.0625
-5.06114
-5.05964
-5.05954
-5.06085
-5.06474
-5.06926
-5.07529
-5.08432
-5.09496
-5.11042
-5.12853
-5.14798
-5.16723
-5.18098
-5.19094
-5.1944
-5.18866
-5.17664
-5.15688
-5.13258
-5.10587
-5.07951
-5.05456
-5.03356
-5.01634
-5.00376
-4.99641
-4.99526
-5.00046
-5.00944
-5.02086
-5.03348
-5.04367
-5.05007
-5.0538
-5.05563
-5.05479
-5.05469
-5.05552
-5.05872
-5.06116
-5.06214
-5.05978
-5.05785
-5.05439
-5.05276
-5.05336
-5.05661
-5.05813
-5.05676
-5.05079
-5.04029
-5.02477
-5.00818
-4.9914
-4.98104
-4.98091
-4.99329
-5.01682
-5.04607
-5.07821
-5.10636
-5.12755
-5.13829
-5.1382
-5.12823
-5.10995
-5.09034
-5.07457
-5.06608
-5.06449
-5.06887
-5.07434
-5.07985
-5.08602
-5.09255
-5.10021
-5.11261
-5.12615
-5.14085
-5.15425
-5.16367
-5.16717
-5.16552
-5.16186
-5.15949
-5.1589
-5.15833
-5.15479
-5.14378
-5.12423
-5.09576
-5.06067
-5.02484
-4.99194
-4.96458
-4.94412
-4.93143
-4.92446
-4.92522
-4.93253
-4.94396
-4.96196
-4.98176
-5.00231
-5.02053
-5.0346
-5.04207
-5.0428
-5.04026
-5.03586
-5.02941
-5.02045
-5.01247
-5.00262
-4.9935
-4.98779
-4.98335
-4.98484
-4.99335
-5.00678
-5.0262
-5.04834
-5.0696
-5.08875
-5.10312
-5.11227
-5.11583
-5.11351
-5.10759
-5.09797
-5.08818
-5.07771
-5.06779
-5.05901
-5.04975
-5.04053
-5.0326
-5.02558
-5.02146
-5.02016
-5.02264
-5.02869
-5.03511
-5.03966
-5.04098
-5.0382
-5.03387
-5.0295
-5.0291
-5.03468
-5.0433
-5.05357
-5.06435
-5.07604
-5.08679
-5.09826
-5.10841
-5.11774
-5.12517
-5.1302
-5.13331
-5.13317
-5.12988
-5.12512
-5.11823
-5.11115
-5.10392
-5.09749
-5.09391
-5.092
-5.09071
-5.08755
-5.08379
-5.07995
-5.07593
-5.07425
-5.07635
-5.0798
-5.08483
-5.09019
-5.09531
-5.10159
-5.1079
-5.11668
-5.12462
-5.13324
-5.14011
-5.14503
-5.14679
-5.14497
-5.13789
-5.12572
-5.10996
-5.09203
-5.07799
-5.06964
-5.06808
-5.07504
-5.08682
-5.1024
-5.11634
-5.1287
-5.13447
-5.13313
-5.12384
-5.11121
-5.09889
-5.08685
-5.08071
-5.07978
-5.082
-5.08594
-5.08724
-5.08527
-5.07891
-5.06855
-5.05458
-5.03924
-5.02331
-5.00864
-5.00008
-4.99656
-4.99831
-5.00603
-5.01844
-5.03315
-5.04674
-5.05646
-5.06103
-5.06255
-5.06174
-5.05672
-5.04838
-5.03895
-5.02728
-5.01702
-5.00671
-4.99974
-4.99337
-4.98496
-4.97306
-4.95849
-4.94146
-4.92338
-4.90769
-4.89831
-4.89355
-4.8952
-4.90099
-4.91164
-4.92546
-4.94292
-4.9604
-4.9794
-4.99592
-5.01087
-5.02149
-5.02589
-5.0231
-5.0121
-4.99488
-4.97516
-4.95537
-4.93948
-4.92922
-4.92931
-4.94036
-4.96459
-4.99934
-5.04036
-5.08085
-5.11504
-5.1392
-5.15027
-5.14973
-5.13615
-5.11384
-5.08705
-5.06007
-5.03708
-5.02312
-5.01779
-5.02042
-5.0301
-5.04294
-5.05285
-5.05555
-5.05121
-5.04059
-5.0254
-5.01302
-5.0052
-5.00177
-5.00167
-5.00396
-5.00764
-5.01379
-5.02014
-5.02426
-5.02331
-5.02049
-5.01371
-5.00814
-5.0043
-5.00608
-5.00872
-5.01588
-5.02667
-5.04227
-5.05875
-5.07589
-5.09198
-5.10448
-5.11217
-5.11615
-5.11497
-5.11189
-5.10861
-5.10613
-5.10479
-5.1059
-5.10708
-5.10594
-5.09962
-5.08611
-5.06193
-5.02948
-4.99301
-4.95628
-4.92685
-4.90735
-4.8989
-4.90209
-4.91134
-4.92258
-4.93327
-4.94369
-4.95411
-4.96794
-4.98417
-5.00062
-5.01476
-5.02749
-5.03528
-5.04086
-5.0398
-5.03646
-5.02838
-5.01845
-5.00923
-5.00053
-4.99269
-4.98738
-4.98604
-4.98536
-4.98583
-4.98734
-4.98895
-4.98979
-4.9891
-4.98814
-4.98827
-4.99357
-5.00469
-5.02409
-5.04956
-5.08062
-5.11302
-5.14257
-5.16725
-5.18426
-5.19093
-5.19006
-5.18046
-5.16692
-5.15175
-5.1403
-5.13611
-5.1403
-5.15123
-5.16557
-5.17862
-5.18697
-5.19013
-5.18679
-5.18019
-5.17038
-5.15976
-5.14813
-5.1326
-5.11206
-5.08427
-5.05441
-5.02833
-5.01154
-5.00943
-5.02075
-5.03853
-5.05864
-5.07549
-5.08629
-5.08891
-5.08263
-5.06797
-5.04833
-5.02719
-5.00902
-4.99708
-4.99271
-4.99479
-5.00365
-5.01524
-5.03084
-5.05052
-5.07545
-5.10507
-5.13846
-5.17417
-5.20772
-5.23722
-5.25883
-5.27162
-5.27227
-5.26353
-5.24309
-5.21446
-5.17829
-5.13862
-5.10102
-5.07246
-5.05553
-5.05037
-5.04868
-5.0466
-5.04198
-5.03274
-5.01876
-5.0046
-4.99364
-4.99152
-5.00246
-5.0281
-5.06479
-5.10726
-5.14807
-5.18457
-5.21096
-5.2261
-5.22949
-5.22034
-5.20347
-5.17943
-5.15258
-5.12471
-5.09863
-5.07433
-5.05142
-5.03051
-5.01209
-4.99448
-4.98032
-4.96897
-4.96249
-4.96169
-4.96723
-4.97696
-4.99063
-5.00895
-5.03175
-5.06087
-5.0923
-5.12333
-5.15512
-5.18418
-5.20785
-5.22518
-5.23565
-5.23741
-5.2324
-5.22074
-5.2024
-5.17799
-5.14818
-5.11071
-5.0714
-5.02812
-4.9883
-4.95452
-4.92879
-4.91821
-4.91971
-4.93367
-4.95302
-4.97357
-4.99079
-5.00228
-5.00746
-5.00857
-5.00404
-4.99531
-4.98675
-4.97893
-4.97533
-4.97747
-4.98806
-5.00925
-5.03669
-5.06978
-5.1045
-5.13746
-5.16557
-5.18665
-5.20186
-5.20925
-5.20997
-5.20499
-5.19342
-5.17715
-5.15585
-5.12979
-5.10066
-5.06921
-5.03804
-5.00686
-4.97859
-4.95936
-4.95114
-4.95468
-4.96703
-4.98665
-5.0087
-5.03072
-5.05373
-5.07649
-5.09669
-5.11493
-5.13
-5.1413
-5.15133
-5.15698
-5.16102
-5.16222
-5.15781
-5.14973
-5.13476
-5.11672
-5.09463
-5.07158
-5.04604
-5.01947
-4.99354
-4.97098
-4.95525
-4.94814
-4.94785
-4.95154
-4.957
-4.96113
-4.96463
-4.96796
-4.96892
-4.96629
-4.9592
-4.94561
-4.92694
-4.90618
-4.88702
-4.87105
-4.86308
-4.85948
-4.85926
-4.86114
-4.86345
-4.86772
-4.87117
-4.87589
-4.8829
-4.89146
-4.90207
-4.9154
-4.93305
-4.95713
-4.98495
-5.01523
-5.04325
-5.06765
-5.08651
-5.09971
-5.10625
-5.10724
-5.10493
-5.09854
-5.09028
-5.0798
-5.06914
-5.05817
-5.0485
-5.03877
-5.02883
-5.01818
-5.00807
-4.99876
-4.9922
-4.99082
-4.99347
-5.00098
-5.01291
-5.02578
-5.03866
-5.04698
-5.05024
-5.04712
-5.03668
-5.02042
-5.00004
-4.97966
-4.96226
-4.94926
-4.94229
-4.94087
-4.94362
-4.94967
-4.95967
-4.97171
-4.98657
-5.00406
-5.02475
-5.04572
-5.06868
-5.0892
-5.1071
-5.12236
-5.13646
-5.15211
-5.1665
-5.17982
-5.1932
-5.20337
-5.21073
-5.21118
-5.2084
-5.19879
-5.18472
-5.16785
-5.15073
-5.13668
-5.12588
-5.12182
-5.12531
-5.13597
-5.14893
-5.16345
-5.17731
-5.18772
-5.19151
-5.18701
-5.17358
-5.15418
-5.13095
-5.11121
-5.09651
-5.08919
-5.08854
-5.09495
-5.10483
-5.11627
-5.12371
-5.12289
-5.11042
-5.08857
-5.05674
-5.02237
-4.98904
-4.96234
-4.94689
-4.94046
-4.94238
-4.94797
-4.95642
-4.96506
-4.97462
-4.98568
-4.99803
-5.01113
-5.02524
-5.04045
-5.05671
-5.07637
-5.09765
-5.12137
-5.1443
-5.16406
-5.1803
-5.19271
-5.20419
-5.21247
-5.21714
-5.21583
-5.20837
-5.19205
-5.17078
-5.1472
-5.12202
-5.10239
-5.0892
-5.08551
-5.08868
-5.09691
-5.10781
-5.12014
-5.13258
-5.14359
-5.15463
-5.16276
-5.17185
-5.17762
-5.17959
-5.17865
-5.17534
-5.1699
-5.16352
-5.15804
-5.1557
-5.15784
-5.16291
-5.17023
-5.17654
-5.18177
-5.18245
-5.17625
-5.16273
-5.14205
-5.11453
-5.08313
-5.05376
-5.02769
-5.01173
-5.00757
-5.01286
-5.02612
-5.04278
-5.06015
-5.07694
-5.09281
-5.1064
-5.11116
-5.11131
-5.1024
-5.08512
-5.06215
-5.03542
-5.00658
-4.97846
-4.95594
-4.93879
-4.92759
-4.92385
-4.92724
-4.93901
-4.95903
-4.98136
-5.00832
-5.03546
-5.06038
-5.079
-5.08976
-5.09118
-5.08288
-5.06831
-5.05127
-5.036
-5.02423
-5.01537
-5.01086
-5.01011
-5.01241
-5.01603
-5.0191
-5.01927
-5.01686
-5.0147
-5.01339
-5.01587
-5.02283
-5.03498
-5.04875
-5.06409
-5.07632
-5.0844
-5.08795
-5.08706
-5.08043
-5.06945
-5.0562
-5.04056
-5.0245
-5.01058
-5.00093
-4.99735
-4.99691
-4.99893
-5.00119
-5.00272
-5.0009
-4.99848
-4.99487
-4.99642
-5.00043
-5.00463
-5.00912
-5.01054
-5.00849
-5.00308
-4.99686
-4.98858
-4.98124
-4.97961
-4.98395
-4.99445
-5.01276
-5.03813
-5.06625
-5.09606
-5.12176
-5.1425
-5.15576
-5.16246
-5.16177
-5.15464
-5.14189
-5.12337
-5.10166
-5.07928
-5.06115
-5.04932
-5.04716
-5.05207
-5.06014
-5.06916
-5.07545
-5.0791
-5.08015
-5.0805
-5.08176
-5.08347
-5.08484
-5.08412
-5.08161
-5.07829
-5.07305
-5.06766
-5.0656
-5.06405
-5.06586
-5.06939
-5.07521
-5.0798
-5.08407
-5.08973
-5.09454
-5.09812
-5.10193
-5.10244
-5.10018
-5.09496
-5.08735
-5.07835
-5.06706
-5.05362
-5.03759
-5.01877
-4.99735
-4.9742
-4.95317
-4.93675
-4.92933
-4.92907
-4.93699
-4.95161
-4.9705
-4.99097
-5.01022
-5.02686
-5.03953
-5.04747
-5.05135
-5.05364
-5.05464
-5.05297
-5.0516
-5.04981
-5.04711
-5.04626
-5.04755
-5.05016
-5.05688
-5.06781
-5.07924
-5.09185
-5.10116
-5.10505
-5.10466
-5.09621
-5.08407
-5.06918
-5.0508
-5.03143
-5.00692
-4.97806
-4.94863
-4.92323
-4.91262
-4.92225
-4.94954
-4.98683
-5.0251
-5.05516
-5.07513
-5.08389
-5.08148
-5.07094
-5.05403
-5.03224
-5.01015
-4.98955
-4.97187
-4.95859
-4.9525
-4.95609
-4.96546
-4.97801
-4.99113
-5.00111
-5.00582
-5.00721
-5.0041
-4.99941
-4.99478
-4.99003
-4.98646
-4.98567
-4.98584
-4.98589
-4.98613
-4.98842
-4.992
-4.99807
-5.00843
-5.02151
-5.03345
-5.04287
-5.0454
-5.0408
-5.0288
-5.01126
-4.98949
-4.96852
-4.95273
-4.94363
-4.94461
-4.95912
-4.986
-5.02374
-5.06458
-5.10336
-5.1368
-5.16061
-5.17553
-5.18299
-5.18598
-5.18902
-5.19452
-5.20142
-5.20739
-5.20741
-5.20105
-5.18873
-5.17354
-5.15891
-5.14843
-5.1456
-5.14857
-5.15764
-5.16945
-5.18061
-5.19141
-5.20105
-5.20606
-5.20797
-5.20601
-5.19802
-5.18677
-5.17222
-5.15641
-5.144
-5.13689
-5.13507
-5.13718
-5.1419
-5.14465
-5.14569
-5.14429
-5.1389
-5.13281
-5.12631
-5.11899
-5.11114
-5.10395
-5.10049
-5.09802
-5.0974
-5.09992
-5.10654
-5.11813
-5.13371
-5.14877
-5.16097
-5.16701
-5.16658
-5.16235
-5.15661
-5.14881
-5.14129
-5.13392
-5.12591
-5.1168
-5.10617
-5.09311
-5.07764
-5.05902
-5.03507
-5.0082
-4.98042
-4.95377
-4.93279
-4.9177
-4.91047
-4.91075
-4.92062
-4.93849
-4.96246
-4.98823
-5.01447
-5.03678
-5.05418
-5.06757
-5.07734
-5.08293
-5.08829
-5.09302
-5.0983
-5.10286
-5.10768
-5.11215
-5.11521
-5.11679
-5.11676
-5.11497
-5.11136
-5.10664
-5.10187
-5.09811
-5.09861
-5.10152
-5.10762
-5.1163
-5.12439
-5.12849
-5.12772
-5.12032
-5.10428
-5.08159
-5.0554
-5.03237
-5.01814
-5.0133
-5.01993
-5.03612
-5.05914
-5.08318
-5.1057
-5.12701
-5.14446
-5.15874
-5.16777
-5.17245
-5.17418
-5.17337
-5.1695
-5.16287
-5.15552
-5.14678
-5.13687
-5.12786
-5.12068
-5.11306
-5.10517
-5.09768
-5.09097
-5.08622
-5.08351
-5.08435
-5.08915
-5.09671
-5.10564
-5.11254
-5.11529
-5.11411
-5.10946
-5.10449
-5.10124
-5.09712
-5.09383
-5.08946
-5.08453
-5.07634
-5.06675
-5.05511
-5.04082
-5.02445
-5.00892
-4.99644
-4.99094
-4.99441
-5.00634
-5.02561
-5.04553
-5.06256
-5.07396
-5.07513
-5.06993
-5.06063
-5.0513
-5.04352
-5.03943
-5.03966
-5.04256
-5.04709
-5.04916
-5.04943
-5.04756
-5.04186
-5.03241
-5.02353
-5.01634
-5.01266
-5.01279
-5.01949
-5.03165
-5.04744
-5.06209
-5.07403
-5.08118
-5.08108
-5.07618
-5.06722
-5.05942
-5.05379
-5.05254
-5.05937
-5.07326
-5.09371
-5.11744
-5.14038
-5.16268
-5.18032
-5.19399
-5.20211
-5.20573
-5.20591
-5.20159
-5.19349
-5.18037
-5.16163
-5.13822
-5.11289
-5.08552
-5.06094
-5.04178
-5.02988
-5.02544
-5.02838
-5.03791
-5.05385
-5.07369
-5.09529
-5.11801
-5.13841
-5.15581
-5.16955
-5.18132
-5.19034
-5.1959
-5.19786
-5.19467
-5.18727
-5.17404
-5.15703
-5.13805
-5.11805
-5.10042
-5.08787
-5.07852
-5.072
-5.06896
-5.06616
-5.06034
-5.05391
-5.04443
-5.0331
-5.02487
-5.02148
-5.02859
-5.04521
-5.06891
-5.09877
-5.13106
-5.16258
-5.18835
-5.20633
-5.21343
-5.21259
-5.2016
-5.18569
-5.1671
-5.14613
-5.12502
-5.10463
-5.08589
-5.0698
-5.05918
-5.05498
-5.05521
-5.05693
-5.05722
-5.0578
-5.05733
-5.05774
-5.05749
-5.05732
-5.05663
-5.05733
-5.05896
-5.06259
-5.06934
-5.0785
-5.08765
-5.09622
-5.10288
-5.10656
-5.10397
-5.09762
-5.08623
-5.06911
-5.0495
-5.02687
-5.00442
-4.9853
-4.97121
-4.96505
-4.96575
-4.97344
-4.98657
-5.00314
-5.02078
-5.03941
-5.05787
-5.07362
-5.08552
-5.09426
-5.0966
-5.09518
-5.08877
-5.07915
-5.0658
-5.05226
-5.03782
-5.02436
-5.01528
-5.01063
-5.01322
-5.02147
-5.03643
-5.0542
-5.07407
-5.09198
-5.10804
-5.11645
-5.11692
-5.11062
-5.09799
-5.08153
-5.06052
-5.03965
-5.02023
-5.0055
-4.99757
-4.99547
-4.99953
-5.00737
-5.01433
-5.02099
-5.02795
-5.0339
-5.04012
-5.04469
-5.04732
-5.04897
-5.04842
-5.04608
-5.04567
-5.0477
-5.04994
-5.05407
-5.05973
-5.06642
-5.07167
-5.07467
-5.07348
-5.0679
-5.0597
-5.04911
-5.04171
-5.03764
-5.03856
-5.04642
-5.06208
-5.0814
-5.10262
-5.12051
-5.13242
-5.13651
-5.13437
-5.12828
-5.1163
-5.10058
-5.0817
-5.0606
-5.04041
-5.01998
-4.99973
-4.98479
-4.97322
-4.96905
-4.97164
-4.98207
-4.99999
-5.02213
-5.04597
-5.06781
-5.08595
-5.0993
-5.10653
-5.10773
-5.10374
-5.09569
-5.08705
-5.07902
-5.07666
-5.07942
-5.08973
-5.10375
-5.11896
-5.13375
-5.14488
-5.1475
-5.14107
-5.12443
-5.098
-5.06567
-5.03402
-5.00796
-4.99337
-4.98983
-4.99594
-5.00737
-5.01943
-5.02827
-5.03412
-5.03649
-5.03557
-5.03208
-5.032
-5.03888
-5.05676
-5.08465
-5.1185
-5.15191
-5.17847
-5.19333
-5.19572
-5.18593
-5.16551
-5.13646
-5.10291
-5.06899
-5.03908
-5.01765
-5.00752
-5.00601
-5.01384
-5.02626
-5.03975
-5.05018
-5.05789
-5.0588
-5.05255
-5.04251
-5.03082
-5.01825
-5.00989
-5.00431
-5.00111
-4.99859
-4.99688
-4.99559
-4.99428
-4.99246
-4.99165
-4.99257
-4.99151
-4.99226
-4.99389
-4.99543
-4.99915
-5.00645
-5.01552
-5.02806
-5.04342
-5.0602
-5.07751
-5.09378
-5.10982
-5.12435
-5.13544
-5.14296
-5.14782
-5.148
-5.14496
-5.1376
-5.12765
-5.11318
-5.09421
-5.06996
-5.04102
-5.01181
-4.98913
-4.97545
-4.9768
-4.99376
-5.02108
-5.0539
-5.08254
-5.10431
-5.11498
-5.11664
-5.10881
-5.09393
-5.07434
-5.05169
-5.02857
-5.01017
-4.99798
-4.99636
-5.0021
-5.01592
-5.03459
-5.05463
-5.07276
-5.08724
-5.10012
-5.11076
-5.12012
-5.1288
-5.13799
-5.14927
-5.16364
-5.18043
-5.19881
-5.21359
-5.225
-5.23273
-5.23452
-5.23147
-5.22323
-5.2086
-5.18549
-5.15768
-5.12803
-5.10171
-5.08441
-5.07856
-5.08333
-5.09574
-5.11469
-5.13308
-5.14836
-5.15772
-5.15622
-5.14817
-5.12984
-5.107
-5.08386
-5.06527
-5.05452
-5.05368
-5.06388
-5.08024
-5.10028
-5.12121
-5.13681
-5.14917
-5.15711
-5.16008
-5.15833
-5.15236
-5.14349
-5.13183
-5.12052
-5.11235
-5.10963
-5.11295
-5.1209
-5.13228
-5.14502
-5.15722
-5.16746
-5.17058
-5.16675
-5.15367
-5.13309
-5.10517
-5.07467
-5.04892
-5.03082
-5.02187
-5.02336
-5.0331
-5.04755
-5.06593
-5.08158
-5.09215
-5.09689
-5.09297
-5.08104
-5.06324
-5.04244
-5.02103
-5.00557
-4.9985
-5.00745
-5.02972
-5.06366
-5.1028
-5.14163
-5.17554
-5.20155
-5.21891
-5.22768
-5.23011
-5.22587
-5.21765
-5.20646
-5.18959
-5.16738
-5.14056
-5.11137
-5.08061
-5.05379
-5.03206
-5.01611
-5.0083
-5.00551
-5.0069
-5.00891
-5.01203
-5.01748
-5.02562
-5.03919
-5.06067
-5.08693
-5.11589
-5.14379
-5.16837
-5.18861
-5.2069
-5.21894
-5.22582
-5.22476
-5.21539
-5.19396
-5.15945
-5.11647
-5.07308
-5.04351
-5.0321
-5.03835
-5.0488
-5.05829
-5.06191
-5.05837
-5.05289
-5.04518
-5.03865
-5.03864
-5.04214
-5.04931
-5.06004
-5.07524
-5.09154
-5.10666
-5.11891
-5.12657
-5.12511
-5.11476
-5.09716
-5.07695
-5.0602
-5.04814
-5.04491
-5.04627
-5.0482
-5.0477
-5.04364
-5.03572
-5.02536
-5.01582
-5.00818
-5.00384
-5.00301
-5.00351
-5.00665
-5.00947
-5.01102
-5.00932
-5.00526
-5.00052
-4.9998
-5.00401
-5.01631
-5.0355
-5.05819
-5.08411
-5.10709
-5.12882
-5.14478
-5.15399
-5.15749
-5.15714
-5.15243
-5.14355
-5.13602
-5.12893
-5.1271
-5.12633
-5.12921
-5.13204
-5.13614
-5.13889
-5.14133
-5.14275
-5.14417
-5.14572
-5.14743
-5.14748
-5.14386
-5.136
-5.1233
-5.10712
-5.08961
-5.07377
-5.06127
-5.05125
-5.04449
-5.03892
-5.03528
-5.03267
-5.03276
-5.03689
-5.04428
-5.05668
-5.07546
-5.09907
-5.12697
-5.15653
-5.18509
-5.20993
-5.22838
-5.23833
-5.23795
-5.22829
-5.21082
-5.18693
-5.16032
-5.13363
-5.11059
-5.09315
-5.08204
-5.07826
-5.08151
-5.08899
-5.09959
-5.10909
-5.1148
-5.11574
-5.11004
-5.09811
-5.08192
-5.06509
-5.04897
-5.037
-5.03106
-5.03141
-5.04192
-5.0591
-5.08291
-5.10985
-5.13976
-5.16831
-5.19082
-5.20709
-5.21386
-5.20866
-5.19226
-5.16464
-5.12791
-5.08698
-5.04452
-5.00746
-4.9781
-4.95891
-4.94915
-4.94454
-4.94589
-4.95323
-4.96522
-4.98038
-4.99789
-5.01559
-5.03369
-5.05039
-5.06242
-5.07067
-5.07621
-5.07942
-5.08101
-5.08328
-5.08771
-5.09331
-5.09977
-5.10526
-5.10971
-5.11315
-5.11077
-5.10421
-5.09176
-5.07379
-5.05242
-5.02944
-5.0105
-4.99846
-4.99611
-5.00174
-5.01233
-5.02575
-5.03627
-5.04418
-5.04718
-5.04569
-5.04097
-5.0336
-5.02565
-5.01887
-5.01509
-5.01209
-5.01226
-5.01616
-5.02108
-5.02523
-5.02535
-5.02335
-5.01785
-5.01154
-5.0067
-5.00598
-5.01113
-5.02451
-5.04455
-5.06923
-5.09531
-5.11938
-5.13743
-5.14963
-5.15688
-5.15914
-5.15819
-5.1532
-5.14742
-5.1412
-5.13463
-5.13044
-5.1279
-5.12734
-5.12861
-5.12994
-5.13038
-5.12804
-5.12448
-5.12075
-5.11636
-5.11167
-5.10882
-5.10598
-5.10384
-5.10005
-5.09459
-5.08843
-5.08078
-5.07694
-5.07742
-5.08249
-5.09223
-5.10484
-5.11898
-5.13374
-5.14495
-5.15238
-5.1513
-5.14041
-5.12035
-5.09541
-5.06718
-5.04333
-5.02685
-5.01778
-5.01606
-5.02125
-5.03057
-5.04429
-5.05739
-5.07003
-5.08127
-5.0902
-5.09619
-5.10066
-5.10319
-5.10019
-5.09515
-5.08674
-5.08054
-5.08016
-5.08918
-5.09805
-5.10366
-5.10414
-5.10709
-5.11824
-5.13591
-5.15099
-5.15812
-5.1508
-5.13227
-5.10435
-5.07044
-5.03799
-5.01393
-5.00198
-5.00356
-5.01696
-5.03752
-5.06018
-5.08039
-5.09501
-5.1046
-5.10873
-5.10903
-5.10699
-5.10436
-5.10039
-5.09789
-5.09495
-5.09002
-5.08609
-5.08416
-5.08574
-5.08905
-5.09127
-5.09279
-5.09001
-5.0826
-5.07093
-5.05853
-5.04635
-5.0373
-5.03538
-5.04044
-5.05014
-5.06367
-5.07635
-5.088
-5.09551
-5.09548
-5.09107
-5.08237
-5.06905
-5.05298
-5.03887
-5.02488
-5.01588
-5.01263
-5.01681
-5.02624
-5.03757
-5.0494
-5.06312
-5.07366
-5.08166
-5.08621
-5.08431
-5.07584
-5.05907
-5.03539
-5.00422
-4.97001
-4.9367
-4.90775
-4.88853
-4.87596
-4.87067
-4.87099
-4.87754
-4.89352
-4.9208
-4.95682
-4.99665
-5.0335
-5.06533
-5.09061
-5.11059
-5.12632
-5.1397
-5.15068
-5.16063
-5.16567
-5.16644
-5.16282
-5.15557
-5.14895
-5.14733
-5.14972
-5.15669
-5.16425
-5.16861
-5.16893
-5.16501
-5.15459
-5.14048
-5.12235
-5.10059
-5.07754
-5.05294
-5.02963
-5.01193
-5.00576
-5.01246
-5.02956
-5.04924
-5.06746
-5.08231
-5.09284
-5.10241
-5.1104
-5.11596
-5.11978
-5.12058
-5.12072
-5.12069
-5.12392
-5.12829
-5.13694
-5.14283
-5.14627
-5.14798
-5.14477
-5.13949
-5.1318
-5.12148
-5.10928
-5.09731
-5.08666
-5.07693
-5.06864
-5.06543
-5.06671
-5.07261
-5.08401
-5.09944
-5.1156
-5.13137
-5.14446
-5.15363
-5.15731
-5.15567
-5.14902
-5.13917
-5.12771
-5.11578
-5.1036
-5.0894
-5.07274
-5.04965
-5.02357
-4.99411
-4.96313
-4.93159
-4.90073
-4.87497
-4.8569
-4.84944
-4.85285
-4.8662
-4.8861
-4.90893
-4.93194
-4.953
-4.97298
-4.99359
-5.01484
-5.04017
-5.07048
-5.10472
-5.13991
-5.17261
-5.19964
-5.21728
-5.22548
-5.22167
-5.21046
-5.19352
-5.17543
-5.16076
-5.15124
-5.1488
-5.15281
-5.15955
-5.16727
-5.17374
-5.17456
-5.17021
-5.1599
-5.14572
-5.12804
-5.11023
-5.09116
-5.07438
-5.06114
-5.05181
-5.04673
-5.04722
-5.05358
-5.06262
-5.07308
-5.0832
-5.09197
-5.09863
-5.10352
-5.10741
-5.11205
-5.11742
-5.12222
-5.12685
-5.12757
-5.12397
-5.1155
-5.10522
-5.09503
-5.09159
-5.09501
-5.102
-5.10959
-5.11582
-5.11859
-5.11675
-5.11186
-5.10378
-5.09435
-5.08198
-5.06996
-5.05578
-5.04279
-5.02941
-5.01469
-4.99608
-4.97558
-4.95645
-4.94403
-4.94096
-4.95137
-4.97014
-4.99686
-5.02643
-5.05464
-5.08019
-5.09803
-5.11026
-5.11755
-5.11988
-5.11744
-5.10861
-5.09417
-5.07689
-5.05935
-5.04371
-5.02938
-5.01318
-4.99419
-4.97599
-4.96603
-4.96881
-4.98696
-5.01354
-5.04154
-5.06535
-5.08073
-5.08616
-5.08376
-5.07521
-5.06505
-5.05551
-5.04859
-5.04843
-5.05323
-5.06365
-5.07831
-5.09068
-5.10072
-5.10489
-5.103
-5.09444
-5.08029
-5.06246
-5.0401
-5.01745
-4.99517
-4.97619
-4.96081
-4.95029
-4.9459
-4.9459
-4.94994
-4.95178
-4.95066
-4.94563
-4.93644
-4.92559
-4.91674
-4.91334
-4.91769
-4.93016
-4.94953
-4.97279
-4.99949
-5.02382
-5.04463
-5.06366
-5.07732
-5.08655
-5.0926
-5.09491
-5.09795
-5.09964
-5.10366
-5.10803
-5.11194
-5.11251
-5.10776
-5.0983
-5.08478
-5.06628
-5.04554
-5.01985
-4.99026
-4.95885
-4.92674
-4.90061
-4.88419
-4.88381
-4.90062
-4.93229
-4.97182
-5.0153
-5.05539
-5.09022
-5.11819
-5.13943
-5.15323
-5.15791
-5.15663
-5.15081
-5.14256
-5.13401
-5.12633
-5.12075
-5.11915
-5.11973
-5.12001
-5.11928
-5.11778
-5.11462
-5.11294
-5.11067
-5.10925
-5.11007
-5.11012
-5.11184
-5.1145
-5.11663
-5.11894
-5.1205
-5.11806
-5.11323
-5.10514
-5.09408
-5.08389
-5.07555
-5.07104
-5.0688
-5.06969
-5.07005
-5.07017
-5.06765
-5.066
-5.0636
-5.06158
-5.06134
-5.05844
-5.05523
-5.04668
-5.02922
-5.00533
-4.97458
-4.9447
-4.92269
-4.91382
-4.9213
-4.93973
-4.96432
-4.99092
-5.01753
-5.0412
-5.06298
-5.0815
-5.098
-5.11443
-5.12394
-5.12526
-5.11799
-5.10159
-5.07664
-5.04986
-5.02558
-5.01101
-5.00964
-5.02156
-5.04237
-5.06706
-5.08883
-5.10506
-5.11514
-5.11862
-5.11612
-5.10618
-5.09215
-5.07821
-5.06534
-5.05882
-5.05893
-5.06468
-5.07565
-5.08594
-5.09723
-5.10312
-5.10302
-5.09784
-5.09029
-5.079
-5.06935
-5.06099
-5.05567
-5.0526
-5.05223
-5.05468
-5.05874
-5.06573
-5.07698
-5.09387
-5.11695
-5.14245
-5.16951
-5.19292
-5.21288
-5.23009
-5.24482
-5.25944
-5.27125
-5.28044
-5.28458
-5.28398
-5.27744
-5.26434
-5.2469
-5.22674
-5.20455
-5.18541
-5.17121
-5.16316
-5.1635
-5.17221
-5.18303
-5.19715
-5.20985
-5.21632
-5.21379
-5.20408
-5.18779
-5.16443
-5.14003
-5.11587
-5.09583
-5.07984
-5.06566
-5.05143
-5.0368
-5.01847
-4.99667
-4.97483
-4.95543
-4.93754
-4.92534
-4.91838
-4.91699
-4.92075
-4.92716
-4.93708
-4.95035
-4.96536
-4.9789
-4.98848
-4.99485
-4.99888
-5.00376
-5.00725
-5.01228
-5.0183
-5.01917
-5.01689
-5.01072
-5.00172
-4.99135
-4.98184
-4.97266
-4.965
-4.96225
-4.96616
-4.97699
-4.99515
-5.02126
-5.05015
-5.08068
-5.1122
-5.14287
-5.17121
-5.19518
-5.21151
-5.21916
-5.21857
-5.21036
-5.19688
-5.18049
-5.16395
-5.14964
-5.1362
-5.12253
-5.10535
-5.0844
-5.06017
-5.03622
-5.01682
-5.00482
-5.00101
-5.00351
-5.01043
-5.0188
-5.02636
-5.03376
-5.03857
-5.04173
-5.04426
-5.0464
-5.05116
-5.0608
-5.07487
-5.09236
-5.10912
-5.12203
-5.12994
-5.13154
-5.12741
-5.12084
-5.11302
-5.10592
-5.10068
-5.0993
-5.10193
-5.11008
-5.12299
-5.13988
-5.15745
-5.17195
-5.18223
-5.1862
-5.1854
-5.17829
-5.16917
-5.1598
-5.14756
-5.13209
-5.11733
-5.10194
-5.09044
-5.08253
-5.08055
-5.08424
-5.09253
-5.10358
-5.11557
-5.12623
-5.13569
-5.14123
-5.14281
-5.14152
-5.13759
-5.13038
-5.12129
-5.11165
-5.10114
-5.09109
-5.08192
-5.07335
-5.06737
-5.06204
-5.05619
-5.04996
-5.04148
-5.03432
-5.02856
-5.02597
-5.02843
-5.03657
-5.04904
-5.0634
-5.08154
-5.10047
-5.12091
-5.14261
-5.16338
-5.18178
-5.19351
-5.19925
-5.19831
-5.19245
-5.18227
-5.16766
-5.14716
-5.12343
-5.09724
-5.06941
-5.0423
-5.01668
-4.99446
-4.97759
-4.97093
-4.97359
-4.98101
-4.98881
-4.99324
-4.99356
-4.98874
-4.9819
-4.97419
-4.97065
-4.96895
-4.97185
-4.97712
-4.98404
-4.98743
-4.98711
-4.97979
-4.9673
-4.95234
-4.9382
-4.9265
-4.92169
-4.92569
-4.93932
-4.96365
-4.99451
-5.02875
-5.06325
-5.0952
-5.12264
-5.14567
-5.16062
-5.16783
-5.16765
-5.16033
-5.14452
-5.12372
-5.09662
-5.06571
-5.03492
-5.00736
-4.98597
-4.97205
-4.96453
-4.96092
-4.95986
-4.96315
-4.97122
-4.98905
-5.0173
-5.05359
-5.09318
-5.13013
-5.1616
-5.18244
-5.19121
-5.18716
-5.17254
-5.14841
-5.11807
-5.08556
-5.05339
-5.02434
-4.99998
-4.98304
-4.97134
-4.96439
-4.96409
-4.96712
-4.97591
-4.98826
-5.00367
-5.02056
-5.0389
-5.05643
-5.07449
-5.0908
-5.10427
-5.11349
-5.11828
-5.11783
-5.11251
-5.10481
-5.09245
-5.07946
-5.06969
-5.06252
-5.0622
-5.07043
-5.08448
-5.1036
-5.12505
-5.14587
-5.16256
-5.17488
-5.18128
-5.18034
-5.17614
-5.16923
-5.15981
-5.14995
-5.14055
-5.13133
-5.12229
-5.11406
-5.10382
-5.08941
-5.07167
-5.05064
-5.03075
-5.01177
-4.99874
-4.99206
-4.99332
-5.00175
-5.01422
-5.02868
-5.04201
-5.05257
-5.05914
-5.06009
-5.05582
-5.04596
-5.03087
-5.01168
-4.98991
-4.96817
-4.94893
-4.9356
-4.93111
-4.93959
-4.96187
-4.99733
-5.04148
-5.08968
-5.13564
-5.17265
-5.19958
-5.21437
-5.21765
-5.21089
-5.19471
-5.17297
-5.14818
-5.1213
-5.09576
-5.07399
-5.05704
-5.04267
-5.0311
-5.01998
-5.00793
-4.99563
-4.98214
-4.96562
-4.95179
-4.93886
-4.93099
-4.928
-4.93086
-4.93933
-4.95171
-4.96386
-4.97388
-4.98431
-4.98798
-4.98626
-4.98075
-4.97251
-4.96555
-4.96532
-4.97549
-4.9959
-5.02538
-5.05666
-5.08383
-5.1033
-5.11674
-5.1214
-5.12178
-5.11565
-5.10459
-5.08685
-5.06647
-5.04725
-5.03272
-5.02645
-5.03035
-5.04306
-5.06061
-5.08113
-5.10304
-5.12319
-5.14184
-5.15909
-5.17145
-5.17924
-5.18017
-5.17112
-5.15261
-5.12507
-5.09069
-5.04908
-5.00471
-4.96106
-4.92219
-4.89134
-4.87023
-4.86088
-4.86223
-4.87208
-4.88798
-4.9077
-4.92706
-4.94719
-4.96631
-4.98399
-5.00042
-5.01431
-5.02869
-5.04249
-5.05514
-5.06614
-5.07411
-5.07832
-5.07972
-5.07838
-5.07649
-5.07435
-5.07507
-5.07855
-5.08441
-5.09481
-5.10796
-5.12279
-5.13843
-5.1539
-5.16964
-5.18417
-5.19652
-5.20485
-5.20913
-5.20984
-5.20471
-5.19493
-5.18239
-5.16496
-5.14436
-5.12126
-5.09707
-5.07347
-5.0477
-5.02034
-4.99439
-4.97218
-4.95561
-4.94728
-4.94487
-4.94512
-4.94775
-4.95353
-4.96407
-4.98098
-5.00154
-5.02439
-5.04665
-5.06602
-5.07996
-5.08699
-5.08812
-5.08304
-5.07184
-5.05476
-5.03676
-5.01999
-5.00792
-5.00171
-5.00375
-5.01082
-5.02008
-5.03009
-5.03741
-5.0433
-5.04852
-5.05327
-5.06091
-5.07245
-5.08886
-5.10867
-5.12976
-5.15036
-5.16913
-5.18293
-5.19365
-5.19933
-5.2023
-5.20283
-5.20106
-5.19768
-5.19311
-5.18718
-5.18208
-5.17581
-5.17071
-5.16478
-5.16193
-5.15979
-5.15828
-5.1565
-5.15512
-5.15292
-5.15034
-5.14649
-5.14277
-5.13903
-5.13579
-5.13249
-5.12772
-5.11863
-5.10831
-5.09436
-5.07867
-5.0654
-5.05385
-5.04572
-5.04125
-5.03958
-5.03936
-5.03962
-5.0421
-5.04549
-5.05003
-5.05775
-5.06884
-5.08177
-5.09223
-5.09751
-5.09322
-5.07859
-5.0538
-5.02388
-4.99389
-4.96995
-4.95845
-4.95922
-4.9729
-4.99493
-5.01957
-5.04098
-5.05854
-5.06829
-5.07184
-5.06903
-5.0615
-5.05255
-5.04471
-5.03665
-5.02849
-5.01684
-5.00207
-4.98496
-4.97025
-4.96384
-4.96851
-4.98308
-5.00509
-5.0304
-5.05394
-5.07573
-5.09307
-5.10594
-5.11506
-5.12083
-5.12323
-5.12098
-5.11539
-5.10766
-5.09723
-5.08232
-5.06604
-5.04867
-5.03198
-5.01903
-5.01085
-5.0108
-5.02042
-5.03907
-5.06574
-5.10014
-5.1382
-5.17363
-5.20211
-5.22176
-5.2319
-5.23155
-5.22264
-5.20928
-5.19487
-5.18415
-5.17612
-5.1723
-5.16738
-5.16106
-5.14916
-5.13438
-5.11535
-5.09654
-5.08005
-5.06936
-5.06435
-5.06391
-5.06467
-5.06661
-5.06631
-5.06569
-5.06586
-5.06848
-5.0732
-5.07845
-5.08106
-5.07731
-5.06693
-5.05089
-5.0325
-5.01463
-5.00021
-4.99322
-4.99719
-5.01195
-5.0314
-5.04889
-5.06104
-5.06673
-5.06824
-5.06604
-5.06261
-5.05705
-5.05191
-5.04846
-5.04904
-5.05503
-5.06367
-5.07692
-5.09377
-5.10981
-5.12362
-5.13209
-5.13448
-5.13011
-5.12216
-5.11115
-5.10081
-5.09174
-5.08698
-5.0877
-5.09492
-5.10672
-5.12123
-5.13665
-5.14922
-5.15757
-5.15936
-5.15581
-5.14755
-5.13591
-5.12171
-5.10588
-5.09154
-5.07852
-5.06892
-5.06275
-5.06172
-5.06279
-5.06893
-5.07895
-5.09213
-5.10708
-5.12067
-5.13275
-5.13923
-5.14321
-5.14131
-5.13784
-5.13395
-5.12982
-5.12606
-5.12379
-5.12416
-5.12401
-5.12143
-5.11286
-5.09933
-5.07865
-5.05268
-5.02519
-5.00121
-4.98344
-4.97439
-4.97495
-4.98442
-4.99966
-5.01685
-5.03202
-5.03942
-5.03503
-5.01736
-4.9876
-4.95263
-4.91763
-4.88929
-4.87197
-4.86654
-4.87501
-4.89521
-4.92335
-4.95842
-4.99555
-5.03547
-5.07291
-5.10727
-5.13405
-5.15374
-5.16375
-5.16331
-5.15068
-5.1289
-5.09817
-5.06331
-5.02942
-5.00181
-4.98143
-4.97116
-4.97014
-4.97916
-4.99745
-5.02429
-5.05369
-5.08265
-5.10427
-5.11829
-5.12323
-5.12162
-5.11637
-5.11005
-5.10608
-5.09968
-5.09101
-5.07649
-5.05981
-5.04001
-5.02203
-5.00761
-4.99908
-4.99991
-5.0087
-5.02511
-5.04627
-5.07059
-5.09564
-5.11677
-5.13154
-5.13908
-5.13768
-5.12929
-5.11572
-5.09897
-5.08063
-5.06519
-5.05343
-5.04703
-5.04598
-5.05204
-5.06322
-5.08169
-5.10354
-5.1258
-5.14556
-5.16075
-5.17261
-5.17849
-5.18008
-5.17765
-5.17163
-5.1623
-5.15351
-5.14252
-5.13078
-5.11764
-5.10349
-5.08752
-5.07093
-5.05481
-5.04166
-5.03314
-5.0311
-5.0378
-5.04867
-5.06023
-5.06894
-5.07204
-5.06829
-5.05823
-5.04407
-5.02606
-5.00892
-4.99439
-4.98437
-4.98333
-4.99222
-5.00738
-5.02742
-5.04928
-5.0725
-5.09663
-5.12203
-5.14563
-5.1696
-5.18947
-5.20523
-5.21467
-5.21482
-5.20686
-5.18696
-5.15978
-5.12737
-5.09444
-5.06493
-5.04329
-5.02726
-5.01532
-5.00548
-5.0014
-5.00064
-5.00718
-5.02031
-5.03928
-5.06164
-5.08324
-5.10488
-5.1195
-5.12904
-5.13249
-5.13005
-5.12265
-5.11045
-5.09483
-5.07918
-5.06219
-5.04633
-5.03026
-5.01802
-5.0114
-5.01213
-5.02002
-5.0389
-5.06334
-5.09235
-5.12387
-5.15268
-5.17873
-5.20147
-5.21624
-5.22061
-5.21593
-5.20144
-5.17919
-5.1507
-5.12234
-5.09676
-5.08117
-5.08161
-5.09836
-5.12609
-5.15716
-5.18337
-5.19953
-5.20764
-5.20606
-5.19693
-5.18063
-5.15865
-5.13359
-5.10626
-5.07866
-5.05344
-5.03396
-5.01875
-5.00955
-5.00742
-5.00772
-5.01066
-5.01599
-5.02093
-5.02904
-5.04051
-5.05948
-5.08209
-5.10902
-5.1353
-5.15739
-5.17136
-5.17516
-5.16618
-5.14658
-5.11743
-5.0807
-5.04009
-4.99917
-4.96104
-4.93045
-4.91066
-4.90293
-4.90427
-4.91543
-4.93524
-4.96076
-4.99057
-5.01962
-5.04646
-5.06608
-5.07823
-5.08126
-5.07444
-5.06104
-5.0467
-5.03596
-5.03371
-5.03839
-5.05133
-5.06814
-5.08528
-5.10406
-5.12496
-5.14644
-5.1653
-5.17976
-5.18591
-5.18195
-5.16787
-5.14319
-5.11096
-5.07507
-5.04003
-5.01188
-4.99411
-4.98753
-4.99015
-4.99928
-5.01114
-5.02393
-5.03576
-5.04476
-5.05108
-5.05522
-5.0571
-5.05723
-5.05629
-5.05525
-5.05445
-5.05398
-5.05478
-5.05747
-5.06289
-5.07076
-5.08048
-5.0913
-5.10317
-5.11403
-5.12408
-5.13318
-5.13993
-5.1443
-5.14745
-5.15001
-5.14934
-5.14781
-5.14326
-5.13431
-5.12251
-5.10685
-5.0875
-5.06609
-5.04309
-5.0159
-4.98798
-4.95895
-4.9319
-4.90759
-4.88993
-4.8831
-4.88995
-4.91154
-4.94556
-4.98677
-5.02827
-5.06386
-5.0917
-5.10793
-5.11392
-5.11182
-5.10291
-5.08859
-5.07266
-5.05878
-5.04853
-5.04279
-5.04238
-5.04663
-5.05268
-5.05832
-5.06185
-5.06623
-5.07266
-5.07902
-5.08749
-5.09605
-5.1025
-5.10447
-5.10065
-5.09065
-5.08007
-5.07365
-5.07411
-5.08078
-5.09158
-5.10419
-5.11904
-5.13071
-5.13818
-5.13946
-5.13683
-5.12999
-5.12187
-5.11396
-5.10589
-5.1004
-5.09427
-5.08989
-5.08625
-5.08346
-5.08214
-5.08534
-5.09365
-5.10619
-5.11954
-5.13129
-5.13735
-5.13501
-5.12488
-5.10781
-5.08505
-5.05646
-5.02507
-4.99292
-4.96438
-4.94004
-4.92517
-4.91712
-4.9194
-4.93059
-4.95035
-4.97708
-5.00642
-5.03548
-5.06395
-5.0868
-5.10369
-5.11131
-5.11071
-5.10226
-5.08742
-5.07027
-5.05633
-5.0495
-5.05155
-5.06037
-5.07277
-5.08612
-5.09669
-5.10456
-5.11033
-5.11396
-5.11566
-5.11757
-5.1201
-5.1206
-5.11955
-5.11588
-5.11074
-5.10127
-5.09228
-5.08396
-5.07924
-5.07845
-5.08181
-5.08764
-5.09239
-5.09368
-5.08936
-5.08044
-5.06888
-5.05713
-5.04803
-5.04196
-5.03802
-5.03872
-5.04269
-5.04853
-5.057
-5.06532
-5.07243
-5.07867
-5.08143
-5.08305
-5.08427
-5.08356
-5.08365
-5.08498
-5.08801
-5.09008
-5.09074
-5.0901
-5.08724
-5.08387
-5.08401
-5.08838
-5.09886
-5.111
-5.12352
-5.1332
-5.1408
-5.14738
-5.15195
-5.15601
-5.15955
-5.16185
-5.15948
-5.15261
-5.14244
-5.12855
-5.1122
-5.09647
-5.08269
-5.07269
-5.0671
-5.0646
-5.06208
-5.06095
-5.06079
-5.06204
-5.06568
-5.07165
-5.08181
-5.09234
-5.10488
-5.11723
-5.12957
-5.13829
-5.14335
-5.14752
-5.14826
-5.1475
-5.14509
-5.14173
-5.13635
-5.1273
-5.11584
-5.10188
-5.08605
-5.07299
-5.06401
-5.05896
-5.05956
-5.06412
-5.07306
-5.08789
-5.10882
-5.13107
-5.15189
-5.1683
-5.18066
-5.18762
-5.18879
-5.18464
-5.17258
-5.1554
-5.13589
-5.11583
-5.09799
-5.08476
-5.07795
-5.07575
-5.07772
-5.079
-5.07755
-5.07242
-5.06248
-5.04922
-5.03482
-5.02145
-5.0113
-5.00438
-5.00275
-5.00915
-5.02057
-5.03821
-5.0586
-5.07716
-5.09236
-5.10048
-5.10255
-5.09624
-5.08515
-5.07179
-5.06045
-5.05396
-5.05474
-5.06281
-5.0753
-5.0905
-5.10488
-5.11993
-5.13154
-5.1385
-5.13525
-5.1199
-5.08889
-5.04597
-4.99712
-4.95408
-4.92419
-4.9116
-4.91201
-4.92069
-4.93167
-4.94382
-4.95614
-4.96792
-4.97947
-4.98991
-4.9984
-5.0048
-5.00994
-5.01591
-5.0234
-5.03356
-5.04596
-5.06086
-5.07421
-5.0844
-5.0876
-5.08321
-5.07083
-5.05067
-5.02761
-5.00532
-4.98574
-4.97138
-4.96211
-4.95802
-4.96061
-4.96627
-4.9772
-4.99201
-5.01086
-5.03566
-5.0653
-5.09604
-5.12463
-5.1476
-5.1646
-5.1738
-5.17657
-5.17496
-5.17187
-5.1668
-5.16089
-5.1531
-5.14014
-5.12536
-5.10668
-5.08971
-5.07688
-5.07167
-5.07452
-5.08338
-5.09605
-5.1097
-5.1206
-5.12951
-5.13591
-5.14035
-5.14301
-5.14761
-5.15011
-5.15287
-5.15747
-5.16293
-5.1688
-5.17715
-5.18404
-5.18923
-5.19244
-5.19492
-5.19426
-5.18991
-5.18258
-5.17269
-5.16163
-5.14907
-5.13553
-5.11998
-5.10539
-5.08906
-5.07288
-5.05808
-5.04418
-5.0333
-5.02379
-5.01393
-5.00223
-4.99149
-4.98101
-4.97274
-4.96774
-4.96754
-4.9719
-4.98164
-4.99418
-5.00561
-5.01634
-5.02457
-5.03163
-5.03722
-5.04315
-5.04866
-5.05416
-5.06087
-5.06644
-5.07087
-5.07391
-5.07702
-5.07796
-5.07882
-5.07929
-5.07748
-5.07209
-5.06397
-5.05158
-5.03528
-5.01591
-4.99553
-4.97711
-4.96215
-4.95385
-4.95179
-4.95678
-4.96704
-4.98241
-5.0004
-5.01865
-5.03479
-5.04703
-5.05524
-5.05906
-5.05771
-5.05245
-5.04272
-5.02881
-5.01283
-4.99972
-4.99177
-4.98881
-4.9911
-4.99738
-5.00885
-5.02239
-5.03749
-5.05431
-5.06805
-5.08014
-5.08883
-5.09626
-5.10446
-5.1127
-5.12239
-5.1337
-5.14212
-5.14436
-5.13938
-5.12582
-5.10703
-5.08402
-5.06137
-5.04097
-5.0223
-5.00725
-4.99445
-4.98581
-4.98278
-4.98726
-5.00068
-5.02179
-5.04578
-5.06965
-5.09066
-5.10764
-5.11975
-5.12764
-5.13056
-5.12477
-5.11272
-5.09261
-5.06358
-5.02742
-4.99055
-4.95452
-4.92674
-4.90844
-4.90424
-4.91065
-4.92741
-4.94834
-4.97202
-4.99619
-5.01849
-5.03783
-5.05126
-5.05747
-5.05512
-5.04824
-5.03785
-5.03145
-5.03121
-5.03624
-5.04455
-5.05216
-5.05877
-5.06268
-5.06807
-5.07447
-5.08513
-5.09991
-5.11989
-5.14294
-5.16533
-5.18239
-5.19212
-5.19414
-5.18636
-5.17249
-5.15057
-5.12572
-5.09911
-5.07573
-5.05653
-5.04362
-5.03724
-5.03346
-5.03355
-5.0326
-5.03238
-5.03142
-5.02894
-5.02432
-5.01932
-5.01436
-5.01094
-5.0092
-5.00937
-5.00836
-5.00581
-4.99755
-4.98308
-4.9638
-4.94264
-4.92264
-4.90978
-4.90867
-4.92033
-4.94063
-4.96609
-4.9934
-5.0214
-5.04959
-5.07767
-5.10455
-5.12631
-5.14078
-5.14554
-5.14056
-5.12708
-5.10935
-5.08836
-5.06941
-5.0513
-5.03716
-5.02832
-5.02785
-5.03848
-5.06117
-5.09196
-5.12726
-5.1637
-5.19746
-5.22499
-5.24487
-5.2585
-5.26439
-5.26645
-5.26412
-5.2597
-5.25285
-5.24465
-5.234
-5.21731
-5.19392
-5.16079
-5.12203
-5.08108
-5.04727
-5.02972
-5.03009
-5.04799
-5.07818
-5.11176
-5.14223
-5.16599
-5.1797
-5.18178
-5.17336
-5.15461
-5.13074
-5.10601
-5.08502
-5.06898
-5.05928
-5.05584
-5.05792
-5.06687
-5.08087
-5.09964
-5.12354
-5.15043
-5.17728
-5.20006
-5.21796
-5.22989
-5.23722
-5.24193
-5.24128
-5.24023
-5.23889
-5.23776
-5.23624
-5.2323
-5.2259
-5.21427
-5.19845
-5.17851
-5.15917
-5.14428
-5.13513
-5.13465
-5.13879
-5.14347
-5.14745
-5.14704
-5.14197
-5.13477
-5.12619
-5.11597
-5.10501
-5.09257
-5.07956
-5.06516
-5.05254
-5.04356
-5.03756
-5.03492
-5.03402
-5.03499
-5.03384
-5.03072
-5.02701
-5.01989
-5.01169
-4.99952
-4.98608
-4.97497
-4.96867
-4.96912
-4.9788
-4.99548
-5.01762
-5.04517
-5.07407
-5.10263
-5.12988
-5.15109
-5.16407
-5.16863
-5.16242
-5.15095
-5.13774
-5.12977
-5.13209
-5.14041
-5.15291
-5.16303
-5.16776
-5.16655
-5.15909
-5.14654
-5.13103
-5.11412
-5.09877
-5.08537
-5.07789
-5.07314
-5.07183
-5.07087
-5.06851
-5.06527
-5.06223
-5.05794
-5.05574
-5.05301
-5.05226
-5.05311
-5.05552
-5.06011
-5.06591
-5.07319
-5.08279
-5.09244
-5.10212
-5.10991
-5.11447
-5.11718
-5.11766
-5.11738
-5.11813
-5.12034
-5.12519
-5.12853
-5.13003
-5.12741
-5.11845
-5.10217
-5.07943
-5.05274
-5.0245
-5.00018
-4.98005
-4.97082
-4.9723
-4.9815
-4.99608
-5.01287
-5.02721
-5.03753
-5.04301
-5.04522
-5.04112
-5.03436
-5.02736
-5.02248
-5.02161
-5.0258
-5.0359
-5.05107
-5.06786
-5.08275
-5.09482
-5.10003
-5.10042
-5.0988
-5.09539
-5.0899
-5.08557
-5.08099
-5.07394
-5.06591
-5.05714
-5.04921
-5.04201
-5.0375
-5.03892
-5.04216
-5.04723
-5.0535
-5.05977
-5.06359
-5.0645
-5.06159
-5.0534
-5.0425
-5.0307
-5.01884
-5.01109
-5.00992
-5.01393
-5.01991
-5.02281
-5.0241
-5.02335
-5.02446
-5.03001
-5.04009
-5.05303
-5.06715
-5.07956
-5.08913
-5.09291
-5.09289
-5.08816
-5.08113
-5.07188
-5.06395
-5.05538
-5.04701
-5.03852
-5.02893
-5.02046
-5.01342
-5.00771
-5.00476
-5.00147
-4.99622
-4.9869
-4.97482
-4.96483
-4.95661
-4.95405
-4.96
-4.97389
-4.99205
-5.01052
-5.02691
-5.0379
-5.04248
-5.04023
-5.03153
-5.01862
-5.0029
-4.98826
-4.97713
-4.96903
-4.96613
-4.96895
-4.97971
-4.99696
-5.01788
-5.04001
-5.05694
-5.06996
-5.08005
-5.08921
-5.09872
-5.10646
-5.11096
-5.11035
-5.10465
-5.09814
-5.09364
-5.09224
-5.09483
-5.10105
-5.109
-5.11627
-5.12194
-5.12545
-5.12685
-5.12672
-5.12648
-5.12442
-5.11996
-5.10968
-5.09373
-5.0738
-5.05548
-5.04263
-5.03675
-5.03766
-5.04141
-5.0447
-5.04734
-5.04584
-5.04582
-5.04587
-5.04624
-5.04901
-5.05141
-5.05487
-5.05684
-5.0588
-5.05908
-5.05844
-5.06028
-5.06417
-5.07064
-5.08055
-5.09237
-5.10646
-5.12169
-5.1376
-5.15385
-5.16498
-5.17004
-5.16278
-5.14585
-5.12151
-5.09187
-5.06247
-5.03437
-5.00915
-4.98933
-4.97178
-4.96335
-4.96521
-4.97393
-4.98726
-5.00136
-5.01652
-5.03023
-5.04256
-5.05536
-5.06679
-5.07981
-5.09328
-5.10344
-5.10999
-5.11033
-5.10564
-5.09485
-5.08105
-5.06625
-5.05374
-5.04682
-5.04594
-5.05245
-5.06441
-5.0806
-5.09872
-5.11682
-5.1329
-5.14596
-5.1554
-5.1612
-5.16035
-5.15641
-5.14767
-5.13531
-5.11734
-5.09746
-5.07686
-5.05745
-5.04245
-5.03372
-5.02921
-5.02681
-5.02592
-5.02456
-5.01989
-5.0132
-5.00312
-4.99216
-4.98019
-4.97014
-4.9615
-4.9571
-4.95591
-4.95575
-4.9575
-4.95704
-4.95751
-4.96117
-4.96754
-4.97775
-4.99057
-5.00878
-5.03085
-5.05765
-5.08521
-5.10873
-5.1262
-5.13531
-5.1357
-5.1302
-5.11884
-5.10476
-5.08902
-5.07487
-5.06036
-5.04825
-5.0361
-5.02484
-5.01304
-4.99989
-4.98621
-4.97514
-4.96698
-4.96315
-4.96378
-4.96933
-4.98033
-4.99425
-5.01015
-5.02475
-5.03531
-5.04154
-5.04203
-5.04072
-5.03977
-5.04017
-5.04595
-5.05724
-5.07221
-5.09195
-5.11177
-5.13173
-5.14924
-5.16289
-5.17007
-5.17157
-5.17068
-5.16707
-5.164
-5.15988
-5.15817
-5.15709
-5.15662
-5.15754
-5.15656
-5.15188
-5.13943
-5.11913
-5.08871
-5.05281
-5.01435
-4.98038
-4.95658
-4.94586
-4.9486
-4.96139
-4.98355
-5.01197
-5.04084
-5.06843
-5.0921
-5.10772
-5.11338
-5.10953
-5.09618
-5.07597
-5.05119
-5.0241
-5.00034
-4.97842
-4.96026
-4.94726
-4.94015
-4.94152
-4.95234
-4.97194
-4.99506
-5.0235
-5.05043
-5.0738
-5.09113
-5.10144
-5.10509
-5.09848
-5.08726
-5.06924
-5.04686
-5.02293
-4.99954
-4.97905
-4.96206
-4.9515
-4.94686
-4.95285
-4.96937
-4.99408
-5.02469
-5.05801
-5.09065
-5.12042
-5.14731
-5.16844
-5.18319
-5.19289
-5.19433
-5.19022
-5.17774
-5.15776
-5.13022
-5.10007
-5.07254
-5.05228
-5.04468
-5.0509
-5.06668
-5.08838
-5.11063
-5.12954
-5.14262
-5.14694
-5.14672
-5.14199
-5.13254
-5.12015
-5.10668
-5.0909
-5.07712
-5.06786
-5.0638
-5.06561
-5.07186
-5.07642
-5.07983
-5.07895
-5.07646
-5.07222
-5.07025
-5.07101
-5.07454
-5.07837
-5.0811
-5.0801
-5.07422
-5.06303
-5.05006
-5.03595
-5.02394
-5.01592
-5.01092
-5.00949
-5.00734
-5.00343
-4.99925
-4.99702
-4.99669
-5.00023
-5.00674
-5.01337
-5.01827
-5.01921
-5.01664
-5.00963
-4.9999
-4.99082
-4.98416
-4.98118
-4.97915
-4.9771
-4.97416
-4.96753
-4.96026
-4.95399
-4.95009
-4.94971
-4.95617
-4.96757
-4.98188
-4.99747
-5.01186
-5.0252
-5.03716
-5.04779
-5.05827
-5.0672
-5.07525
-5.0797
-5.08233
-5.08363
-5.08296
-5.0846
-5.09163
-5.10029
-5.1102
-5.11967
-5.12541
-5.12666
-5.12725
-5.12542
-5.12399
-5.1243
-5.12506
-5.12532
-5.12466
-5.12017
-5.11561
-5.10733
-5.09939
-5.09109
-5.08403
-5.07862
-5.07671
-5.07747
-5.08225
-5.08898
-5.09369
-5.09558
-5.09163
-5.07954
-5.06112
-5.04039
-5.01854
-5.00208
-4.99123
-4.98837
-4.99283
-5.00276
-5.01565
-5.03147
-5.04749
-5.0651
-5.07936
-5.09146
-5.10037
-5.10492
-5.10632
-5.10827
-5.10953
-5.11036
-5.10965
-5.10509
-5.09591
-5.08091
-5.05937
-5.03021
-5.00058
-4.97679
-4.96961
-4.98294
-5.01305
-5.0498
-5.08445
-5.10964
-5.12119
-5.12059
-5.11131
-5.09759
-5.0837
-5.07071
-5.06187
-5.05831
-5.05922
-5.06464
-5.07377
-5.08343
-5.09323
-5.09815
-5.0965
-5.0883
-5.07666
-5.06302
-5.05297
-5.04937
-5.05325
-5.06281
-5.07482
-5.08835
-5.10349
-5.11726
-5.12974
-5.14012
-5.14737
-5.15177
-5.15213
-5.14857
-5.13948
-5.12414
-5.10505
-5.08461
-5.06586
-5.05287
-5.04751
-5.04697
-5.0519
-5.06065
-5.06808
-5.07183
-5.07174
-5.06515
-5.05192
-5.03292
-5.01373
-4.99934
-4.9918
-4.99232
-4.99976
-5.01233
-5.02373
-5.03102
-5.0313
-5.02649
-5.01959
-5.01292
-5.00806
-5.00543
-5.00875
-5.01813
-5.03234
-5.05055
-5.0721
-5.09286
-5.11103
-5.12414
-5.12983
-5.12791
-5.11753
-5.10068
-5.07896
-5.05891
-5.04161
-5.03138
-5.02785
-5.03023
-5.03578
-5.04146
-5.04517
-5.04776
-5.04924
-5.05167
-5.05504
-5.0614
-5.06776
-5.07516
-5.08022
-5.08046
-5.07693
-5.06762
-5.0535
-5.03702
-5.01888
-5.00289
-4.99272
-4.98995
-4.99375
-5.00299
-5.01425
-5.02658
-5.03963
-5.0517
-5.06259
-5.07398
-5.08604
-5.09937
-5.11315
-5.12702
-5.1411
-5.15584
-5.17189
-5.19013
-5.20901
-5.22408
-5.23592
-5.24152
-5.23941
-5.23046
-5.21735
-5.20393
-5.19394
-5.18865
-5.18526
-5.1803
-5.16879
-5.15063
-5.12356
-5.09199
-5.05664
-5.02354
-4.99558
-4.98091
-4.97802
-4.98894
-5.01086
-5.04087
-5.07336
-5.1049
-5.13048
-5.14588
-5.15308
-5.15302
-5.14625
-5.13621
-5.12819
-5.12021
-5.11175
-5.10529
-5.10216
-5.10283
-5.10873
-5.11944
-5.13439
-5.15093
-5.16565
-5.17549
-5.17988
-5.1781
-5.17004
-5.15675
-5.13645
-5.11172
-5.08342
-5.05243
-5.02766
-5.01455
-5.0136
-5.02303
-5.03726
-5.05025
-5.05891
-5.06567
-5.07132
-5.07627
-5.08105
-5.08396
-5.08536
-5.08557
-5.08381
-5.08388
-5.08408
-5.0865
-5.09188
-5.09922
-5.11086
-5.12413
-5.13817
-5.15136
-5.16415
-5.17091
-5.17607
-5.17941
-5.18092
-5.17797
-5.17302
-5.16517
-5.1558
-5.14193
-5.1262
-5.1055
-5.0818
-5.0562
-5.02927
-5.00309
-4.9802
-4.96234
-4.95126
-4.94808
-4.95051
-4.96075
-4.97638
-4.99586
-5.01859
-5.04171
-5.06408
-5.08376
-5.09955
-5.10957
-5.11242
-5.1073
-5.09551
-5.08245
-5.07044
-5.06062
-5.05402
-5.0495
-5.05044
-5.05595
-5.06623
-5.08118
-5.09824
-5.11528
-5.13112
-5.14258
-5.15047
-5.15548
-5.1574
-5.16048
-5.16627
-5.17352
-5.17952
-5.18456
-5.18445
-5.17794
-5.16526
-5.14455
-5.11995
-5.09395
-5.0708
-5.05553
-5.04926
-5.05105
-5.06156
-5.07695
-5.0967
-5.11484
-5.13048
-5.14144
-5.14736
-5.1474
-5.14181
-5.13224
-5.12138
-5.10974
-5.09754
-5.08616
-5.07457
-5.06304
-5.05342
-5.04842
-5.04922
-5.05662
-5.06974
-5.08285
-5.09314
-5.10354
-5.11363
-5.12021
-5.12228
-5.11936
-5.11211
-5.10226
-5.09085
-5.08018
-5.07274
-5.06668
-5.0632
-5.05812
-5.04965
-5.03487
-5.01149
-4.98078
-4.94744
-4.91881
-4.90004
-4.8947
-4.90311
-4.92353
-4.95169
-4.98207
-5.01247
-5.03819
-5.0562
-5.06265
-5.0601
-5.04929
-5.03502
-5.02118
-5.01258
-5.00931
-5.0107
-5.01517
-5.01844
-5.02041
-5.01913
-5.01592
-5.01237
-5.01013
-5.01155
-5.01748
-5.02791
-5.04145
-5.057
-5.07035
-5.07923
-5.08509
-5.08678
-5.08591
-5.08288
-5.07809
-5.07436
-5.07225
-5.07107
-5.07159
-5.07181
-5.07041
-5.06524
-5.05731
-5.04903
-5.04101
-5.03761
-5.03648
-5.04148
-5.05112
-5.06411
-5.07859
-5.09072
-5.09826
-5.09806
-5.08943
-5.07455
-5.0548
-5.03328
-5.01247
-4.99424
-4.98171
-4.97773
-4.9828
-4.99457
-5.01173
-5.03175
-5.05119
-5.07214
-5.09444
-5.11712
-5.14149
-5.16572
-5.18724
-5.20417
-5.21224
-5.21071
-5.20145
-5.18482
-5.16411
-5.14072
-5.11711
-5.09241
-5.06966
-5.04842
-5.03171
-5.01849
-5.00936
-5.00157
-4.99717
-4.99458
-4.99456
-4.99541
-4.99449
-4.99208
-4.98927
-4.98664
-4.9883
-4.99528
-5.0084
-5.02795
-5.05112
-5.07971
-5.11061
-5.14396
-5.17794
-5.21165
-5.24215
-5.26643
-5.28386
-5.29449
-5.29825
-5.29396
-5.28088
-5.26035
-5.2335
-5.2006
-5.16439
-5.12455
-5.08336
-5.04414
-5.00837
-4.97929
-4.95821
-4.94533
-4.94212
-4.9465
-4.95684
-4.97498
-4.99942
-5.02677
-5.05639
-5.08625
-5.11296
-5.13379
-5.14664
-5.15236
-5.1493
-5.13875
-5.11929
-5.09228
-5.06044
-5.02637
-4.99291
-4.96224
-4.9396
-4.92613
-4.92129
-4.92395
-4.93071
-4.9414
-4.95196
-4.96265
-4.97361
-4.98265
-4.99109
-5.00079
-5.0164
-5.04011
-5.07197
-5.10536
-5.13183
-5.14542
-5.14394
-5.12862
-5.10662
-5.08246
-5.06299
-5.05028
-5.04947
-5.05933
-5.07895
-5.10229
-5.12388
-5.1385
-5.14355
-5.13856
-5.12587
-5.10836
-5.0892
-5.06979
-5.05379
-5.0414
-5.03389
-5.03301
-5.03912
-5.0524
-5.07496
-5.10409
-5.13682
-5.1663
-5.18926
-5.2009
-5.20173
-5.19267
-5.17691
-5.15638
-5.13574
-5.11562
-5.09894
-5.08615
-5.07428
-5.06441
-5.05361
-5.04176
-5.02866
-5.0162
-5.00622
-4.99919
-4.99858
-5.00347
-5.01081
-5.02284
-5.03835
-5.05694
-5.07825
-5.10125
-5.12283
-5.14107
-5.15299
-5.1589
-5.15606
-5.14898
-5.13814
-5.12403
-5.10711
-5.08842
-5.06912
-5.0501
-5.03123
-5.01418
-5.00009
-4.99097
-4.98577
-4.98532
-4.98839
-4.99562
-5.00695
-5.02205
-5.04035
-5.06105
-5.08338
-5.10566
-5.12297
-5.13469
-5.13796
-5.13488
-5.12458
-5.10893
-5.09244
-5.07829
-5.06752
-5.06247
-5.05892
-5.05286
-5.04003
-5.02149
-4.99948
-4.97841
-4.96274
-4.95799
-4.96517
-4.98234
-5.00464
-5.02898
-5.05007
-5.06652
-5.07805
-5.08014
-5.07267
-5.05749
-5.03588
-5.01292
-4.99143
-4.97576
-4.96682
-4.96518
-4.9686
-4.97492
-4.98161
-4.98756
-4.99218
-4.99543
-5.00107
-5.00451
-5.00695
-5.00662
-5.00152
-4.9937
-4.98118
-4.96811
-4.95536
-4.94358
-4.93453
-4.93041
-4.9281
-4.92861
-4.93042
-4.93629
-4.94792
-4.96374
-4.98333
-5.00134
-5.01469
-5.02215
-5.02427
-5.02314
-5.02056
-5.01487
-5.00829
-4.99876
-4.98737
-4.97603
-4.96417
-4.95335
-4.9438
-4.93497
-4.92919
-4.92734
-4.93353
-4.94945
-4.9742
-5.00985
-5.05275
-5.0979
-5.14204
-5.18239
-5.21488
-5.23827
-5.25185
-5.25377
-5.2474
-5.23464
-5.2167
-5.19491
-5.16999
-5.14003
-5.10848
-5.07679
-5.04974
-5.02575
-5.00415
-4.98261
-4.96543
-4.95343
-4.9486
-4.95265
-4.96224
-4.97706
-4.99334
-5.01015
-5.02826
-5.04843
-5.07
-5.09141
-5.11299
-5.13212
-5.14777
-5.15755
-5.16452
-5.1703
-5.17463
-5.17632
-5.17431
-5.16965
-5.15985
-5.14662
-5.13187
-5.11588
-5.10141
-5.08827
-5.07672
-5.0644
-5.05263
-5.04328
-5.03683
-5.03577
-5.04172
-5.05389
-5.07209
-5.09042
-5.10633
-5.11764
-5.12301
-5.12247
-5.11621
-5.10582
-5.0919
-5.07437
-5.05583
-5.03549
-5.02044
-5.01366
-5.01793
-5.03112
-5.04854
-5.07016
-5.09164
-5.11166
-5.12891
-5.1416
-5.15065
-5.15485
-5.15479
-5.15204
-5.14929
-5.14604
-5.14347
-5.1408
-5.13446
-5.12834
-5.12082
-5.11456
-5.11013
-5.10698
-5.10294
-5.10001
-5.09655
-5.09178
-5.08631
-5.08266
-5.08045
-5.07997
-5.07528
-5.06409
-5.04507
-5.02018
-4.99675
-4.98154
-4.98415
-5.00474
-5.03989
-5.07958
-5.1131
-5.13124
-5.13269
-5.11742
-5.09192
-5.06676
-5.04807
-5.03531
-5.02816
-5.02101
-5.01269
-5.00542
-4.99854
-4.99043
-4.98175
-4.96756
-4.95097
-4.93334
-4.91844
-4.91083
-4.9118
-4.92075
-4.93669
-4.95804
-4.98115
-5.00497
-5.02834
-5.05056
-5.07134
-5.09138
-5.11173
-5.13132
-5.14855
-5.16421
-5.17714
-5.18478
-5.19072
-5.19313
-5.19444
-5.19288
-5.1906
-5.18739
-5.18402
-5.17663
-5.1664
-5.15147
-5.13209
-5.11071
-5.08859
-5.06975
-5.05313
-5.04145
-5.03686
-5.03918
-5.0462
-5.05641
-5.06767
-5.08123
-5.09863
-5.11591
-5.1351
-5.15385
-5.17005
-5.18221
-5.18988
-5.19231
-5.18859
-5.18032
-5.16856
-5.15185
-5.12916
-5.09855
-5.06185
-5.0186
-4.97776
-4.94409
-4.92256
-4.91514
-4.91926
-4.93096
-4.9473
-4.96526
-4.98264
-4.99815
-5.01518
-5.03382
-5.05167
-5.06874
-5.08296
-5.09228
-5.09395
-5.09013
-5.08012
-5.06713
-5.05274
-5.04143
-5.03578
-5.03689
-5.04241
-5.04696
-5.04805
-5.04447
-5.03413
-5.01764
-5.00215
-4.98841
-4.98103
-4.98482
-4.99716
-5.01729
-5.04404
-5.07323
-5.10338
-5.13303
-5.16073
-5.18385
-5.20188
-5.21565
-5.22451
-5.22892
-5.22793
-5.22373
-5.21617
-5.20546
-5.19065
-5.17418
-5.1559
-5.13718
-5.11936
-5.10221
-5.08688
-5.07332
-5.0645
-5.06223
-5.06658
-5.07807
-5.0952
-5.11716
-5.1402
-5.16199
-5.18127
-5.1921
-5.1943
-5.1869
-5.17297
-5.15737
-5.14636
-5.14143
-5.14102
-5.14042
-5.14117
-5.14096
-5.14043
-5.13526
-5.12593
-5.10767
-5.08145
-5.04849
-5.01309
-4.97965
-4.95384
-4.94316
-4.94755
-4.96146
-4.98074
-5.00133
-5.02173
-5.0405
-5.05597
-5.06839
-5.0789
-5.08561
-5.0881
-5.08861
-5.08803
-5.08472
-5.08364
-5.08664
-5.09153
-5.09603
-5.09696
-5.09154
-5.08159
-5.07026
-5.06546
-5.07101
-5.08723
-5.11037
-5.13527
-5.15771
-5.17627
-5.18627
-5.18809
-5.18313
-5.17003
-5.14946
-5.1234
-5.09316
-5.06073
-5.02932
-5.00039
-4.97533
-4.95696
-4.94542
-4.94002
-4.93981
-4.94448
-4.95422
-4.96914
-4.98972
-5.01353
-5.03943
-5.06625
-5.0914
-5.11109
-5.1244
-5.12876
-5.125
-5.11273
-5.09458
-5.07235
-5.05246
-5.03564
-5.02412
-5.01806
-5.01564
-5.01576
-5.01784
-5.02182
-5.02912
-5.03957
-5.05274
-5.06446
-5.07419
-5.07878
-5.07899
-5.07364
-5.06562
-5.0554
-5.0423
-5.0319
-5.0252
-5.02645
-5.03654
-5.05464
-5.07621
-5.0989
-5.12018
-5.13491
-5.1405
-5.13711
-5.12715
-5.11416
-5.1021
-5.09653
-5.10003
-5.11079
-5.12763
-5.14288
-5.15332
-5.15617
-5.14908
-5.13609
-5.12013
-5.10993
-5.10577
-5.1091
-5.11193
-5.10776
-5.09513
-5.07474
-5.05159
-5.03077
-5.01652
-5.01236
-5.01765
-5.03005
-5.04558
-5.06203
-5.07847
-5.0913
-5.10254
-5.11197
-5.11822
-5.12455
-5.13111
-5.13723
-5.14219
-5.14718
-5.15181
-5.15548
-5.16069
-5.16673
-5.17273
-5.17826
-5.18165
-5.18132
-5.17737
-5.17131
-5.16218
-5.14882
-5.13277
-5.11352
-5.091
-5.06637
-5.0425
-5.02247
-5.00717
-4.99816
-4.99708
-5.00069
-5.00744
-5.01314
-5.02232
-5.03258
-5.04953
-5.07114
-5.0963
-5.12437
-5.15225
-5.17558
-5.19178
-5.19874
-5.19597
-5.18004
-5.15477
-5.12259
-5.09023
-5.05855
-5.03188
-5.01103
-4.99458
-4.98392
-4.97877
-4.98212
-4.99365
-5.01511
-5.04351
-5.07716
-5.10926
-5.13865
-5.16131
-5.1743
-5.17778
-5.17042
-5.1553
-5.13291
-5.10515
-5.07494
-5.04674
-5.02563
-5.01353
-5.00974
-5.01443
-5.02573
-5.04208
-5.06187
-5.08029
-5.09795
-5.11098
-5.11759
-5.11472
-5.10706
-5.09639
-5.08847
-5.08667
-5.09156
-5.09645
-5.09909
-5.09556
-5.09036
-5.08041
-5.07109
-5.06411
-5.06047
-5.05804
-5.05668
-5.05272
-5.04646
-5.03605
-5.02397
-5.01071
-4.99734
-4.98538
-4.97201
-4.95633
-4.93893
-4.9206
-4.90523
-4.8966
-4.90229
-4.92249
-4.95587
-4.99777
-5.04154
-5.08424
-5.12084
-5.15048
-5.17249
-5.18889
-5.19908
-5.20319
-5.2019
-5.19628
-5.18677
-5.17421
-5.15984
-5.14534
-5.13235
-5.12148
-5.11285
-5.10884
-5.10791
-5.10975
-5.11146
-5.11409
-5.11357
-5.1091
-5.09705
-5.08333
-5.06484
-5.04916
-5.03833
-5.03423
-5.03671
-5.0431
-5.04993
-5.0534
-5.05326
-5.04827
-5.03909
-5.02714
-5.01592
-5.00705
-5.00369
-5.00606
-5.01549
-5.02861
-5.04623
-5.0644
-5.08095
-5.09795
-5.11254
-5.1246
-5.13559
-5.14477
-5.15273
-5.156
-5.15296
-5.14248
-5.1254
-5.10289
-5.0741
-5.04215
-5.01027
-4.98147
-4.96195
-4.95355
-4.95623
-4.96597
-4.98086
-4.9964
-5.00716
-5.01178
-5.01141
-5.00806
-5.00896
-5.01494
-5.02288
-5.02285
-5.01043
-4.98682
-4.95618
-4.92453
-4.90014
-4.88705
-4.88544
-4.89553
-4.91191
-4.93318
-4.95063
-4.9666
-4.97761
-4.98661
-4.99847
-5.01304
-5.02821
-5.04121
-5.04866
-5.05281
-5.05359
-5.05298
-5.05144
-5.04851
-5.04438
-5.04077
-5.03706
-5.03564
-5.04038
-5.04974
-5.06279
-5.07647
-5.08986
-5.10089
-5.10921
-5.11511
-5.11739
-5.11753
-5.11626
-5.11194
-5.10776
-5.10354
-5.10152
-5.10119
-5.10384
-5.10562
-5.10717
-5.10674
-5.09918
-5.08797
-5.07372
-5.05835
-5.04243
-5.03313
-5.03252
-5.04208
-5.05863
-5.08178
-5.10698
-5.13255
-5.15572
-5.17276
-5.18414
-5.18809
-5.18217
-5.16964
-5.14929
-5.12388
-5.0967
-5.0716
-5.05073
-5.03732
-5.0321
-5.0331
-5.04169
-5.05574
-5.07294
-5.09192
-5.1073
-5.11512
-5.11349
-5.10083
-5.08099
-5.05832
-5.03709
-5.01961
-5.00888
-5.00592
-5.00907
-5.01746
-5.02645
-5.03606
-5.04399
-5.05108
-5.0569
-5.0603
-5.06305
-5.06496
-5.06365
-5.059
-5.05053
-5.0371
-5.0208
-5.00121
-4.98099
-4.96339
-4.95252
-4.95049
-4.95482
-4.96258
-4.96965
-4.97402
-4.97671
-4.98058
-4.9882
-4.99893
-5.01235
-5.02451
-5.03332
-5.04234
-5.05399
-5.07038
-5.08867
-5.10569
-5.11558
-5.11991
-5.12018
-5.12006
-5.12375
-5.12704
-5.12737
-5.12209
-5.11069
-5.09505
-5.07426
-5.05117
-5.02787
-5.00481
-4.98329
-4.96484
-4.95073
-4.94146
-4.93942
-4.94441
-4.9559
-4.97364
-4.99488
-5.01772
-5.03769
-5.05274
-5.06379
-5.07168
-5.0778
-5.08105
-5.08561
-5.09078
-5.09712
-5.10325
-5.11006
-5.11817
-5.12331
-5.12646
-5.12551
-5.12176
-5.11571
-5.10856
-5.10267
-5.0981
-5.09393
-5.08956
-5.08447
-5.07545
-5.06205
-5.04564
-5.02976
-5.0137
-5.00106
-4.98933
-4.97896
-4.96876
-4.95557
-4.93901
-4.92404
-4.91398
-4.91726
-4.93602
-4.96697
-5.00438
-5.03982
-5.07129
-5.09559
-5.11224
-5.12211
-5.12731
-5.12842
-5.12722
-5.12228
-5.11473
-5.10666
-5.09742
-5.0859
-5.07261
-5.0555
-5.032
-5.00419
-4.97424
-4.94501
-4.91708
-4.89525
-4.88101
-4.87742
-4.88586
-4.90702
-4.93967
-4.97795
-5.01825
-5.05765
-5.0932
-5.12162
-5.14014
-5.14978
-5.14846
-5.13847
-5.12157
-5.09859
-5.0732
-5.0497
-5.03163
-5.02082
-5.0189
-5.02365
-5.0332
-5.04603
-5.06238
-5.08143
-5.10524
-5.12853
-5.14971
-5.16306
-5.16859
-5.16198
-5.1468
-5.12476
-5.09895
-5.07136
-5.04622
-5.0249
-5.00954
-4.99822
-4.99353
-4.99605
-5.00618
-5.02172
-5.03918
-5.05843
-5.07465
-5.08379
-5.08686
-5.08432
-5.0774
-5.07275
-5.078
-5.09693
-5.12752
-5.16216
-5.18989
-5.20734
-5.21004
-5.19958
-5.17803
-5.14949
-5.11988
-5.09506
-5.08022
-5.07481
-5.07482
-5.07786
-5.07871
-5.07683
-5.06995
-5.05952
-5.04825
-5.03912
-5.03739
-5.04435
-5.05898
-5.08064
-5.10195
-5.1202
-5.13431
-5.14427
-5.14685
-5.14797
-5.15004
-5.15477
-5.16487
-5.17583
-5.18201
-5.17847
-5.16478
-5.14167
-5.11623
-5.09266
-5.07577
-5.06643
-5.06124
-5.05772
-5.05391
-5.046
-5.03899
-5.03063
-5.02693
-5.02714
-5.03258
-5.04028
-5.04636
-5.05001
-5.05007
-5.04859
-5.04694
-5.04782
-5.04899
-5.05018
-5.04914
-5.04302
-5.03115
-5.01637
-5.0021
-4.99023
-4.98495
-4.98836
-4.99849
-5.01231
-5.02573
-5.03469
-5.04015
-5.04269
-5.04449
-5.04485
-5.04379
-5.04014
-5.03103
-5.01835
-5.00257
-4.98528
-4.96993
-4.95735
-4.94875
-4.94461
-4.94894
-4.96072
-4.98086
-5.00486
-5.03045
-5.05345
-5.06867
-5.07385
-5.06682
-5.05085
-5.02812
-5.00525
-4.98717
-4.97746
-4.97367
-4.9746
-4.97659
-4.98201
-4.98809
-4.99584
-5.00773
-5.02378
-5.04119
-5.0599
-5.07865
-5.09599
-5.10948
-5.1218
-5.1332
-5.1425
-5.14977
-5.15423
-5.15592
-5.15179
-5.14269
-5.12909
-5.1098
-5.08616
-5.05954
-5.03386
-5.01436
-5.00192
-4.99815
-5.00527
-5.02087
-5.04164
-5.06632
-5.08895
-5.10929
-5.12633
-5.13733
-5.14144
-5.14036
-5.13421
-5.12539
-5.11357
-5.10126
-5.09051
-5.08454
-5.08436
-5.0926
-5.10684
-5.12514
-5.14505
-5.16615
-5.18701
-5.20311
-5.21537
-5.22139
-5.22229
-5.21805
-5.20808
-5.19289
-5.17635
-5.15832
-5.13901
-5.11847
-5.09717
-5.07271
-5.04648
-5.01814
-4.98976
-4.96151
-4.93617
-4.91763
-4.90677
-4.90622
-4.91489
-4.93144
-4.95524
-4.98474
-5.01874
-5.05498
-5.09052
-5.12271
-5.14829
-5.16553
-5.17296
-5.17132
-5.16493
-5.15341
-5.13928
-5.12395
-5.11065
-5.0993
-5.0926
-5.0878
-5.08527
-5.08658
-5.08759
-5.09062
-5.0938
-5.09772
-5.10035
-5.10054
-5.09941
-5.09493
-5.08878
-5.08185
-5.07615
-5.07314
-5.07453
-5.07775
-5.08127
-5.08223
-5.07981
-5.07411
-5.0652
-5.05447
-5.0427
-5.02949
-5.01587
-5.00408
-4.99246
-4.98275
-4.97756
-4.97799
-4.98223
-4.9923
-5.005
-5.01773
-5.02491
-5.02874
-5.02852
-5.02535
-5.01897
-5.01186
-5.00299
-4.9942
-4.99069
-4.99389
-5.00467
-5.02182
-5.04105
-5.05807
-5.06918
-5.07464
-5.07378
-5.07057
-5.06731
-5.06604
-5.0665
-5.06998
-5.07408
-5.07847
-5.08063
-5.08011
-5.0754
-5.06571
-5.05074
-5.03155
-5.00449
-4.97076
-4.93226
-4.89656
-4.86742
-4.8505
-4.84878
-4.8609
-4.88502
-4.91406
-4.94481
-4.97277
-4.994
-5.00821
-5.01534
-5.0186
-5.01779
-5.01568
-5.01318
-5.01155
-5.00761
-5.00135
-4.99411
-4.98744
-4.98261
-4.98088
-4.98926
-5.00643
-5.02869
-5.05129
-5.07076
-5.08263
-5.08811
-5.08667
-5.07852
-5.06714
-5.05285
-5.03545
-5.01848
-5.00367
-4.99344
-4.98823
-4.99068
-4.99958
-5.01383
-5.0336
-5.0558
-5.0763
-5.09566
-5.11096
-5.12296
-5.13102
-5.13635
-5.14014
-5.14333
-5.14592
-5.14901
-5.15396
-5.15848
-5.16395
-5.16855
-5.17242
-5.17533
-5.17588
-5.17152
-5.16389
-5.14924
-5.12901
-5.10672
-5.08816
-5.07735
-5.07782
-5.09154
-5.11303
-5.13739
-5.15938
-5.17789
-5.19097
-5.20024
-5.20554
-5.20751
-5.20671
-5.20189
-5.18947
-5.17058
-5.14617
-5.11915
-5.09317
-5.06956
-5.04973
-5.03676
-5.03141
-5.03337
-5.0404
-5.05271
-5.06836
-5.0842
-5.09642
-5.1025
-5.10335
-5.09704
-5.08741
-5.07485
-5.06161
-5.05221
-5.04516
-5.04176
-5.03881
-5.03577
-5.03043
-5.02239
-5.01055
-4.99584
-4.98085
-4.96671
-4.95501
-4.95037
-4.95891
-4.98135
-5.01305
-5.0486
-5.08063
-5.10432
-5.11871
-5.12524
-5.12554
-5.12601
-5.12925
-5.13702
-5.14775
-5.16003
-5.1718
-5.17852
-5.18326
-5.18335
-5.17878
-5.1697
-5.15603
-5.13763
-5.11677
-5.09495
-5.07422
-5.05833
-5.04855
-5.04495
-5.04567
-5.04944
-5.05328
-5.05696
-5.05956
-5.05793
-5.05516
-5.04735
-5.03517
-5.01756
-4.99859
-4.97795
-4.96198
-4.95493
-4.96035
-4.97991
-5.00914
-5.04364
-5.08125
-5.11462
-5.1415
-5.16157
-5.17476
-5.18136
-5.18331
-5.17875
-5.17064
-5.15977
-5.14647
-5.13294
-5.12122
-5.10893
-5.09836
-5.0856
-5.07131
-5.05614
-5.04029
-5.02157
-5.00302
-4.98428
-4.96989
-4.95935
-4.95591
-4.96195
-4.97875
-5.00377
-5.03782
-5.07579
-5.11431
-5.14928
-5.17935
-5.20111
-5.21394
-5.2191
-5.21612
-5.20887
-5.19784
-5.18621
-5.17627
-5.1682
-5.1592
-5.15115
-5.14232
-5.13106
-5.12016
-5.10715
-5.09679
-5.09001
-5.09045
-5.09738
-5.10551
-5.11551
-5.12388
-5.12748
-5.12629
-5.12403
-5.12301
-5.12314
-5.12728
-5.13361
-5.14221
-5.14988
-5.15444
-5.15599
-5.15229
-5.1441
-5.132
-5.11853
-5.10685
-5.1001
-5.09697
-5.09473
-5.09062
-5.08252
-5.07012
-5.0525
-5.03352
-5.01373
-4.99779
-4.98427
-4.97504
-4.96862
-4.96555
-4.96559
-4.96503
-4.96298
-4.95926
-4.95608
-4.95346
-4.95726
-4.96657
-4.98006
-4.99532
-5.00995
-5.02369
-5.03695
-5.04928
-5.06166
-5.07167
-5.07774
-5.07875
-5.07191
-5.05833
-5.03971
-5.02074
-5.00664
-4.99946
-5.00047
-5.00738
-5.02016
-5.03686
-5.05672
-5.07544
-5.09049
-5.09946
-5.10061
-5.09198
-5.07677
-5.05822
-5.04157
-5.0277
-5.02028
-5.01738
-5.01803
-5.01989
-5.02167
-5.02576
-5.03176
-5.04166
-5.0585
-5.08322
-5.1134
-5.14773
-5.18228
-5.21423
-5.24137
-5.2642
-5.28374
-5.29714
-5.30451
-5.30266
-5.29111
-5.27119
-5.24354
-5.21209
-5.17695
-5.14135
-5.1082
-5.07973
-5.05794
-5.04462
-5.03752
-5.03431
-5.03392
-5.03533
-5.03781
-5.04062
-5.04677
-5.05787
-5.07548
-5.09911
-5.1274
-5.15496
-5.17804
-5.19227
-5.19729
-5.19269
-5.18238
-5.16842
-5.15402
-5.14385
-5.13927
-5.14014
-5.1459
-5.15627
-5.16952
-5.18132
-5.19043
-5.19698
-5.20207
-5.20208
-5.19842
-5.1907
-5.18151
-5.17176
-5.16281
-5.15522
-5.14801
-5.14119
-5.13334
-5.124
-5.11169
-5.09806
-5.08008
-5.05883
-5.03369
-5.00754
-4.98221
-4.96228
-4.94918
-4.94586
-4.95203
-4.96496
-4.97924
-4.98971
-4.99177
-4.98388
-4.97702
-4.9798
-4.98999
-4.99939
-5.00047
-4.99286
-4.97978
-4.96245
-4.94648
-4.93625
-4.93571
-4.9446
-4.96103
-4.98158
-5.00208
-5.02457
-5.04459
-5.06238
-5.07463
-5.08252
-5.08497
-5.08403
-5.07935
-5.07373
-5.06943
-5.06776
-5.07162
-5.08137
-5.09716
-5.11435
-5.13055
-5.14081
-5.14076
-5.13239
-5.11391
-5.08737
-5.05391
-5.01818
-4.98718
-4.96562
-4.95864
-4.96714
-4.98179
-5.00315
-5.02848
-5.05763
-5.08672
-5.11725
-5.14389
-5.16064
-5.1669
-5.16082
-5.14386
-5.1205
-5.09614
-5.07583
-5.06253
-5.05471
-5.05218
-5.05635
-5.06962
-5.08735
-5.11106
-5.13578
-5.15877
-5.17593
-5.18585
-5.19131
-5.19112
-5.1923
-5.19366
-5.19502
-5.19187
-5.18342
-5.16795
-5.14711
-5.12522
-5.10666
-5.09554
-5.09653
-5.10566
-5.12102
-5.13976
-5.15852
-5.17226
-5.18027
-5.18004
-5.17104
-5.15445
-5.1276
-5.09439
-5.0584
-5.02401
-4.99777
-4.98595
-4.98884
-5.00281
-5.0223
-5.04229
-5.06056
-5.07549
-5.08864
-5.10146
-5.11582
-5.13132
-5.14749
-5.16084
-5.16753
-5.16529
-5.15414
-5.13515
-5.10817
-5.07613
-5.04184
-5.01221
-4.9881
-4.97064
-4.96485
-4.97115
-4.9897
-5.01758
-5.05036
-5.08154
-5.10693
-5.12318
-5.13243
-5.13362
-5.13015
-5.12634
-5.12327
-5.12262
-5.12355
-5.12883
-5.13758
-5.14772
-5.16024
-5.17117
-5.17966
-5.18528
-5.18593
-5.18202
-5.17263
-5.15748
-5.13705
-5.11278
-5.08502
-5.05821
-5.03759
-5.02596
-5.0228
-5.02817
-5.04022
-5.05404
-5.06713
-5.08156
-5.09458
-5.10703
-5.11828
-5.12669
-5.1342
-5.13666
-5.13366
-5.12607
-5.11665
-5.10497
-5.0961
-5.0914
-5.09014
-5.09254
-5.09709
-5.10623
-5.11818
-5.13029
-5.14031
-5.14596
-5.1438
-5.13669
-5.12396
-5.10848
-5.09241
-5.07714
-5.06198
-5.04881
-5.03654
-5.0261
-5.02155
-5.02455
-5.03494
-5.0523
-5.07471
-5.10201
-5.13263
-5.16201
-5.18988
-5.21433
-5.23374
-5.24868
-5.25793
-5.25956
-5.25547
-5.24501
-5.22745
-5.20417
-5.17625
-5.14744
-5.12125
-5.09859
-5.08164
-5.07262
-5.06853
-5.06862
-5.06987
-5.07038
-5.0653
-5.05653
-5.04365
-5.03063
-5.0196
-5.00996
-5.00405
-4.99922
-4.991
-4.98177
-4.97247
-4.96232
-4.9551
-4.95191
-4.95228
-4.95453
-4.95755
-4.96045
-4.9614
-4.96128
-4.95958
-4.95366
-4.94443
-4.93055
-4.91254
-4.89408
-4.87855
-4.86856
-4.86877
-4.87925
-4.89994
-4.92807
-4.96263
-5.00076
-5.04056
-5.07783
-5.11183
-5.14242
-5.1689
-5.19061
-5.20677
-5.21766
-5.2258
-5.22929
-5.22967
-5.22627
-5.21684
-5.20217
-5.18333
-5.16103
-5.13589
-5.10969
-5.08561
-5.06702
-5.05205
-5.04301
-5.03745
-5.03461
-5.03133
-5.02846
-5.02369
-5.0196
-5.01683
-5.01418
-5.01506
-5.02132
-5.0318
-5.04687
-5.06402
-5.08365
-5.10327
-5.12117
-5.13405
-5.14246
-5.14473
-5.14167
-5.13333
-5.11843
-5.10122
-5.08157
-5.06451
-5.04991
-5.04156
-5.04069
-5.04574
-5.05382
-5.0626
-5.06773
-5.07142
-5.07273
-5.07372
-5.07487
-5.07806
-5.08266
-5.08665
-5.08905
-5.08857
-5.08433
-5.07315
-5.05728
-5.03628
-5.01473
-4.99482
-4.98233
-4.97528
-4.97348
-4.97494
-4.9795
-4.98492
-4.99003
-4.9959
-5.00292
-5.01021
-5.01909
-5.03086
-5.0447
-5.06086
