-3.51475
-3.51475
-3.51475
-3.51369
-3.51037
-3.50524
-3.50176
-3.4986
-3.49633
-3.49573
-3.49543
-3.49421
-3.49481
-3.49586
-3.49691
-3.49736
-3.49827
-3.49948
-3.50054
-3.5007
-3.50251
-3.50191
-3.50177
-3.50222
-3.50237
-3.50252
-3.50237
-3.50146
-3.50176
-3.50207
-3.50101
-3.50056
-3.50056
-3.50026
-3.50041
-3.50056
-3.50056
-3.50101
-3.50086
-3.50116
-3.50207
-3.50116
-3.50131
-3.50222
-3.50282
-3.50282
-3.50252
-3.50192
-3.50131
-3.50086
-3.50071
-3.50026
-3.49981
-3.49996
-3.50056
-3.49966
-3.49996
-3.49935
-3.4995
-3.49935
-3.49965
-3.49995
-3.5001
-3.49965
-3.49905
-3.4986
-3.49769
-3.49678
-3.49739
-3.49769
-3.49739
-3.49663
-3.49557
-3.49466
-3.49482
-3.49558
-3.49588
-3.49527
-3.49558
-3.49663
-3.49648
-3.49437
-3.49542
-3.49497
-3.49467
-3.49512
-3.49527
-3.49512
-3.49648
-3.49618
-3.49633
-3.49587
-3.49542
-3.49557
-3.49603
-3.49527
-3.49527
-3.49452
-3.49512
-3.49497
-3.49482
-3.49452
-3.49406
-3.49452
-3.49467
-3.49482
-3.49482
-3.49436
-3.49451
-3.49527
-3.49557
-3.49557
-3.49648
-3.49679
-3.49588
-3.49588
-3.49618
-3.49724
-3.49694
-3.49678
-3.49739
-3.49633
-3.49723
-3.49754
-3.49799
-3.49859
-3.49889
-3.49889
-3.49814
-3.49708
-3.49768
-3.49799
-3.49723
-3.49708
-3.49753
-3.49889
-3.49784
-3.49784
-3.49784
-3.49874
-3.49935
-3.4998
-3.5001
-3.49965
-3.4992
-3.4986
-3.49829
-3.49799
-3.49874
-3.49814
-3.49829
-3.49708
-3.49769
-3.49874
-3.49875
-3.50026
-3.50041
-3.50041
-3.49965
-3.4995
-3.5004
-3.49979
-3.4998
-3.50056
-3.50056
-3.50011
-3.4998
-3.49965
-3.49935
-3.49904
-3.49889
-3.49829
-3.49754
-3.49814
-3.49814
-3.49874
-3.49874
-3.4998
-3.4992
-3.49951
-3.498
-3.49784
-3.49859
-3.49874
-3.49798
-3.49798
-3.49783
-3.49859
-3.49875
-3.50041
-3.50041
-3.50041
-3.50071
-3.50026
-3.49935
-3.4998
-3.50041
-3.50071
-3.50025
-3.50025
-3.49995
-3.4995
-3.49995
-3.50146
-3.50161
-3.50191
-3.50221
-3.50161
-3.50131
-3.50101
-3.50176
-3.50146
-3.50101
-3.50041
-3.4992
-3.49935
-3.49935
-3.4989
-3.4998
-3.49965
-3.5001
-3.4992
-3.49874
-3.5001
-3.49919
-3.49889
-3.49829
-3.49814
-3.49798
-3.49753
-3.49798
-3.49662
-3.49677
-3.49693
-3.49647
-3.49617
-3.49663
-3.49618
-3.49618
-3.49618
-3.49618
-3.49678
-3.49632
-3.49587
-3.49526
-3.49662
-3.49738
-3.49753
-3.49904
-3.49874
-3.5004
-3.4998
-3.49814
-3.49859
-3.49905
-3.49829
-3.49693
-3.49738
-3.49798
-3.49798
-3.49874
-3.49919
-3.49935
-3.49919
-3.49874
-3.49859
-3.49889
-3.49874
-3.49904
-3.49874
-3.49844
-3.49769
-3.49663
-3.49618
-3.49588
-3.49542
-3.49603
-3.49572
-3.49632
-3.49572
-3.49496
-3.49466
-3.49466
-3.49391
-3.49436
-3.49421
-3.49543
-3.49482
-3.49316
-3.49286
-3.49376
-3.49587
-3.49632
-3.49753
-3.49738
-3.49783
-3.49935
-3.49889
-3.49905
-3.4992
-3.4989
-3.49905
-3.4986
-3.4986
-3.4989
-3.4992
-3.4992
-3.49995
-3.50011
-3.50101
-3.50116
-3.50161
-3.50161
-3.50222
-3.50161
-3.50177
-3.50132
-3.50087
-3.50117
-3.50087
-3.50116
-3.50146
-3.50206
-3.50191
-3.50161
-3.50055
-3.4998
-3.49935
-3.49935
-3.50011
-3.50131
-3.50086
-3.50101
-3.50101
-3.49995
-3.49919
-3.49889
-3.49919
-3.49919
-3.50025
-3.49949
-3.49949
-3.49904
-3.49935
-3.49814
-3.49905
-3.49814
-3.49829
-3.49799
-3.49738
-3.49662
-3.49587
-3.49557
-3.49587
-3.49633
-3.49542
-3.49572
-3.49648
-3.49632
-3.49617
-3.49632
-3.49662
-3.49738
-3.49768
-3.49708
-3.49844
-3.49799
-3.49859
-3.49859
-3.49829
-3.49784
-3.49768
-3.49738
-3.49768
-3.49738
-3.49738
-3.49693
-3.49633
-3.49632
-3.49648
-3.49587
-3.49602
-3.49587
-3.49768
-3.49844
-3.49874
-3.49768
-3.49678
-3.49708
-3.49617
-3.49496
-3.49617
-3.49723
-3.49677
-3.49723
-3.49814
-3.49814
-3.49829
-3.49904
-3.49768
-3.49783
-3.49828
-3.49768
-3.49844
-3.49859
-3.49904
-3.49904
-3.5004
-3.5013
-3.5007
-3.50055
-3.5007
-3.5004
-3.49979
-3.49874
-3.49828
-3.49874
-3.49874
-3.49889
-3.49889
-3.49799
-3.49844
-3.49783
-3.49813
-3.49738
-3.49783
-3.49858
-3.49889
-3.49858
-3.49783
-3.49783
-3.49874
-3.49844
-3.49874
-3.49798
-3.49753
-3.49768
-3.49753
-3.49813
-3.49874
-3.49844
-3.49753
-3.49754
-3.49723
-3.49663
-3.49663
-3.49602
-3.49662
-3.49616
-3.49662
-3.49723
-3.49753
-3.49723
-3.49723
-3.49693
-3.49647
-3.49663
-3.49753
-3.49784
-3.49844
-3.49754
-3.49663
-3.49633
-3.49588
-3.49573
-3.49588
-3.49527
-3.49557
-3.49618
-3.49587
-3.49572
-3.49557
-3.49617
-3.49587
-3.49633
-3.49723
-3.49753
-3.49723
-3.49889
-3.49829
-3.49845
-3.49845
-3.49815
-3.49966
-3.49935
-3.5001
-3.49965
-3.49995
-3.49965
-3.4998
-3.50026
-3.50102
-3.50102
-3.50056
-3.50101
-3.50222
-3.50327
-3.50357
-3.50267
-3.50282
-3.50236
-3.50267
-3.50237
-3.50313
-3.50328
-3.50313
-3.50313
-3.50283
-3.50207
-3.50117
-3.50132
-3.50041
-3.4998
-3.49949
-3.49904
-3.49995
-3.50025
-3.49874
-3.49905
-3.49784
-3.49814
-3.4983
-3.49829
-3.49799
-3.49814
-3.49799
-3.49814
-3.49875
-3.49829
-3.49693
-3.49618
-3.49618
-3.49693
-3.49814
-3.49814
-3.49798
-3.49874
-3.49874
-3.49904
-3.49874
-3.49859
-3.49949
-3.49919
-3.49934
-3.49859
-3.49768
-3.49753
-3.49753
-3.49844
-3.49693
-3.49618
-3.49587
-3.49587
-3.49603
-3.49602
-3.49678
-3.49527
-3.49557
-3.49557
-3.49496
-3.49481
-3.49436
-3.49345
-3.49375
-3.49405
-3.49496
-3.49557
-3.4939
-3.49481
-3.49527
-3.49602
-3.49588
-3.49663
-3.49708
-3.49738
-3.49753
-3.49723
-3.49662
-3.49632
-3.49708
-3.49723
-3.49678
-3.49738
-3.49753
-3.49784
-3.49799
-3.49829
-3.49874
-3.49829
-3.49874
-3.49843
-3.49752
-3.49798
-3.49859
-3.49844
-3.49768
-3.49678
-3.49693
-3.49602
-3.49481
-3.49405
-3.4942
-3.49421
-3.49451
-3.49511
-3.49466
-3.49375
-3.49405
-3.49451
-3.4942
-3.4939
-3.49345
-3.49511
-3.49481
-3.49496
-3.49511
-3.49496
-3.4948
-3.4945
-3.4942
-3.49435
-3.49556
-3.49511
-3.49436
-3.49482
-3.49527
-3.49406
-3.49421
-3.49376
-3.49345
-3.49345
-3.49405
-3.49375
-3.4936
-3.49451
-3.49466
-3.49496
-3.49557
-3.49541
-3.49511
-3.49511
-3.49587
-3.49617
-3.49708
-3.49799
-3.49784
-3.49739
-3.49754
-3.49754
-3.49799
-3.49738
-3.49753
-3.49752
-3.49813
-3.49858
-3.49843
-3.49844
-3.49768
-3.49799
-3.49678
-3.49618
-3.49588
-3.49648
-3.49708
-3.49663
-3.49587
-3.49587
-3.49707
-3.49722
-3.49768
-3.49783
-3.49738
-3.49874
-3.4995
-3.4998
-3.50025
-3.5004
-3.50025
-3.4992
-3.4992
-3.5001
-3.49965
-3.4995
-3.49844
-3.49919
-3.49873
-3.49888
-3.49919
-3.49874
-3.4998
-3.5004
-3.5004
-3.50101
-3.50056
-3.50071
-3.50116
-3.50131
-3.50085
-3.50085
-3.5007
-3.50115
-3.49979
-3.49919
-3.49994
-3.49919
-3.49874
-3.49768
-3.49799
-3.49769
-3.49814
-3.49844
-3.49784
-3.49799
-3.49738
-3.49768
-3.49768
-3.49829
-3.49768
-3.49783
-3.49768
-3.49829
-3.49753
-3.49784
-3.49829
-3.49965
-3.5001
-3.5001
-3.49904
-3.50025
-3.4989
-3.4995
-3.4995
-3.49844
-3.49919
-3.49919
-3.49859
-3.4995
-3.4998
-3.50011
-3.49981
-3.49981
-3.49981
-3.4995
-3.49935
-3.49904
-3.49843
-3.49904
-3.50025
-3.50055
-3.49995
-3.49905
-3.50011
-3.49965
-3.49905
-3.4992
-3.49874
-3.49799
-3.49738
-3.49829
-3.49829
-3.49844
-3.49784
-3.49724
-3.49739
-3.49799
-3.49829
-3.49798
-3.49753
-3.49858
-3.49753
-3.49768
-3.49783
-3.49708
-3.49617
-3.49633
-3.49617
-3.49602
-3.49602
-3.49541
-3.49466
-3.49406
-3.493
-3.49376
-3.49452
-3.49542
-3.49678
-3.49724
-3.49663
-3.49739
-3.49784
-3.49693
-3.49678
-3.49618
-3.49693
-3.49678
-3.49814
-3.49814
-3.49829
-3.49829
-3.49769
-3.49965
-3.49935
-3.49919
-3.49874
-3.49859
-3.49859
-3.49739
-3.49739
-3.49708
-3.49693
-3.49678
-3.49829
-3.49949
-3.50025
-3.49995
-3.5001
-3.50101
-3.50101
-3.50071
-3.50086
-3.49995
-3.49965
-3.49874
-3.49814
-3.49874
-3.49919
-3.49919
-3.49995
-3.5001
-3.5004
-3.5001
-3.50025
-3.5001
-3.50025
-3.50116
-3.50086
-3.50101
-3.501
-3.50131
-3.5007
-3.50025
-3.5001
-3.49995
-3.5004
-3.50025
-3.4995
-3.49844
-3.49768
-3.49738
-3.49783
-3.49783
-3.49859
-3.49935
-3.49874
-3.49828
-3.49798
-3.49919
-3.49949
-3.5001
-3.49935
-3.49965
-3.49874
-3.49889
-3.49934
-3.49995
-3.4995
-3.5001
-3.50101
-3.50055
-3.50086
-3.50131
-3.50116
-3.50146
-3.50191
-3.50281
-3.50327
-3.50281
-3.50252
-3.50176
-3.50177
-3.50056
-3.4998
-3.4998
-3.49934
-3.49934
-3.49979
-3.5001
-3.5001
-3.49964
-3.50009
-3.5007
-3.50145
-3.50085
-3.4998
-3.49935
-3.49905
-3.4998
-3.50041
-3.49965
-3.50071
-3.50146
-3.49995
-3.5001
-3.50025
-3.5004
-3.49965
-3.4998
-3.49934
-3.5007
-3.50085
-3.5004
-3.4998
-3.5007
-3.49995
-3.50101
-3.50055
-3.50146
-3.5007
-3.50071
-3.50055
-3.50055
-3.50055
-3.5007
-3.50086
-3.4998
-3.50026
-3.49935
-3.4992
-3.49889
-3.49919
-3.4998
-3.5004
-3.49934
-3.49889
-3.4998
-3.50026
-3.50056
-3.50056
-3.50101
-3.50237
-3.50312
-3.50312
-3.50297
-3.50357
-3.50418
-3.50418
-3.50357
-3.50509
-3.50615
-3.50494
-3.50464
-3.50509
-3.50494
-3.50373
-3.50343
-3.50312
-3.50221
-3.50282
-3.50327
-3.50266
-3.50296
-3.50372
-3.50357
-3.50297
-3.50372
-3.50372
-3.50523
-3.50553
-3.50599
-3.50539
-3.50569
-3.50463
-3.50508
-3.50493
-3.50569
-3.50554
-3.50614
-3.50554
-3.50569
-3.50508
-3.50478
-3.50479
-3.50509
-3.50463
-3.50418
-3.50312
-3.50357
-3.50402
-3.50357
-3.50297
-3.50297
-3.50222
-3.50237
-3.50191
-3.50312
-3.50312
-3.50342
-3.50267
-3.50282
-3.50252
-3.50222
-3.50056
-3.50086
-3.50206
-3.50085
-3.50131
-3.501
-3.501
-3.50131
-3.5007
-3.50101
-3.50131
-3.50056
-3.50131
-3.49965
-3.49965
-3.4998
-3.5007
-3.50146
-3.50221
-3.50206
-3.50206
-3.50222
-3.50267
-3.50312
-3.50267
-3.50312
-3.50357
-3.50327
-3.50252
-3.50222
-3.50162
-3.50146
-3.4998
-3.5001
-3.5007
-3.5004
-3.50055
-3.49964
-3.49934
-3.49828
-3.49783
-3.49859
-3.49813
-3.49753
-3.49783
-3.49708
-3.49693
-3.49632
-3.49708
-3.49663
-3.49663
-3.49678
-3.49723
-3.49723
-3.49874
-3.49844
-3.49934
-3.49859
-3.49859
-3.49874
-3.49783
-3.49859
-3.49844
-3.49859
-3.49935
-3.50025
-3.5001
-3.50085
-3.50055
-3.5007
-3.501
-3.501
-3.50115
-3.50131
-3.50101
-3.50101
-3.5001
-3.50025
-3.49904
-3.5001
-3.5001
-3.49964
-3.49934
-3.50009
-3.50024
-3.5007
-3.5004
-3.49904
-3.49843
-3.49692
-3.49708
-3.49723
-3.49828
-3.49858
-3.49873
-3.49843
-3.49873
-3.49873
-3.49949
-3.50009
-3.49964
-3.50085
-3.5001
-3.5001
-3.49904
-3.49919
-3.49904
-3.49904
-3.49874
-3.49904
-3.49994
-3.50025
-3.49888
-3.49873
-3.49888
-3.49949
-3.49919
-3.50009
-3.50085
-3.501
-3.50145
-3.50145
-3.50115
-3.50206
-3.50266
-3.50161
-3.501
-3.5007
-3.50055
-3.5007
-3.50206
-3.50236
-3.50221
-3.50131
-3.501
-3.50116
-3.50146
-3.5007
-3.501
-3.50131
-3.50191
-3.50221
-3.50191
-3.50236
-3.50267
-3.50282
-3.50206
-3.50252
-3.50191
-3.50161
-3.50086
-3.50161
-3.50086
-3.50055
-3.50085
-3.50236
-3.50236
-3.50176
-3.50312
-3.50312
-3.50267
-3.50252
-3.50192
-3.50146
-3.50071
-3.50116
-3.50041
-3.50282
-3.50222
-3.50267
-3.50192
-3.50222
-3.50191
-3.50161
-3.50055
-3.49949
-3.49979
-3.50055
-3.50085
-3.50116
-3.50146
-3.50177
-3.50116
-3.50177
-3.50071
-3.50086
-3.50086
-3.50177
-3.50025
-3.5001
-3.4998
-3.4995
-3.5001
-3.5001
-3.4998
-3.49919
-3.49723
-3.49602
-3.49571
-3.49677
-3.49783
-3.49873
-3.49858
-3.49859
-3.49829
-3.49738
-3.49723
-3.49723
-3.49814
-3.49904
-3.4998
-3.5001
-3.50025
-3.49964
-3.49949
-3.49949
-3.50085
-3.5007
-3.50025
-3.49949
-3.5004
-3.49979
-3.50009
-3.49948
-3.50084
-3.50039
-3.501
-3.50145
-3.50206
-3.50267
-3.50252
-3.50282
-3.50267
-3.50221
-3.50131
-3.5004
-3.49889
-3.49798
-3.49798
-3.49752
-3.49722
-3.49677
-3.49692
-3.49678
-3.49693
-3.49678
-3.49632
-3.49692
-3.49662
-3.49722
-3.49737
-3.49782
-3.49858
-3.49873
-3.49874
-3.49843
-3.49964
-3.49889
-3.49919
-3.49949
-3.49843
-3.49798
-3.49919
-3.49798
-3.49783
-3.49813
-3.49783
-3.49692
-3.49722
-3.49753
-3.49828
-3.49843
-3.49813
-3.49813
-3.49873
-3.49813
-3.49889
-3.49813
-3.49858
-3.49858
-3.49858
-3.49843
-3.49873
-3.49934
-3.49843
-3.49873
-3.49843
-3.49782
-3.49797
-3.49767
-3.49813
-3.49722
-3.49632
-3.49632
-3.49572
-3.49632
-3.49753
-3.49723
-3.49707
-3.49798
-3.49782
-3.49858
-3.49828
-3.49707
-3.49676
-3.49661
-3.49676
-3.49782
-3.49691
-3.49707
-3.49737
-3.49752
-3.49691
-3.49706
-3.49797
-3.49752
-3.49721
-3.49767
-3.49903
-3.49918
-3.49873
-3.49858
-3.49752
-3.49737
-3.49707
-3.49737
-3.49812
-3.49767
-3.49812
-3.49782
-3.49858
-3.49888
-3.49978
-3.49903
-3.49873
-3.49934
-3.5004
-3.5007
-3.50085
-3.50039
-3.50084
-3.49963
-3.49933
-3.49948
-3.49857
-3.49903
-3.49721
-3.49721
-3.49722
-3.49616
-3.49722
-3.49782
-3.49737
-3.49767
-3.49692
-3.49631
-3.49631
-3.49737
-3.49767
-3.49843
-3.49737
-3.49677
-3.49661
-3.49692
-3.49692
-3.49692
-3.49767
-3.49752
-3.49616
-3.49661
-3.49615
-3.49601
-3.49541
-3.49496
-3.49496
-3.49465
-3.49465
-3.49435
-3.49314
-3.49253
-3.49268
-3.49132
-3.49132
-3.49102
-3.49117
-3.49117
-3.49147
-3.49208
-3.49283
-3.49359
-3.49374
-3.49434
-3.49299
-3.49299
-3.49344
-3.4939
-3.49496
-3.49586
-3.49586
-3.49525
-3.49586
-3.49555
-3.49555
-3.49661
-3.49707
-3.49752
-3.49858
-3.49828
-3.49903
-3.49843
-3.49873
-3.49828
-3.49783
-3.49843
-3.49918
-3.49994
-3.50084
-3.49979
-3.50054
-3.49948
-3.49994
-3.49994
-3.50024
-3.50024
-3.49994
-3.49903
-3.49858
-3.49813
-3.49903
-3.49888
-3.49888
-3.49888
-3.49963
-3.49948
-3.49858
-3.49934
-3.49889
-3.49889
-3.49964
-3.49949
-3.50024
-3.49994
-3.50024
-3.501
-3.50145
-3.50115
-3.5013
-3.50099
-3.50114
-3.50008
-3.50129
-3.50069
-3.50084
-3.50114
-3.50159
-3.50084
-3.50144
-3.5016
-3.50099
-3.50069
-3.49994
-3.50009
-3.50009
-3.49918
-3.49858
-3.49858
-3.49858
-3.49888
-3.49843
-3.49812
-3.49782
-3.49722
-3.49706
-3.49782
-3.49812
-3.49797
-3.49812
-3.49782
-3.49676
-3.49585
-3.49646
-3.49616
-3.49631
-3.49737
-3.49797
-3.49842
-3.49812
-3.49857
-3.49947
-3.49781
-3.49933
-3.49933
-3.49934
-3.49798
-3.49737
-3.49873
-3.49858
-3.49903
-3.49933
-3.50008
-3.50054
-3.50069
-3.50039
-3.50054
-3.49948
-3.49873
-3.49964
-3.50009
-3.49978
-3.49993
-3.49887
-3.49752
-3.49737
-3.49737
-3.49601
-3.49646
-3.49737
-3.49813
-3.49707
-3.49752
-3.49767
-3.49767
-3.49706
-3.49661
-3.49631
-3.49676
-3.49737
-3.49737
-3.49677
-3.49707
-3.49556
-3.49616
-3.49601
-3.4954
-3.49631
-3.49722
-3.49767
-3.49767
-3.49737
-3.49722
-3.49783
-3.49752
-3.49767
-3.49857
-3.49918
-3.49963
-3.50008
-3.49963
-3.49933
-3.50024
-3.49994
-3.50039
-3.50054
-3.50114
-3.50099
-3.50069
-3.50054
-3.50054
-3.50039
-3.50069
-3.50009
-3.5016
-3.50115
-3.5016
-3.5013
-3.501
-3.50281
-3.5019
-3.50115
-3.50024
-3.50039
-3.5013
-3.50221
-3.50145
-3.50024
-3.49994
-3.50055
-3.50009
-3.50024
-3.50084
-3.50084
-3.50099
-3.50175
-3.50099
-3.50085
-3.5013
-3.501
-3.50115
-3.5013
-3.50296
-3.50341
-3.50281
-3.50221
-3.50221
-3.50175
-3.50145
-3.501
-3.50085
-3.5016
-3.5004
-3.50024
-3.5007
-3.49979
-3.49964
-3.50055
-3.50055
-3.50085
-3.50145
-3.50175
-3.50221
-3.50221
-3.5019
-3.50266
-3.50341
-3.50417
-3.50447
-3.50523
-3.50462
-3.50477
-3.50432
-3.50492
-3.50447
-3.50507
-3.50432
-3.50371
-3.50477
-3.50432
-3.50462
-3.50386
-3.50296
-3.50235
-3.50236
-3.5019
-3.50221
-3.5013
-3.5013
-3.50115
-3.50175
-3.5013
-3.50266
-3.50235
-3.50205
-3.50205
-3.50265
-3.50114
-3.50024
-3.50114
-3.5013
-3.5022
-3.50251
-3.50205
-3.50145
-3.50206
-3.50387
-3.5025
-3.50295
-3.5028
-3.5028
-3.50326
-3.50311
-3.50281
-3.5025
-3.50175
-3.50235
-3.50311
-3.50251
-3.50341
-3.50371
-3.50175
-3.50174
-3.50129
-3.50053
-3.50084
-3.5022
-3.5025
-3.50129
-3.50054
-3.50009
-3.49993
-3.50009
-3.49948
-3.49934
-3.49919
-3.49873
-3.49949
-3.49994
-3.49993
-3.49978
-3.49993
-3.49993
-3.49963
-3.49888
-3.49813
-3.49919
-3.49933
-3.49994
-3.501
-3.50009
-3.50069
-3.50205
-3.5025
-3.50235
-3.50265
-3.50296
-3.50205
-3.50144
-3.50084
-3.50023
-3.50083
-3.50098
-3.50083
-3.50053
-3.50038
-3.50023
-3.50023
-3.50008
-3.49993
-3.50084
-3.5016
-3.50205
-3.50251
-3.50069
-3.50145
-3.50024
-3.50069
-3.49963
-3.49872
-3.49872
-3.49736
-3.49842
-3.49812
-3.49827
-3.49827
-3.49842
-3.49782
-3.49812
-3.49752
-3.49707
-3.49752
-3.49752
-3.49782
-3.49843
-3.49858
-3.49857
-3.49872
-3.49826
-3.49872
-3.49872
-3.49873
-3.49903
-3.49873
-3.49858
-3.49797
-3.49767
-3.49752
-3.49676
-3.49782
-3.49842
-3.49842
-3.49812
-3.49903
-3.49827
-3.49812
-3.49842
-3.49857
-3.49782
-3.49676
-3.49676
-3.49631
-3.49555
-3.49585
-3.49601
-3.49631
-3.49646
-3.49691
-3.49766
-3.49827
-3.49706
-3.49737
-3.49873
-3.49888
-3.49827
-3.49706
-3.49721
-3.49797
-3.49736
-3.49736
-3.49706
-3.49616
-3.49586
-3.49616
-3.49601
-3.4954
-3.49555
-3.4957
-3.4954
-3.49585
-3.4951
-3.49495
-3.4954
-3.49495
-3.49555
-3.49601
-3.49676
-3.49585
-3.4963
-3.496
-3.49555
-3.49525
-3.4945
-3.49541
-3.49465
-3.4942
-3.49525
-3.49585
-3.49479
-3.4954
-3.4951
-3.4945
-3.49374
-3.4945
-3.49404
-3.4945
-3.4951
-3.4957
-3.49616
-3.4957
-3.4954
-3.4957
-3.49676
-3.49752
-3.49721
-3.49691
-3.49691
-3.49646
-3.49706
-3.49721
-3.49797
-3.49842
-3.49933
-3.49872
-3.49993
-3.49993
-3.49872
-3.49767
-3.49691
-3.49752
-3.49691
-3.49706
-3.49646
-3.49676
-3.49737
-3.49797
-3.49812
-3.49857
-3.49842
-3.49888
-3.49872
-3.49752
-3.49782
-3.49797
-3.49797
-3.50024
-3.50024
-3.50069
-3.50054
-3.49963
-3.49857
-3.49903
-3.49933
-3.50024
-3.50024
-3.50054
-3.50084
-3.50099
-3.50039
-3.50009
-3.50008
-3.49948
-3.50039
-3.49933
-3.49933
-3.49887
-3.50084
-3.49993
-3.49993
-3.50054
-3.50084
-3.5019
-3.5013
-3.50235
-3.5025
-3.50265
-3.5028
-3.50326
-3.50311
-3.50326
-3.50341
-3.50296
-3.5028
-3.50295
-3.50265
-3.50296
-3.50371
-3.50326
-3.50371
-3.50401
-3.50432
-3.50477
-3.50446
-3.50356
-3.50432
-3.50417
-3.50447
-3.50447
-3.50341
-3.5019
-3.50144
-3.49963
-3.49948
-3.50039
-3.50144
-3.50205
-3.5019
-3.50099
-3.50099
-3.50039
-3.50039
-3.49963
-3.50038
-3.50083
-3.50098
-3.50128
-3.50083
-3.50023
-3.49978
-3.49933
-3.49978
-3.50084
-3.50009
-3.50054
-3.50054
-3.49978
-3.50008
-3.49978
-3.49962
-3.50023
-3.49947
-3.49932
-3.49917
-3.49933
-3.49933
-3.49902
-3.49796
-3.49902
-3.49902
-3.49947
-3.50053
-3.50114
-3.50084
-3.50099
-3.49993
-3.50098
-3.50144
-3.50143
-3.50098
-3.50068
-3.50098
-3.50113
-3.50128
-3.50113
-3.50007
-3.50053
-3.49992
-3.49992
-3.50038
-3.50068
-3.50008
-3.49977
-3.50008
-3.49917
-3.49932
-3.49917
-3.49842
-3.49872
-3.49932
-3.49977
-3.49856
-3.4972
-3.49781
-3.49721
-3.49918
-3.49963
-3.49933
-3.49902
-3.49857
-3.49933
-3.49857
-3.49993
-3.50038
-3.49917
-3.49872
-3.49963
-3.49948
-3.49963
-3.49887
-3.49872
-3.49948
-3.50114
-3.50009
-3.50099
-3.50069
-3.50084
-3.50129
-3.50099
-3.50114
-3.5028
-3.50174
-3.50205
-3.50069
-3.50024
-3.5019
-3.50144
-3.50099
-3.50068
-3.50068
-3.49978
-3.49948
-3.49872
-3.49918
-3.49993
-3.50023
-3.50039
-3.50235
-3.50235
-3.50265
-3.5025
-3.5025
-3.5025
-3.50205
-3.50023
-3.50114
-3.50144
-3.50084
-3.50159
-3.50159
-3.50069
-3.49888
-3.49918
-3.49993
-3.50054
-3.50084
-3.50189
-3.50144
-3.50114
-3.49948
-3.50069
-3.49963
-3.50054
-3.50054
-3.50054
-3.49994
-3.49918
-3.49858
-3.49767
-3.49676
-3.49721
-3.49706
-3.49645
-3.49706
-3.49751
-3.49736
-3.49782
-3.49706
-3.49827
-3.49812
-3.49827
-3.49858
-3.49828
-3.49828
-3.49843
-3.49707
-3.49737
-3.49812
-3.49736
-3.49706
-3.49751
-3.49721
-3.49645
-3.4963
-3.49676
-3.49676
-3.49676
-3.49767
-3.49782
-3.49737
-3.49858
-3.49797
-3.49843
-3.49858
-3.49842
-3.49737
-3.49661
-3.49646
-3.49631
-3.49646
-3.49615
-3.4957
-3.49554
-3.49615
-3.49706
-3.49827
-3.49751
-3.49721
-3.49752
-3.49812
-3.49767
-3.49722
-3.49752
-3.49812
-3.49827
-3.49827
-3.49767
-3.49842
-3.49903
-3.49857
-3.49842
-3.49797
-3.49691
-3.49721
-3.49585
-3.49585
-3.496
-3.496
-3.4963
-3.49615
-3.4963
-3.49585
-3.49524
-3.49434
-3.49464
-3.49434
-3.49465
-3.4948
-3.4954
-3.49555
-3.4963
-3.4966
-3.49705
-3.49675
-3.49645
-3.49676
-3.49736
-3.49691
-3.49706
-3.4963
-3.4966
-3.49615
-3.496
-3.496
-3.4957
-3.49555
-3.49494
-3.49419
-3.49373
-3.49464
-3.4957
-3.4963
-3.49615
-3.49585
-3.496
-3.49615
-3.49705
-3.49721
-3.496
-3.49554
-3.4966
-3.4963
-3.4957
-3.49675
-3.49614
-3.49645
-3.4966
-3.49629
-3.4969
-3.49781
-3.49827
-3.49887
-3.49917
-3.49993
-3.50038
-3.50038
-3.49962
-3.49932
-3.50053
-3.50023
-3.49977
-3.50007
-3.50007
-3.50083
-3.49947
-3.49992
-3.50113
-3.50113
-3.50128
-3.50144
-3.50219
-3.50249
-3.5037
-3.50325
-3.50385
-3.50385
-3.50491
-3.50566
-3.50641
-3.50626
-3.50566
-3.50611
-3.50672
-3.50642
-3.50702
-3.50642
-3.50687
-3.50657
-3.50672
-3.50521
-3.50521
-3.50566
-3.50597
-3.50582
-3.50582
-3.50582
-3.50551
-3.50612
-3.50521
-3.50415
-3.5037
-3.50385
-3.50279
-3.50309
-3.50264
-3.50279
-3.50264
-3.50218
-3.50143
-3.50007
-3.50053
-3.50023
-3.49992
-3.49887
-3.49947
-3.49947
-3.50038
-3.49992
-3.49916
-3.49826
-3.49901
-3.49871
-3.49705
-3.4978
-3.49826
-3.49841
-3.49856
-3.49871
-3.49871
-3.49811
-3.49705
-3.4978
-3.49826
-3.49841
-3.49886
-3.49856
-3.49871
-3.49826
-3.49766
-3.49796
-3.49811
-3.49826
-3.49765
-3.49674
-3.4972
-3.49629
-3.49644
-3.49554
-3.49554
-3.49599
-3.49599
-3.49645
-3.4969
-3.4972
-3.49705
-3.49765
-3.49841
-3.49841
-3.49781
-3.49735
-3.4972
-3.49811
-3.4978
-3.49765
-3.49735
-3.4975
-3.4975
-3.49705
-3.49721
-3.49872
-3.49796
-3.49781
-3.4978
-3.49735
-3.4972
-3.49705
-3.49856
-3.49901
-3.49826
-3.49705
-3.49554
-3.49584
-3.49569
-3.49599
-3.4969
-3.4972
-3.49796
-3.49765
-3.49811
-3.4975
-3.49644
-3.49584
-3.49598
-3.49568
-3.49568
-3.49629
-3.49644
-3.4969
-3.49705
-3.49736
-3.49735
-3.49765
-3.49886
-3.49901
-3.49871
-3.49931
-3.49826
-3.49901
-3.49916
-3.50007
-3.49871
-3.49901
-3.49946
-3.49961
-3.49946
-3.49841
-3.4981
-3.49931
-3.49871
-3.49886
-3.49856
-3.49841
-3.49811
-3.4972
-3.49644
-3.49659
-3.4975
-3.49795
-3.4969
-3.4975
-3.49916
-3.49946
-3.4981
-3.49855
-3.4981
-3.49719
-3.49719
-3.4978
-3.4978
-3.49886
-3.49856
-3.49886
-3.4981
-3.49871
-3.4978
-3.49765
-3.4981
-3.49856
-3.4978
-3.49855
-3.49916
-3.49916
-3.50007
-3.50037
-3.50113
-3.50022
-3.50022
-3.50037
-3.50007
-3.49977
-3.49901
-3.49916
-3.4981
-3.49704
-3.49705
-3.49629
-3.49584
-3.49509
-3.49494
-3.49569
-3.49584
-3.49554
-3.49539
-3.49508
-3.49569
-3.49584
-3.49614
-3.49599
-3.49735
-3.4975
-3.49795
-3.49946
-3.50007
-3.50023
-3.50008
-3.50008
-3.50053
-3.50023
-3.49917
-3.49947
-3.49886
-3.49901
-3.49901
-3.49976
-3.50022
-3.49992
-3.49992
-3.49886
-3.49856
-3.49917
-3.49977
-3.49932
-3.49962
-3.50008
-3.50053
-3.50083
-3.50128
-3.50022
-3.49977
-3.50097
-3.50007
-3.49991
-3.49886
-3.49856
-3.49916
-3.49901
-3.49916
-3.49886
-3.49886
-3.49871
-3.49871
-3.4981
-3.4972
-3.49674
-3.49629
-3.49598
-3.49598
-3.49659
-3.49735
-3.4972
-3.4972
-3.4972
-3.4975
-3.49795
-3.49826
-3.49886
-3.49886
-3.49976
-3.49931
-3.50021
-3.49961
-3.49961
-3.49901
-3.49841
-3.49705
-3.49539
-3.49645
-3.49524
-3.496
-3.49705
-3.49735
-3.49735
-3.4969
-3.49735
-3.49735
-3.49841
-3.49825
-3.49871
-3.4987
-3.49931
-3.49946
-3.49931
-3.49947
-3.49932
-3.49857
-3.49811
-3.49811
-3.49917
-3.49811
-3.49781
-3.4975
-3.4969
-3.49705
-3.49704
-3.49659
-3.49538
-3.49614
-3.49539
-3.49524
-3.49403
-3.49373
-3.49252
-3.49312
-3.49327
-3.49267
-3.49312
-3.49312
-3.49342
-3.49252
-3.49297
-3.49387
-3.49463
-3.49478
-3.49569
-3.49599
-3.49735
-3.4972
-3.4969
-3.49705
-3.49705
-3.49705
-3.49614
-3.49645
-3.49705
-3.4966
-3.4969
-3.4972
-3.49735
-3.49735
-3.49901
-3.49962
-3.49856
-3.49781
-3.49796
-3.49751
-3.49751
-3.4975
-3.49705
-3.4972
-3.49689
-3.49765
-3.49856
-3.49932
-3.49887
-3.49932
-3.49977
-3.49977
-3.49977
-3.50008
-3.50083
-3.50174
-3.50234
-3.50264
-3.50279
-3.50263
-3.50278
-3.50384
-3.50445
-3.50506
-3.50445
-3.50551
-3.5046
-3.504
-3.50355
-3.50385
-3.50385
-3.5046
-3.50506
-3.50461
-3.50446
-3.50431
-3.50385
-3.50249
-3.50234
-3.50294
-3.50233
-3.50202
-3.50218
-3.50203
-3.50143
-3.50158
-3.50204
-3.50234
-3.50204
-3.50204
-3.50189
-3.50008
-3.49841
-3.49886
-3.49871
-3.49871
-3.49856
-3.49735
-3.49765
-3.4972
-3.49675
-3.49705
-3.4978
-3.49871
-3.49871
-3.4984
-3.49825
-3.49795
-3.4981
-3.49886
-3.49961
-3.49976
-3.49992
-3.49931
-3.49916
-3.49825
-3.49855
-3.49886
-3.49856
-3.49871
-3.49992
-3.50052
-3.50052
-3.50037
-3.50082
-3.50052
-3.49962
-3.50022
-3.50037
-3.50128
-3.50218
-3.50203
-3.50143
-3.50158
-3.50067
-3.50037
-3.49916
-3.49886
-3.49946
-3.49991
-3.49916
-3.49946
-3.49947
-3.49962
-3.49917
-3.49902
-3.49962
-3.50007
-3.49947
-3.50037
-3.50083
-3.50037
-3.50098
-3.50113
-3.50158
-3.49977
-3.49901
-3.49871
-3.4984
-3.49916
-3.49915
-3.49976
-3.49976
-3.49976
-3.49992
-3.50007
-3.49947
-3.50083
-3.50067
-3.50052
-3.50082
-3.50127
-3.50052
-3.50052
-3.50037
-3.49961
-3.49931
-3.49916
-3.49946
-3.49901
-3.49901
-3.4984
-3.4978
-3.49704
-3.49659
-3.49765
-3.49795
-3.4978
-3.4978
-3.49795
-3.4975
-3.49704
-3.49629
-3.49749
-3.49825
-3.4981
-3.4984
-3.49931
-3.49991
-3.49977
-3.50037
-3.50038
-3.50038
-3.50022
-3.50022
-3.50006
-3.50082
-3.50112
-3.50112
-3.50142
-3.50172
-3.50218
-3.50188
-3.50142
-3.50294
-3.50218
-3.50264
-3.50173
-3.50218
-3.50188
-3.50188
-3.50158
-3.50203
-3.50339
-3.50294
-3.50399
-3.50459
-3.50429
-3.50368
-3.50323
-3.50369
-3.50278
-3.50233
-3.50158
-3.50188
-3.50112
-3.50037
-3.49901
-3.50037
-3.50022
-3.50022
-3.50127
-3.50203
-3.50112
-3.50082
-3.50097
-3.50082
-3.50051
-3.49961
-3.49961
-3.49991
-3.50066
-3.50051
-3.50021
-3.50052
-3.50007
-3.49961
-3.49931
-3.49871
-3.49992
-3.49901
-3.4981
-3.49825
-3.4981
-3.49779
-3.49794
-3.4987
-3.4993
-3.49946
-3.49976
-3.49961
-3.49976
-3.49855
-3.49916
-3.49946
-3.49931
-3.49946
-3.50021
-3.50036
-3.50006
-3.49901
-3.4978
-3.49704
-3.49659
-3.49613
-3.49659
-3.49659
-3.49628
-3.49674
-3.49674
-3.49704
-3.49795
-3.49765
-3.4975
-3.4978
-3.49765
-3.49735
-3.4981
-3.49855
-3.49825
-3.49704
-3.49719
-3.49613
-3.49658
-3.49659
-3.49598
-3.49553
-3.49629
-3.49539
-3.49599
-3.49644
-3.4975
-3.49659
-3.49613
-3.49583
-3.49553
-3.49598
-3.49629
-3.49629
-3.49554
-3.49493
-3.49478
-3.49463
-3.49448
-3.49387
-3.49387
-3.49296
-3.49281
-3.49296
-3.49281
-3.49281
-3.49296
-3.49281
-3.49463
-3.49418
-3.49373
-3.49312
-3.49252
-3.49327
-3.49327
-3.49357
-3.49432
-3.49478
-3.49493
-3.49493
-3.49462
-3.49418
-3.49388
-3.49418
-3.49509
-3.49267
-3.49267
-3.49388
-3.49448
-3.49463
-3.49599
-3.49659
-3.49674
-3.49644
-3.49629
-3.4972
-3.49689
-3.49735
-3.4972
-3.49629
-3.49523
-3.49493
-3.49493
-3.49614
-3.49629
-3.49613
-3.49583
-3.49568
-3.49493
-3.49478
-3.49554
-3.49569
-3.49554
-3.49584
-3.49599
-3.49569
-3.49569
-3.49494
-3.49508
-3.49569
-3.49629
-3.49674
-3.49613
-3.49508
-3.49553
-3.49523
-3.49493
-3.49387
-3.49433
-3.49448
-3.49494
-3.49539
-3.49585
-3.496
-3.496
-3.49675
-3.49675
-3.4969
-3.49689
-3.49493
-3.49508
-3.49463
-3.49403
-3.49614
-3.4966
-3.49599
-3.49781
-3.49932
-3.49932
-3.50083
-3.50023
-3.50113
-3.50173
-3.50189
-3.50158
-3.50158
-3.50294
-3.50324
-3.50203
-3.50203
-3.50264
-3.50188
-3.50249
-3.50189
-3.50204
-3.50204
-3.50143
-3.50082
-3.50112
-3.50082
-3.50098
-3.50158
-3.50113
-3.50083
-3.50143
-3.50188
-3.50112
-3.50188
-3.50218
-3.50218
-3.50249
-3.50309
-3.5043
-3.50415
-3.50355
-3.50491
-3.50581
-3.5049
-3.50521
-3.50445
-3.5043
-3.50415
-3.50414
-3.50369
-3.50444
-3.50384
-3.50369
-3.50248
-3.50248
-3.50248
-3.50187
-3.50187
-3.50233
-3.50263
-3.50233
-3.50142
-3.50172
-3.50142
-3.50082
-3.50082
-3.50173
-3.50203
-3.50173
-3.50173
-3.50127
-3.499
-3.4987
-3.49946
-3.49916
-3.49795
-3.49856
-3.49976
-3.49961
-3.4981
-3.49855
-3.49795
-3.4981
-3.49779
-3.49764
-3.4978
-3.49855
-3.49795
-3.4987
-3.4987
-3.49961
-3.49916
-3.49901
-3.50006
-3.50112
-3.50036
-3.49885
-3.499
-3.499
-3.49975
-3.49945
-3.50005
-3.4996
-3.49945
-3.49945
-3.49991
-3.49931
-3.49961
-3.49991
-3.50006
-3.49991
-3.50082
-3.499
-3.49855
-3.49855
-3.4987
-3.49855
-3.49855
-3.4981
-3.49915
-3.49915
-3.4993
-3.4987
-3.49945
-3.49825
-3.49915
-3.49976
-3.49976
-3.499
-3.49764
-3.49809
-3.49809
-3.49719
-3.49704
-3.49689
-3.49553
-3.49599
-3.49508
-3.49387
-3.49493
-3.49568
-3.49568
-3.49508
-3.49538
-3.49628
-3.49689
-3.49749
-3.49764
-3.49764
-3.49764
-3.49719
-3.49704
-3.49734
-3.49719
-3.49765
-3.49674
-3.49659
-3.49614
-3.49629
-3.49644
-3.49583
-3.49583
-3.49583
-3.49552
-3.49553
-3.49568
-3.49644
-3.49508
-3.49553
-3.49569
-3.49523
-3.49583
-3.49674
-3.49644
-3.49628
-3.49598
-3.49598
-3.49553
-3.49568
-3.49478
-3.49554
-3.49569
-3.49705
-3.4972
-3.49674
-3.49749
-3.49764
-3.49734
-3.49794
-3.49749
-3.4978
-3.49795
-3.4978
-3.4975
-3.4975
-3.4975
-3.49735
-3.4978
-3.49735
-3.49629
-3.49674
-3.49705
-3.4966
-3.49644
-3.49674
-3.49674
-3.49598
-3.49673
-3.49764
-3.49689
-3.49674
-3.49614
-3.4969
-3.4963
-3.49675
-3.49735
-3.49734
-3.4981
-3.4987
-3.49901
-3.4984
-3.49841
-3.49765
-3.4975
-3.4981
-3.49735
-3.49614
-3.49599
-3.49478
-3.49432
-3.49417
-3.49493
-3.49583
-3.49598
-3.49613
-3.49583
-3.49629
-3.49583
-3.49538
-3.49583
-3.49492
-3.49538
-3.49553
-3.49568
-3.49659
-3.49538
-3.49584
-3.49674
-3.49614
-3.49689
-3.49659
-3.49659
-3.49659
-3.49689
-3.49644
-3.49644
-3.49598
-3.49553
-3.49523
-3.49553
-3.49644
-3.49613
-3.49523
-3.49523
-3.49508
-3.49493
-3.49584
-3.49735
-3.49704
-3.49704
-3.49689
-3.49825
-3.49886
-3.49916
-3.49795
-3.49856
-3.4975
-3.49659
-3.49584
-3.49674
-3.4969
-3.49705
-3.4969
-3.49705
-3.49644
-3.49704
-3.49629
-3.49628
-3.49658
-3.49719
-3.49764
-3.49644
-3.49614
-3.49524
-3.49509
-3.49509
-3.49584
-3.49705
-3.49674
-3.49674
-3.49704
-3.49779
-3.49825
-3.49946
-3.49931
-3.4987
-3.49886
-3.4987
-3.4978
-3.49885
-3.49855
-3.49855
-3.49901
-3.49976
-3.50007
-3.49976
-3.49931
-3.49916
-3.49886
-3.4984
-3.49841
-3.49796
-3.49811
-3.49826
-3.49795
-3.49855
-3.499
-3.4987
-3.49795
-3.4978
-3.49674
-3.49719
-3.49825
-3.49765
-3.4984
-3.4975
-3.4969
-3.49675
-3.4975
-3.4975
-3.49614
-3.49569
-3.49629
-3.49675
-3.49599
-3.49705
-3.49644
-3.49584
-3.49659
-3.49508
-3.49463
-3.49538
-3.49508
-3.49569
-3.49599
-3.49524
-3.49509
-3.49509
-3.49584
-3.4969
-3.49705
-3.4972
-3.49584
-3.49538
-3.49463
-3.49448
-3.49538
-3.49553
-3.49523
-3.49538
-3.49508
-3.49538
-3.49523
-3.49523
-3.49599
-3.49629
-3.49644
-3.49705
-3.4975
-3.49841
-3.49795
-3.4975
-3.4984
-3.49886
-3.49901
-3.49886
-3.49946
-3.49931
-3.50022
-3.50037
-3.50067
-3.50067
-3.50052
-3.50113
-3.50128
-3.50082
-3.50097
-3.50037
-3.50007
-3.49916
-3.4978
-3.49765
-3.4978
-3.4981
-3.4972
-3.49704
-3.4978
-3.4978
-3.49765
-3.49795
-3.49704
-3.49674
-3.49689
-3.49689
-3.4975
-3.49704
-3.49795
-3.49735
-3.4975
-3.49689
-3.49644
-3.49614
-3.49675
-3.49735
-3.49796
-3.49856
-3.4978
-3.49825
-3.49855
-3.49795
-3.4981
-3.49705
-3.49675
-3.49524
-3.49585
-3.496
-3.49615
-3.49479
-3.49433
-3.49523
-3.49417
-3.49448
-3.49493
-3.49493
-3.49569
-3.49554
-3.49569
-3.49584
-3.4963
-3.4966
-3.4975
-3.49765
-3.49659
-3.4972
-3.4972
-3.49644
-3.49599
-3.49599
-3.4966
-3.49735
-3.49766
-3.4969
-3.49675
-3.49735
-3.49675
-3.49599
-3.4969
-3.4969
-3.4978
-3.49689
-3.49765
-3.49871
-3.49916
-3.49886
-3.49901
-3.49901
-3.4984
-3.4981
-3.49961
-3.49976
-3.50006
-3.49901
-3.49855
-3.49825
-3.49961
-3.49977
-3.50097
-3.50037
-3.50052
-3.50068
-3.50083
-3.50128
-3.50098
-3.50037
-3.50037
-3.50006
-3.50021
-3.49961
-3.50021
-3.50021
-3.50067
-3.50052
-3.50022
-3.49947
-3.49856
-3.49811
-3.4972
-3.49766
-3.4969
-3.49675
-3.49735
-3.49765
-3.49674
-3.49674
-3.49659
-3.49613
-3.49614
-3.49644
-3.49614
-3.49539
-3.49599
-3.49705
-3.49629
-3.49659
-3.49674
-3.49629
-3.49584
-3.49599
-3.49584
-3.49629
-3.49645
-3.4966
-3.49584
-3.49705
-3.49599
-3.49538
-3.49418
-3.49569
-3.49493
-3.49508
-3.49478
-3.49538
-3.49418
-3.49312
-3.49297
-3.49312
-3.49327
-3.49433
-3.49388
-3.49387
-3.49463
-3.49569
-3.49614
-3.49675
-3.49629
-3.49539
-3.49494
-3.49585
-3.49554
-3.49509
-3.49524
-3.49463
-3.49523
-3.49523
-3.49417
-3.49448
-3.49463
-3.49478
-3.49478
-3.49493
-3.49403
-3.49418
-3.49448
-3.49433
-3.49327
-3.49388
-3.49358
-3.49539
-3.49478
-3.49569
-3.49493
-3.49433
-3.49508
-3.49569
-3.49539
-3.49524
-3.49659
-3.49644
-3.49584
-3.49554
-3.49554
-3.49569
-3.49539
-3.49508
-3.49433
-3.49478
-3.49478
-3.49553
-3.49523
-3.49554
-3.49554
-3.49479
-3.49464
-3.49479
-3.49388
-3.49463
-3.49433
-3.49478
-3.49433
-3.49402
-3.49402
-3.49417
-3.49433
-3.49478
-3.49509
-3.49509
-3.49569
-3.49524
-3.49554
-3.49493
-3.49478
-3.49524
-3.49524
-3.49585
-3.49539
-3.49614
-3.49735
-3.49704
-3.49674
-3.4969
-3.49599
-3.496
-3.49615
-3.49691
-3.49781
-3.49842
-3.49811
-3.49781
-3.49735
-3.4972
-3.49735
-3.49765
-3.49735
-3.49826
-3.49781
-3.49781
-3.49781
-3.49811
-3.49796
-3.49766
-3.49826
-3.49842
-3.49917
-3.49932
-3.50008
-3.49948
-3.50053
-3.50023
-3.50068
-3.50053
-3.50053
-3.50082
-3.50173
-3.50173
-3.50264
-3.50189
-3.50128
-3.50189
-3.50249
-3.50204
-3.50234
-3.50218
-3.50173
-3.50097
-3.50082
-3.50083
-3.50128
-3.50068
-3.50129
-3.50083
-3.50038
-3.50023
-3.49902
-3.49962
-3.49962
-3.50007
-3.49992
-3.50022
-3.50022
-3.49947
-3.49886
-3.49917
-3.49856
-3.49902
-3.49856
-3.49796
-3.49735
-3.49766
-3.49735
-3.4966
-3.49614
-3.49569
-3.4972
-3.49751
-3.49569
-3.49554
-3.49615
-3.49675
-3.49751
-3.49842
-3.49781
-3.49751
-3.49736
-3.49706
-3.4969
-3.49736
-3.49569
-3.4966
-3.49554
-3.49629
-3.49705
-3.49568
-3.49659
-3.49629
-3.4975
-3.49766
-3.49781
-3.49766
-3.49721
-3.4966
-3.49766
-3.49781
-3.49705
-3.49781
-3.49811
-3.49856
-3.49795
-3.4972
-3.4981
-3.49765
-3.49796
-3.49841
-3.49902
-3.49932
-3.49872
-3.49902
-3.49826
-3.49736
-3.49705
-3.4963
-3.4966
-3.4969
-3.49645
-3.49599
-3.49554
-3.4966
-3.4969
-3.49614
-3.49659
-3.4972
-3.4981
-3.49841
-3.49992
-3.50083
-3.50053
-3.50098
-3.50158
-3.50083
-3.50038
-3.49992
-3.49917
-3.50022
-3.49932
-3.49901
-3.49886
-3.49751
-3.49796
-3.49705
-3.4975
-3.4969
-3.49735
-3.49705
-3.4969
-3.49675
-3.49614
-3.49553
-3.49553
-3.49554
-3.49539
-3.49569
-3.49509
-3.49494
-3.49599
-3.49675
-3.49736
-3.49842
-3.49857
-3.49826
-3.49796
-3.49796
-3.4969
-3.49811
-3.49826
-3.49796
-3.49781
-3.49751
-3.49902
-3.49917
-3.49932
-3.49992
-3.49992
-3.49947
-3.49841
-3.4972
-3.49735
-3.49705
-3.49751
-3.49721
-3.49751
-3.49796
-3.49872
-3.49842
-3.49751
-3.49766
-3.49751
-3.49842
-3.49887
-3.49962
-3.49962
-3.50023
-3.50038
-3.50038
-3.49993
-3.49993
-3.49962
-3.49947
-3.50038
-3.50023
-3.49992
-3.50023
-3.49978
-3.50023
-3.49963
-3.49963
-3.50023
-3.50069
-3.50129
-3.50114
-3.50098
-3.50068
-3.49977
-3.49947
-3.49977
-3.50008
-3.50008
-3.50083
-3.50068
-3.50053
-3.50023
-3.50068
-3.50008
-3.50174
-3.50265
-3.5031
-3.50265
-3.50189
-3.5028
-3.5025
-3.50174
-3.50265
-3.5031
-3.50446
-3.50341
-3.50416
-3.50325
-3.5025
-3.50204
-3.50204
-3.50295
-3.50234
-3.50204
-3.50249
-3.50415
-3.50385
-3.50325
-3.50295
-3.5031
-3.5031
-3.50295
-3.5022
-3.50204
-3.50098
-3.50189
-3.50249
-3.50294
-3.50204
-3.50128
-3.49978
-3.49963
-3.49993
-3.50039
-3.49993
-3.50084
-3.50008
-3.50068
-3.50068
-3.50052
-3.50158
-3.50128
-3.50113
-3.49993
-3.49993
-3.49993
-3.50038
-3.50099
-3.50114
-3.50068
-3.50038
-3.50023
-3.49947
-3.49978
-3.49948
-3.50053
-3.50159
-3.50205
-3.50235
-3.50189
-3.5028
-3.5028
-3.5028
-3.5025
-3.50326
-3.5025
-3.50265
-3.50356
-3.50234
-3.50249
-3.50204
-3.5028
-3.5028
-3.50235
-3.50159
-3.50144
-3.50174
-3.50144
-3.5022
-3.50129
-3.50295
-3.50341
-3.5028
-3.5025
-3.50295
-3.50355
-3.50386
-3.5037
-3.5037
-3.50446
-3.50476
-3.50522
-3.50446
-3.50477
-3.50492
-3.50447
-3.50417
-3.50447
-3.50462
-3.50477
-3.50642
-3.50582
-3.50551
-3.50536
-3.50431
-3.50446
-3.50492
-3.50522
-3.50492
-3.50461
-3.50507
-3.5025
-3.50326
-3.50356
-3.50341
-3.50386
-3.50461
-3.50461
-3.50385
-3.50476
-3.50536
-3.50506
-3.50446
-3.50279
-3.50174
-3.50249
-3.50098
-3.50144
-3.50159
-3.50189
-3.50159
-3.5019
-3.5025
-3.50205
-3.50114
-3.49993
-3.49947
-3.49962
-3.49902
-3.49887
-3.49872
-3.49872
-3.49887
-3.49932
-3.49902
-3.49826
-3.49856
-3.49841
-3.49871
-3.49886
-3.49962
-3.49902
-3.49962
-3.49932
-3.49887
-3.49872
-3.49917
-3.49872
-3.49826
-3.49887
-3.49887
-3.49826
-3.4975
-3.49705
-3.49796
-3.49781
-3.49766
-3.49751
-3.49827
-3.49796
-3.49842
-3.49705
-3.49841
-3.49932
-3.49872
-3.49887
-3.49842
-3.49796
-3.49751
-3.49857
-3.49811
-3.4969
-3.49735
-3.49765
-3.49675
-3.49629
-3.4969
-3.49675
-3.49796
-3.49782
-3.49782
-3.49691
-3.49661
-3.49615
-3.49615
-3.49676
-3.4966
-3.4963
-3.49539
-3.49509
-3.49403
-3.49403
-3.49373
-3.49267
-3.49252
-3.49222
-3.49252
-3.49252
-3.49252
-3.49297
-3.49328
-3.49343
-3.49282
-3.49252
-3.49358
-3.49403
-3.49403
-3.49539
-3.49449
-3.49449
-3.49464
-3.4963
-3.4963
-3.4957
-3.4963
-3.49615
-3.49539
-3.4963
-3.49615
-3.496
-3.4957
-3.49539
-3.49555
-3.49509
-3.49449
-3.49404
-3.49404
-3.49434
-3.49419
-3.49464
-3.49494
-3.49675
-3.4969
-3.49675
-3.4966
-3.4966
-3.49676
-3.49661
-3.49661
-3.49661
-3.4963
-3.496
-3.49706
-3.49841
-3.49766
-3.49736
-3.4969
-3.49585
-3.4963
-3.49721
-3.4963
-3.49569
-3.496
-3.49509
-3.49585
-3.49615
-3.49585
-3.49721
-3.49631
-3.4963
-3.49661
-3.4957
-3.49661
-3.49646
-3.49646
-3.49766
-3.49766
-3.49795
-3.49826
-3.49811
-3.49827
-3.49918
-3.49873
-3.49888
-3.49963
-3.50009
-3.50099
-3.50144
-3.50054
-3.50084
-3.50204
-3.5031
-3.5028
-3.50189
-3.5025
-3.50235
-3.50205
-3.5025
-3.50265
-3.50175
-3.5019
-3.50114
-3.50099
-3.50144
-3.50099
-3.50023
-3.50069
-3.50099
-3.50069
-3.50038
-3.50144
-3.50174
-3.50114
-3.50114
-3.50159
-3.50129
-3.5019
-3.5016
-3.5016
-3.50159
-3.5019
-3.50099
-3.50038
-3.50098
-3.50098
-3.50068
-3.50113
-3.50098
-3.50189
-3.50175
-3.5013
-3.50175
-3.5013
-3.50115
-3.50114
-3.50084
-3.50068
-3.50053
-3.49993
-3.49993
-3.49933
-3.49948
-3.49978
-3.50008
-3.49978
-3.49902
-3.49947
-3.49932
-3.50038
-3.50144
-3.50114
-3.50129
-3.5022
-3.50129
-3.50099
-3.50129
-3.50038
-3.50068
-3.50068
-3.49993
-3.50007
-3.50068
-3.50098
-3.50083
-3.50144
-3.50084
-3.50099
-3.50159
-3.50069
-3.50083
-3.50174
-3.50234
-3.50204
-3.50113
-3.50219
-3.50234
-3.50219
-3.50204
-3.50143
-3.50083
-3.50098
-3.50099
-3.50204
-3.50265
-3.50219
-3.50189
-3.50234
-3.50174
-3.50174
-3.50204
-3.50204
-3.50174
-3.50144
-3.50114
-3.50174
-3.5031
-3.50295
-3.50265
-3.50219
-3.50098
-3.50098
-3.50038
-3.49992
-3.49871
-3.49871
-3.49887
-3.49902
-3.49796
-3.49797
-3.49751
-3.49706
-3.49751
-3.49827
-3.49736
-3.49751
-3.49751
-3.49811
-3.49796
-3.49812
-3.49827
-3.49797
-3.49782
-3.49812
-3.49857
-3.49857
-3.49812
-3.49751
-3.49676
-3.49766
-3.49736
-3.49691
-3.49736
-3.49782
-3.49722
-3.49707
-3.49767
-3.49782
-3.49812
-3.49782
-3.49796
-3.49887
-3.49811
-3.49781
-3.49827
-3.49978
-3.49963
-3.49812
-3.49782
-3.49752
-3.49842
-3.49827
-3.49736
-3.49661
-3.49616
-3.4954
-3.49449
-3.4951
-3.4957
-3.49555
-3.49585
-3.49721
-3.49751
-3.49721
-3.49706
-3.49706
-3.49751
-3.49736
-3.49706
-3.49676
-3.4963
-3.49661
-3.49691
-3.49691
-3.49706
-3.49661
-3.49691
-3.49857
-3.49857
-3.49902
-3.49887
-3.49948
-3.49873
-3.49888
-3.49948
-3.49978
-3.49948
-3.49963
-3.49947
-3.49962
-3.49977
-3.49947
-3.50038
-3.50038
-3.50069
-3.5019
-3.50054
-3.49948
-3.49842
-3.49827
-3.49781
-3.49751
-3.49766
-3.49751
-3.49766
-3.496
-3.49495
-3.49525
-3.49525
-3.49404
-3.49419
-3.49479
-3.4957
-3.49554
-3.49615
-3.49675
-3.49751
-3.49691
-3.49676
-3.49736
-3.49706
-3.49736
-3.49676
-3.49751
-3.49766
-3.4969
-3.49735
-3.49766
-3.49841
-3.49872
-3.49751
-3.49781
-3.49751
-3.49811
-3.49796
-3.49766
-3.49796
-3.49781
-3.49826
-3.49842
-3.49781
-3.49706
-3.49766
-3.4972
-3.49735
-3.49765
-3.49796
-3.49796
-3.49796
-3.49796
-3.49886
-3.49962
-3.49992
-3.50113
-3.50159
-3.50174
-3.50128
-3.50174
-3.50204
-3.50174
-3.50143
-3.50053
-3.50068
-3.50023
-3.50022
-3.50068
-3.50022
-3.49992
-3.50082
-3.50052
-3.49931
-3.49947
-3.49977
-3.49871
-3.49962
-3.49977
-3.49871
-3.49856
-3.49765
-3.49886
-3.50006
-3.49976
-3.49962
-3.49947
-3.50007
-3.50023
-3.50083
-3.50023
-3.50128
-3.50037
-3.50052
-3.50158
-3.50173
-3.50173
-3.50158
-3.50143
-3.50097
-3.50112
-3.50173
-3.50188
-3.50143
-3.49992
-3.49992
-3.49962
-3.50022
-3.49992
-3.49962
-3.49886
-3.49916
-3.49916
-3.49886
-3.49886
-3.49901
-3.49841
-3.49826
-3.49871
-3.49977
-3.49886
-3.49902
-3.49917
-3.49841
-3.49917
-3.49916
-3.49916
-3.49946
-3.49916
-3.49961
-3.49946
-3.49961
-3.50007
-3.50052
-3.50022
-3.50037
-3.50098
-3.50068
-3.49962
-3.49962
-3.49811
-3.49781
-3.49705
-3.4969
-3.49584
-3.49614
-3.49569
-3.49478
-3.49508
-3.49493
-3.49584
-3.49584
-3.49674
-3.49644
-3.49675
-3.49645
-3.49841
-3.49902
-3.49902
-3.49947
-3.49977
-3.50083
-3.50007
-3.50007
-3.49961
-3.49931
-3.49931
-3.49841
-3.49856
-3.49992
-3.49977
-3.49947
-3.49962
-3.49901
-3.49931
-3.49916
-3.49871
-3.49901
-3.49856
-3.49705
-3.4972
-3.49856
-3.49825
-3.4978
-3.49735
-3.4975
-3.49735
-3.49765
-3.49765
-3.4975
-3.49826
-3.49825
-3.50037
-3.50173
-3.50158
-3.50082
-3.50112
-3.50082
-3.50158
-3.50158
-3.50083
-3.49886
-3.4975
-3.49841
-3.49856
-3.49886
-3.49871
-3.49795
-3.49871
-3.49871
-3.49704
-3.49734
-3.49598
-3.49553
-3.49447
-3.49387
-3.49447
-3.49508
-3.49584
-3.49584
-3.49584
-3.49644
-3.49705
-3.4975
-3.49765
-3.49705
-3.49704
-3.49614
-3.49674
-3.49659
-3.49795
-3.4984
-3.49795
-3.4981
-3.49886
-3.49841
-3.49841
-3.49856
-3.49826
-3.4978
-3.49795
-3.49719
-3.49704
-3.49644
-3.49659
-3.4972
-3.4975
-3.4966
-3.49644
-3.49705
-3.49795
-3.49765
-3.4981
-3.49795
-3.49779
-3.49719
-3.49689
-3.4972
-3.49765
-3.4972
-3.49675
-3.4966
-3.4969
-3.49705
-3.4975
-3.49795
-3.4981
-3.4984
-3.4993
-3.49825
-3.49825
-3.4981
-3.49795
-3.4969
-3.4978
-3.49811
-3.4975
-3.4978
-3.4984
-3.49734
-3.49795
-3.4984
-3.49901
-3.49901
-3.49931
-3.49976
-3.49991
-3.49916
-3.49901
-3.50022
-3.49916
-3.49961
-3.50037
-3.49991
-3.49976
-3.50052
-3.49991
-3.49961
-3.49946
-3.49901
-3.49856
-3.49765
-3.49795
-3.49886
-3.49901
-3.49886
-3.49977
-3.49992
-3.50067
-3.50067
-3.50158
-3.50188
-3.50234
-3.50249
-3.50188
-3.50173
-3.50339
-3.50323
-3.50293
-3.50278
-3.50188
-3.50234
-3.50143
-3.50128
-3.49992
-3.49962
-3.49886
-3.49841
-3.49856
-3.4984
-3.4975
-3.49764
-3.49734
-3.499
-3.499
-3.49946
-3.50007
-3.50082
-3.50113
-3.50037
-3.50052
-3.50037
-3.50037
-3.50052
-3.50082
-3.50112
-3.50112
-3.50052
-3.50082
-3.49977
-3.49946
-3.50007
-3.49931
-3.49871
-3.49886
-3.49946
-3.49841
-3.4978
-3.49704
-3.49643
-3.49673
-3.49719
-3.49689
-3.49553
-3.49614
-3.49599
-3.49644
-3.4978
-3.4972
-3.49947
-3.49962
-3.50022
-3.50097
-3.50187
-3.50218
-3.50172
-3.50203
-3.50097
-3.50006
-3.50037
-3.49841
-3.4978
-3.4978
-3.4978
-3.4978
-3.49795
-3.49871
-3.49855
-3.49825
-3.4981
-3.49855
-3.49946
-3.49991
-3.50006
-3.49976
-3.49931
-3.49976
-3.49856
-3.49826
-3.49795
-3.49901
-3.49901
-3.49825
-3.499
-3.49991
-3.50006
-3.50051
-3.50067
-3.49991
-3.50112
-3.50128
-3.50098
-3.50143
-3.50083
-3.49977
-3.49931
-3.49992
-3.50006
-3.50112
-3.50006
-3.50066
-3.49991
-3.49961
-3.49916
-3.49916
-3.49962
-3.50007
-3.50037
-3.49992
-3.49977
-3.4984
-3.4978
-3.49886
-3.49916
-3.49931
-3.49946
-3.50007
-3.49916
-3.49931
-3.49931
-3.49855
-3.49931
-3.49946
-3.49991
-3.49901
-3.4984
-3.49886
-3.4987
-3.49825
-3.49901
-3.49916
-3.49961
-3.49961
-3.49901
-3.4978
-3.49886
-3.49841
-3.49856
-3.49811
-3.49871
-3.49857
-3.49736
-3.4969
-3.49644
-3.49734
-3.49613
-3.49629
-3.49494
-3.49539
-3.49615
-3.49554
-3.49644
-3.49569
-3.49417
-3.49553
-3.49599
-3.49569
-3.49493
-3.49538
-3.49508
-3.49403
-3.49343
-3.49448
-3.49479
-3.49509
-3.49524
-3.49553
-3.49644
-3.49508
-3.49508
-3.49508
-3.49509
-3.49509
-3.49524
-3.49493
-3.49418
-3.49433
-3.49463
-3.49523
-3.49599
-3.49523
-3.49569
-3.49614
-3.4972
-3.4975
-3.49735
-3.49659
-3.4972
-3.49719
-3.49795
-3.49841
-3.49735
-3.49781
-3.49675
-3.49811
-3.49871
-3.49826
-3.49796
-3.49917
-3.50007
-3.49886
-3.49886
-3.49735
-3.49825
-3.49735
-3.4978
-3.4969
-3.49705
-3.4966
-3.49705
-3.49735
-3.49765
-3.4975
-3.4975
-3.49751
-3.49751
-3.49811
-3.49856
-3.49871
-3.49841
-3.49841
-3.49886
-3.49856
-3.49886
-3.49856
-3.49886
-3.49871
-3.49901
-3.50007
-3.50007
-3.49992
-3.50052
-3.50052
-3.50052
-3.50007
-3.49947
-3.49917
-3.49932
-3.49977
-3.49947
-3.49917
-3.49901
-3.49826
-3.4978
-3.4972
-3.4972
-3.49735
-3.49704
-3.49704
-3.4978
-3.49795
-3.49856
-3.49811
-3.4969
-3.49645
-3.49615
-3.49584
-3.49539
-3.49554
-3.49493
-3.49478
-3.49508
-3.49447
-3.49583
-3.49584
-3.49584
-3.49478
-3.49539
-3.49629
-3.49569
-3.49599
-3.49615
-3.49539
-3.49524
-3.49524
-3.49539
-3.49659
-3.49629
-3.49629
-3.49553
-3.49569
-3.49689
-3.49629
-3.49584
-3.49629
-3.49689
-3.49705
-3.4972
-3.49674
-3.49735
-3.49856
-3.49826
-3.49796
-3.49841
-3.49871
-3.4978
-3.49659
-3.49614
-3.49584
-3.49614
-3.49599
-3.49614
-3.49766
-3.49705
-3.4972
-3.4972
-3.4972
-3.49765
-3.4972
-3.49735
-3.49719
-3.49765
-3.4978
-3.4975
-3.49826
-3.49751
-3.49766
-3.49736
-3.4969
-3.4966
-3.49569
-3.49493
-3.49493
-3.49644
-3.49614
-3.49569
-3.49599
-3.49599
-3.4963
-3.49554
-3.49614
-3.49584
-3.49554
-3.49538
-3.49568
-3.49583
-3.49659
-3.49659
-3.49629
-3.49629
-3.4969
-3.4966
-3.49645
-3.49705
-3.4975
-3.49841
-3.4978
-3.49795
-3.49826
-3.4978
-3.49825
-3.49795
-3.49705
-3.49629
-3.49554
-3.49539
-3.49478
-3.49523
-3.49705
-3.49856
-3.49901
-3.49992
-3.49961
-3.49977
-3.49916
-3.49841
-3.4981
-3.49614
-3.49599
-3.49659
-3.49735
-3.49825
-3.4984
-3.4981
-3.49871
-3.49871
-3.50053
-3.50158
-3.50173
-3.50113
-3.50158
-3.50037
-3.50037
-3.50097
-3.50097
-3.50097
-3.50188
-3.50218
-3.50354
-3.50279
-3.50203
-3.50173
-3.50158
-3.50098
-3.50128
-3.50234
-3.50128
-3.50188
-3.50128
-3.50097
-3.50007
-3.50188
-3.50204
-3.50264
-3.50143
-3.50067
-3.50143
-3.50294
-3.50249
-3.50234
-3.50068
-3.50113
-3.50218
-3.50173
-3.50082
-3.50051
-3.50036
-3.50051
-3.50112
-3.50158
-3.50173
-3.50128
-3.49992
-3.49931
-3.49871
-3.4984
-3.49825
-3.49855
-3.4978
-3.4987
-3.49961
-3.49886
-3.49855
-3.4984
-3.49916
-3.49961
-3.49886
-3.49961
-3.50007
-3.50037
-3.49992
-3.50022
-3.49961
-3.4984
-3.49855
-3.49916
-3.49885
-3.49931
-3.49886
-3.49992
-3.50113
-3.49992
-3.49961
-3.49992
-3.49961
-3.49901
-3.50052
-3.49961
-3.4987
-3.49734
-3.4975
-3.4984
-3.4984
-3.49765
-3.49886
-3.49826
-3.4978
-3.49795
-3.4972
-3.4969
-3.49645
-3.49735
-3.4975
-3.49795
-3.4981
-3.4972
-3.49825
-3.49826
-3.49916
-3.49992
-3.49961
-3.49886
-3.49856
-3.49856
-3.49902
-3.49841
-3.49826
-3.49811
-3.49826
-3.49795
-3.49765
-3.4969
-3.49765
-3.4972
-3.4972
-3.4975
-3.49705
-3.49659
-3.49704
-3.49629
-3.49674
-3.49765
-3.49795
-3.49841
-3.49947
-3.49901
-3.49947
-3.49977
-3.49946
-3.50007
-3.50022
-3.50037
-3.50036
-3.50082
-3.50082
-3.50128
-3.50083
-3.50068
-3.50098
-3.50037
-3.50098
-3.50143
-3.50098
-3.50083
-3.49977
-3.49931
-3.49825
-3.4984
-3.4972
-3.49886
-3.49825
-3.4975
-3.49825
-3.4975
-3.4978
-3.49825
-3.49795
-3.49689
-3.49644
-3.49689
-3.49689
-3.49583
-3.49628
-3.49674
-3.49689
-3.49779
-3.49885
-3.4984
-3.49765
-3.49674
-3.49644
-3.49629
-3.49644
-3.49629
-3.49614
-3.49599
-3.49599
-3.49644
-3.49674
-3.49795
-3.49705
-3.49735
-3.4975
-3.49795
-3.4981
-3.49734
-3.49764
-3.4984
-3.49945
-3.49961
-3.49915
-3.49825
-3.4975
-3.49735
-3.49704
-3.49704
-3.49749
-3.49644
-3.49568
-3.49553
-3.49583
-3.49599
-3.49599
-3.49629
-3.49614
-3.49705
-3.49629
-3.49659
-3.49644
-3.49644
-3.49719
-3.49734
-3.49749
-3.49779
-3.49704
-3.49674
-3.49765
-3.4975
-3.4978
-3.49765
-3.4981
-3.49795
-3.49886
-3.49825
-3.4984
-3.49931
-3.50006
-3.49991
-3.49976
-3.50052
-3.50052
-3.50052
-3.50052
-3.50067
-3.50067
-3.50067
-3.50067
-3.50142
-3.50218
-3.50188
-3.50233
-3.50188
-3.50173
-3.50127
-3.50127
-3.49976
-3.49991
-3.50082
-3.50097
-3.50067
-3.50082
-3.50097
-3.50037
-3.50021
-3.49976
-3.50021
-3.49946
-3.50006
-3.4987
-3.49825
-3.4978
-3.49795
-3.4972
-3.49659
-3.49598
-3.49598
-3.49522
-3.49628
-3.49538
-3.49538
-3.49523
-3.49463
-3.49554
-3.49493
-3.49523
-3.49599
-3.49614
-3.49629
-3.49599
-3.49584
-3.49614
-3.49614
-3.49614
-3.4966
-3.4969
-3.4969
-3.49674
-3.49719
-3.49704
-3.4981
-3.4981
-3.4975
-3.49751
-3.49796
-3.49811
-3.49841
-3.49765
-3.4975
-3.49765
-3.49749
-3.4987
-3.49825
-3.4978
-3.49886
-3.4984
-3.49931
-3.49977
-3.50037
-3.50052
-3.50067
-3.50158
-3.50082
-3.50082
-3.50037
-3.50067
-3.50052
-3.50006
-3.50022
-3.50007
-3.50143
-3.50113
-3.50113
-3.50173
-3.50188
-3.50158
-3.50112
-3.50082
-3.50097
-3.50142
-3.50203
-3.50188
-3.50309
-3.50233
-3.50052
-3.50083
-3.50037
-3.50007
-3.50037
-3.49931
-3.49976
-3.4984
-3.49855
-3.49886
-3.49992
-3.50052
-3.50007
-3.49977
-3.50007
-3.49947
-3.50022
-3.49962
-3.49871
-3.49871
-3.4981
-3.49885
-3.4987
-3.49885
-3.4987
-3.49871
-3.49765
-3.49796
-3.4972
-3.4966
-3.49615
-3.4966
-3.49735
-3.49645
-3.49614
-3.49629
-3.49674
-3.4972
-3.49674
-3.49553
-3.49554
-3.49599
-3.49584
-3.49554
-3.49584
-3.49554
-3.4969
-3.4969
-3.49644
-3.49705
-3.49614
-3.49644
-3.4972
-3.4969
-3.4969
-3.49765
-3.49735
-3.49826
-3.49901
-3.49856
-3.49886
-3.49901
-3.49976
-3.49946
-3.50007
-3.49962
-3.49992
-3.49916
-3.50037
-3.50082
-3.50067
-3.50128
-3.49947
-3.49992
-3.50038
-3.49947
-3.50008
-3.49932
-3.49916
-3.49886
-3.4975
-3.4972
-3.4966
-3.4963
-3.496
-3.49615
-3.49569
-3.49645
-3.49629
-3.49569
-3.49751
-3.49766
-3.49781
-3.49902
-3.50023
-3.49962
-3.49977
-3.49931
-3.49931
-3.49901
-3.49856
-3.49795
-3.49841
-3.49826
-3.49781
-3.49766
-3.49781
-3.49886
-3.49856
-3.49826
-3.49901
-3.49825
-3.4984
-3.4984
-3.4978
-3.49826
-3.4969
-3.49841
-3.49871
-3.49841
-3.49826
-3.49962
-3.49901
-3.49961
-3.49946
-3.49961
-3.49931
-3.49931
-3.49992
-3.49977
-3.49946
-3.49916
-3.49916
-3.50007
-3.49992
-3.50083
-3.50022
-3.49962
-3.49962
-3.49961
-3.50128
-3.50188
-3.50249
-3.50203
-3.50219
-3.50249
-3.50219
-3.50234
-3.50264
-3.50143
-3.50128
-3.50158
-3.50127
-3.50127
-3.50188
-3.49916
-3.49811
-3.49811
-3.49781
-3.4966
-3.4969
-3.49841
-3.49826
-3.49901
-3.4984
-3.4981
-3.49795
-3.4975
-3.49735
-3.49901
-3.49977
-3.49916
-3.49916
-3.50037
-3.49991
-3.50037
-3.50037
-3.50037
-3.50082
-3.50007
-3.49946
-3.49961
-3.50067
-3.50173
-3.50188
-3.50188
-3.50127
-3.50173
-3.50022
-3.50022
-3.50264
-3.50279
-3.50339
-3.50339
-3.50294
-3.50248
-3.50339
-3.50399
-3.50384
-3.50414
-3.50459
-3.50429
-3.50384
-3.5052
-3.50505
-3.50414
-3.50354
-3.50309
-3.50324
-3.504
-3.504
-3.50354
-3.50339
-3.50324
-3.50324
-3.50278
-3.50188
-3.50158
-3.50112
-3.50143
-3.50128
-3.50128
-3.50082
-3.50037
-3.50021
-3.50021
-3.50036
-3.50021
-3.50037
-3.50037
-3.49976
-3.50022
-3.49961
-3.49886
-3.49855
-3.4978
-3.49764
-3.49825
-3.4984
-3.4987
-3.4984
-3.4978
-3.4978
-3.4975
-3.49659
-3.49674
-3.49719
-3.49795
-3.49825
-3.4984
-3.49749
-3.49673
-3.49613
-3.49659
-3.49719
-3.49689
-3.49689
-3.49644
-3.49704
-3.49583
-3.49553
-3.49704
-3.49764
-3.49689
-3.49779
-3.49719
-3.49749
-3.49673
-3.49643
-3.49643
-3.49658
-3.49659
-3.49643
-3.49568
-3.49598
-3.49568
-3.49523
-3.49568
-3.49674
-3.49704
-3.49719
-3.4978
-3.49795
-3.4984
-3.49885
-3.49825
-3.49825
-3.4978
-3.4975
-3.4987
-3.49901
-3.50006
-3.49991
-3.499
-3.49855
-3.499
-3.49946
-3.4984
-3.4987
-3.49795
-3.49719
-3.49689
-3.49644
-3.49674
-3.49584
-3.49569
-3.49538
-3.49553
-3.49584
-3.49629
-3.49584
-3.49659
-3.49765
-3.49795
-3.49855
-3.499
-3.49915
-3.49794
-3.49779
-3.4981
-3.4978
-3.4975
-3.49735
-3.4981
-3.49795
-3.49795
-3.49689
-3.4978
-3.49704
-3.49719
-3.49704
-3.4981
-3.49795
-3.49871
-3.49811
-3.49735
-3.49705
-3.4975
-3.49704
-3.49704
-3.49704
-3.49674
-3.4978
-3.4984
-3.49871
-3.49886
-3.49871
-3.49841
-3.49962
-3.49977
-3.49977
-3.50007
-3.50083
-3.50037
-3.50158
-3.50188
-3.50158
-3.50158
-3.50157
-3.50188
-3.50278
-3.50384
-3.50415
-3.50354
-3.50369
-3.50278
-3.50263
-3.50233
-3.50158
-3.50083
-3.50008
-3.50129
-3.50234
-3.50325
-3.5034
-3.504
-3.504
-3.5037
-3.50369
-3.50324
-3.50248
-3.50142
-3.50218
-3.50263
-3.50248
-3.50369
-3.50294
-3.50294
-3.50233
-3.50188
-3.50128
-3.50143
-3.50067
-3.50098
-3.50098
-3.50083
-3.50037
-3.50037
-3.50037
-3.50037
-3.50188
-3.50113
-3.50022
-3.50082
-3.50006
-3.50021
-3.50172
-3.50188
-3.50158
-3.50097
-3.50052
-3.49962
-3.49977
-3.49992
-3.49826
-3.49796
-3.49841
-3.49841
-3.49856
-3.49856
-3.49765
-3.49629
-3.49644
-3.4969
-3.49675
-3.49705
-3.49675
-3.49795
-3.4975
-3.49765
-3.49704
-3.49689
-3.4975
-3.4978
-3.49826
-3.49811
-3.49765
-3.4972
-3.49614
-3.49554
-3.49524
-3.49523
-3.49554
-3.49584
-3.49629
-3.49644
-3.49644
-3.49583
-3.49583
-3.49583
-3.49629
-3.49644
-3.4972
-3.49811
-3.49736
-3.49705
-3.4966
-3.49645
-3.49675
-3.49614
-3.49614
-3.49674
-3.49629
-3.49569
-3.49538
-3.49569
-3.49508
-3.49539
-3.49584
-3.49599
-3.4969
-3.49766
-3.49614
-3.4972
-3.49735
-3.49856
-3.49886
-3.49871
-3.49886
-3.49962
-3.49917
-3.49781
-3.49992
-3.49977
-3.49932
-3.49947
-3.49901
-3.49826
-3.49825
-3.49901
-3.49916
-3.50007
-3.50023
-3.49993
-3.49932
-3.50068
-3.50023
-3.50143
-3.50174
-3.50264
-3.50174
-3.50113
-3.50128
-3.50143
-3.50143
-3.50173
-3.50233
-3.50218
-3.50234
-3.50309
-3.50234
-3.50113
-3.50068
-3.49917
-3.49886
-3.49932
-3.49872
-3.49811
-3.49766
-3.49841
-3.49796
-3.49781
-3.4978
-3.4981
-3.4984
-3.49795
-3.4978
-3.4975
-3.4969
-3.49645
-3.4969
-3.4963
-3.4969
-3.49736
-3.49751
-3.49781
-3.4969
-3.49735
-3.49781
-3.49796
-3.49811
-3.49781
-3.4969
-3.4963
-3.49539
-3.49524
-3.49478
-3.49569
-3.4966
-3.49629
-3.49675
-3.49675
-3.49629
-3.49569
-3.49493
-3.49524
-3.49584
-3.4966
-3.4966
-3.4966
-3.49751
-3.49705
-3.4963
-3.49705
-3.49705
-3.49735
-3.49735
-3.4972
-3.49826
-3.49826
-3.49781
-3.49826
-3.49886
-3.49871
-3.49947
-3.50007
-3.49947
-3.49871
-3.49826
-3.49826
-3.49916
-3.49871
-3.49781
-3.49675
-3.49615
-3.49554
-3.49464
-3.49494
-3.496
-3.49705
-3.4966
-3.4969
-3.49675
-3.49644
-3.49523
-3.49554
-3.49584
-3.49584
-3.49645
-3.49584
-3.49584
-3.4966
-3.4966
-3.49705
-3.4972
-3.4975
-3.4975
-3.4972
-3.4972
-3.49811
-3.49796
-3.49902
-3.49902
-3.49962
-3.50023
-3.50023
-3.49992
-3.49962
-3.49902
-3.49992
-3.49977
-3.50038
-3.49932
-3.50023
-3.50068
-3.50083
-3.50023
-3.50008
-3.49963
-3.49947
-3.49857
-3.49796
-3.49721
-3.4969
-3.49721
-3.49781
-3.49691
-3.49796
-3.49796
-3.49721
-3.49781
-3.49736
-3.49675
-3.49645
-3.49645
-3.4963
-3.49554
-3.496
-3.496
-3.49509
-3.49464
-3.49479
-3.49539
-3.49525
-3.49555
-3.49525
-3.4951
-3.49434
-3.49449
-3.49494
-3.49524
-3.49629
-3.49569
-3.49569
-3.49615
-3.4966
-3.49585
-3.49646
-3.49615
-3.49691
-3.49766
-3.49797
-3.49842
-3.49932
-3.49887
-3.49872
-3.49797
-3.49812
-3.49812
-3.49796
-3.49826
-3.49871
-3.49872
-3.49917
-3.50008
-3.49978
-3.50038
-3.50023
-3.49963
-3.49933
-3.49963
-3.50038
-3.50008
-3.49978
-3.50038
-3.50114
-3.50008
-3.49993
-3.49993
-3.49993
-3.50038
-3.49962
-3.49902
-3.49902
-3.49871
-3.49781
-3.49811
-3.49917
-3.49918
-3.49812
-3.49736
-3.49782
-3.49812
-3.49796
-3.49781
-3.49705
-3.49736
-3.4966
-3.49736
-3.49676
-3.49721
-3.49645
-3.49751
-3.49751
-3.49796
-3.49766
-3.49781
-3.49796
-3.49856
-3.49856
-3.49992
-3.50008
-3.50038
-3.50038
-3.50038
-3.50023
-3.50068
-3.50189
-3.5025
-3.50265
-3.50204
-3.50204
-3.50294
-3.50385
-3.504
-3.50385
-3.50446
-3.50491
-3.50476
-3.50461
-3.50401
-3.50386
-3.5031
-3.50325
-3.50249
-3.50204
-3.50158
-3.50203
-3.5037
-3.50324
-3.50279
-3.50279
-3.50159
-3.50098
-3.50038
-3.50008
-3.49902
-3.49902
-3.49856
-3.49901
-3.49856
-3.49826
-3.49811
-3.49886
-3.49932
-3.49932
-3.49962
-3.49932
-3.49932
-3.49857
-3.49842
-3.49872
-3.49947
-3.49992
-3.49947
-3.49977
-3.49947
-3.49977
-3.50007
-3.50158
-3.50083
-3.50052
-3.49977
-3.49886
-3.49826
-3.4972
-3.49766
-3.49675
-3.49766
-3.49615
-3.49539
-3.49539
-3.49524
-3.49448
-3.49358
-3.49388
-3.49373
-3.49373
-3.49298
-3.49419
-3.49509
-3.49554
-3.49569
-3.4963
-3.49629
-3.49584
-3.49524
-3.49494
-3.49449
-3.49404
-3.49449
-3.4951
-3.49571
-3.49616
-3.4957
-3.4963
-3.4966
-3.4969
-3.49705
-3.49599
-3.49615
-3.4969
-3.4966
-3.4966
-3.49479
-3.49479
-3.49419
-3.49479
-3.49404
-3.49404
-3.49374
-3.49374
-3.49298
-3.49374
-3.49358
-3.49313
-3.49267
-3.49342
-3.49357
-3.49448
-3.49463
-3.49478
-3.49493
-3.49645
-3.4969
-3.49781
-3.4966
-3.496
-3.49539
-3.49569
-3.49629
-3.49614
-3.49735
-3.49675
-3.4972
-3.4966
-3.49796
-3.49795
-3.49841
-3.4981
-3.49705
-3.49735
-3.49735
-3.49765
-3.49735
-3.4975
-3.49871
-3.49932
-3.49947
-3.50008
-3.50008
-3.50068
-3.50174
-3.50249
-3.50173
-3.50173
-3.50173
-3.50233
-3.50249
-3.50309
-3.50188
-3.50203
-3.50188
-3.50143
-3.50053
-3.49902
-3.49917
-3.49856
-3.49856
-3.49886
-3.49901
-3.49826
-3.49947
-3.49916
-3.49871
-3.4978
-3.49735
-3.49675
-3.49675
-3.49705
-3.4978
-3.4978
-3.49689
-3.4975
-3.49765
-3.49781
-3.49811
-3.49826
-3.49796
-3.49751
-3.49796
-3.49766
-3.49871
-3.49962
-3.49901
-3.49901
-3.50007
-3.50007
-3.50022
-3.49977
-3.49947
-3.49932
-3.49992
-3.49886
-3.49947
-3.49887
-3.49887
-3.49917
-3.49857
-3.49947
-3.49827
-3.49826
-3.49826
-3.49811
-3.49705
-3.49735
-3.4975
-3.49781
-3.49705
-3.49826
-3.49765
-3.49811
-3.49856
-3.49917
-3.49962
-3.49872
-3.50008
-3.49887
-3.49842
-3.49826
-3.49841
-3.49902
-3.49902
-3.49841
-3.49932
-3.49947
-3.50053
-3.50007
-3.50037
-3.50083
-3.50098
-3.49946
-3.50052
-3.50037
-3.50037
-3.50113
-3.50007
-3.49962
-3.50144
-3.50265
-3.50219
-3.50219
-3.50174
-3.50159
-3.50068
-3.50143
-3.50113
-3.50052
-3.50021
-3.49961
-3.49871
-3.49857
-3.49842
-3.49706
-3.49751
-3.49751
-3.49796
-3.49796
-3.49766
-3.49811
-3.49826
-3.49796
-3.49765
-3.49871
-3.49826
-3.49765
-3.49871
-3.49826
-3.49811
-3.49902
-3.49811
-3.4978
-3.49659
-3.49735
-3.49644
-3.49675
-3.4969
-3.49736
-3.49766
-3.49811
-3.49721
-3.49691
-3.4969
-3.49675
-3.4969
-3.49705
-3.49614
-3.49508
-3.49463
-3.49539
-3.49493
-3.49478
-3.49494
-3.49464
-3.49554
-3.49585
-3.49706
-3.49676
-3.49691
-3.49721
-3.4966
-3.49585
-3.49599
-3.49629
-3.4975
-3.49675
-3.49705
-3.49721
-3.49615
-3.49585
-3.49645
-3.4969
-3.4963
-3.4963
-3.49615
-3.496
-3.49645
-3.4963
-3.49645
-3.49705
-3.49735
-3.4978
-3.4981
-3.49841
-3.49871
-3.49932
-3.49932
-3.49932
-3.49932
-3.49872
-3.49811
-3.49781
-3.4972
-3.4963
-3.49539
-3.49509
-3.49524
-3.49524
-3.49524
-3.49509
-3.49524
-3.49554
-3.49585
-3.496
-3.4966
-3.4963
-3.49615
-3.49675
-3.49706
-3.4969
-3.49705
-3.49781
-3.49675
-3.4969
-3.49706
-3.4966
-3.49736
-3.49796
-3.49796
-3.49842
-3.49947
-3.49842
-3.49842
-3.49826
-3.49932
-3.49962
-3.49947
-3.49916
-3.49856
-3.49811
-3.49811
-3.49857
-3.49887
-3.49827
-3.49857
-3.49751
-3.49646
-3.49646
-3.49691
-3.49675
-3.4969
-3.49796
-3.49886
-3.49886
-3.49871
-3.49917
-3.49947
-3.49917
-3.49736
-3.49675
-3.49781
-3.49766
-3.49841
-3.49902
-3.49932
-3.49948
-3.49993
-3.49948
-3.49962
-3.49977
-3.49962
-3.49902
-3.49811
-3.49691
-3.49812
-3.49872
-3.49963
-3.49963
-3.50038
-3.50008
-3.49993
-3.50008
-3.49932
-3.50008
-3.49917
-3.49932
-3.49977
-3.50022
-3.49992
-3.50007
-3.50022
-3.50038
-3.50008
-3.50068
-3.50129
-3.50099
-3.50083
-3.50114
-3.50204
-3.50189
-3.50174
-3.50113
-3.50158
-3.50083
-3.50188
-3.50068
-3.50022
-3.49947
-3.49932
-3.50007
-3.49993
-3.49887
-3.49947
-3.49917
-3.49963
-3.49902
-3.49918
-3.49993
-3.50038
-3.50038
-3.50037
-3.50022
-3.50037
-3.50053
-3.50098
-3.50234
-3.5028
-3.5031
-3.50355
-3.5034
-3.50204
-3.50113
-3.50113
-3.50008
-3.49947
-3.49917
-3.50053
-3.49993
-3.50053
-3.50038
-3.50038
-3.49977
-3.49932
-3.49947
-3.49963
-3.49993
-3.49947
-3.49887
-3.49841
-3.49826
-3.49917
-3.50007
-3.49932
-3.49932
-3.49902
-3.49781
-3.49766
-3.49721
-3.49675
-3.49751
-3.49706
-3.49721
-3.49781
-3.4966
-3.49585
-3.49569
-3.4966
-3.49645
-3.496
-3.49645
-3.49675
-3.4966
-3.49705
-3.49675
-3.49766
-3.49751
-3.49781
-3.49721
-3.4969
-3.49735
-3.49675
-3.4963
-3.49645
-3.49751
-3.49721
-3.4966
-3.49705
-3.49736
-3.49705
-3.49705
-3.4966
-3.49629
-3.49675
-3.49766
-3.4972
-3.49766
-3.49856
-3.49962
-3.50068
-3.50083
-3.50173
-3.50022
-3.49932
-3.49856
-3.49962
-3.49977
-3.49916
-3.50022
-3.49977
-3.49916
-3.49811
-3.49765
-3.4975
-3.49675
-3.4969
-3.4972
-3.49644
-3.49674
-3.4972
-3.49674
-3.4975
-3.4981
-3.4981
-3.4978
-3.49826
-3.49796
-3.49781
-3.49705
-3.49705
-3.49705
-3.4972
-3.49841
-3.49796
-3.49766
-3.49826
-3.49871
-3.49871
-3.49825
-3.49825
-3.49765
-3.49826
-3.49811
-3.49796
-3.49856
-3.49886
-3.49886
-3.49856
-3.49825
-3.49871
-3.49856
-3.49825
-3.49916
-3.49825
-3.49841
-3.49901
-3.49871
-3.49886
-3.49796
-3.49826
-3.49735
-3.4972
-3.4972
-3.49765
-3.49765
-3.49749
-3.4975
-3.49689
-3.49674
-3.49569
-3.49659
-3.4969
-3.49781
-3.49751
-3.49796
-3.49751
-3.49766
-3.4972
-3.49749
-3.49704
-3.49704
-3.49659
-3.49689
-3.49674
-3.4972
-3.49765
-3.49735
-3.49705
-3.49674
-3.49644
-3.49614
-3.49584
-3.49614
-3.49629
-3.49659
-3.49674
-3.4981
-3.49871
-3.49962
-3.49962
-3.49992
-3.50037
-3.49962
-3.49946
-3.49991
-3.49976
-3.49961
-3.49886
-3.49795
-3.49886
-3.49825
-3.49841
-3.4978
-3.49629
-3.49584
-3.49644
-3.4969
-3.4972
-3.4969
-3.4975
-3.49735
-3.4966
-3.49539
-3.49493
-3.49403
-3.49418
-3.49539
-3.49524
-3.4969
-3.49659
-3.49705
-3.49735
-3.49825
-3.49916
-3.49916
-3.49901
-3.49932
-3.49886
-3.49932
-3.49962
-3.49931
-3.49795
-3.49901
-3.49825
-3.4975
-3.49765
-3.4975
-3.4969
-3.49856
-3.49916
-3.49901
-3.49841
-3.49931
-3.49992
-3.49992
-3.49977
-3.49931
-3.49931
-3.49901
-3.49871
-3.49735
-3.49795
-3.49765
-3.49765
-3.49795
-3.49704
-3.49705
-3.49735
-3.4975
-3.49659
-3.49704
-3.49704
-3.49719
-3.49719
-3.49734
-3.49674
-3.49674
-3.49674
-3.49554
-3.49554
-3.49538
-3.49568
-3.49523
-3.49538
-3.49523
-3.49508
-3.49613
-3.49629
-3.49598
-3.49538
-3.49614
-3.49583
-3.49629
-3.49719
-3.49719
-3.49599
-3.49553
-3.49508
-3.49493
-3.49478
-3.49462
-3.49492
-3.49477
-3.49553
-3.49583
-3.49643
-3.49628
-3.49659
-3.49689
-3.4972
-3.49735
-3.4972
-3.49735
-3.4975
-3.49689
-3.49704
-3.4975
-3.49765
-3.49704
-3.49719
-3.49764
-3.49749
-3.49764
-3.49764
-3.499
-3.499
-3.49825
-3.49885
-3.4981
-3.4987
-3.4987
-3.49885
-3.4993
-3.4981
-3.49689
-3.49765
-3.49855
-3.49901
-3.49961
-3.49916
-3.49946
-3.49885
-3.499
-3.49961
-3.49915
-3.49946
-3.499
-3.4987
-3.49809
-3.49719
-3.49673
-3.49704
-3.49659
-3.49614
-3.49583
-3.49599
-3.49614
-3.49704
-3.4984
-3.4975
-3.4981
-3.49931
-3.49992
-3.49961
-3.50097
-3.50066
-3.50126
-3.50036
-3.50096
-3.50036
-3.50097
-3.50006
-3.49931
-3.4987
-3.49765
-3.49704
-3.49629
-3.49614
-3.49568
-3.49674
-3.49583
-3.49568
-3.49568
-3.49538
-3.49553
-3.49523
-3.49583
-3.49538
-3.49628
-3.49583
-3.49553
-3.49462
-3.49492
-3.49629
-3.4978
-3.49795
-3.4975
-3.4978
-3.4972
-3.49856
-3.4981
-3.4984
-3.49764
-3.49779
-3.49734
-3.49719
-3.49795
-3.49719
-3.4981
-3.49735
-3.4978
-3.49856
-3.49901
-3.4984
-3.4981
-3.4978
-3.4981
-3.49856
-3.49961
-3.49962
-3.50037
-3.49992
-3.49902
-3.49856
-3.49886
-3.49825
-3.49734
-3.49689
-3.49734
-3.4972
-3.4969
-3.49644
-3.49629
-3.49629
-3.49644
-3.49705
-3.49705
-3.49751
-3.49811
-3.49886
-3.49901
-3.49977
-3.49901
-3.49977
-3.49946
-3.49991
-3.50021
-3.50036
-3.50051
-3.50112
-3.50052
-3.49946
-3.49931
-3.50007
-3.50052
-3.50022
-3.50067
-3.49992
-3.50097
-3.50188
-3.50324
-3.50339
-3.50324
-3.50324
-3.50264
-3.50355
-3.50385
-3.50536
-3.5055
-3.5052
-3.5058
-3.5052
-3.50475
-3.5052
-3.50506
-3.5043
-3.504
-3.5037
-3.5031
-3.50294
-3.50143
-3.50022
-3.49931
-3.49946
-3.49931
-3.49931
-3.49946
-3.49931
-3.50022
-3.50022
-3.49931
-3.49901
-3.49931
-3.49992
-3.49947
-3.49901
-3.49826
-3.49826
-3.49992
-3.49901
-3.49901
-3.49901
-3.49916
-3.49946
-3.49916
-3.49977
-3.49962
-3.49977
-3.49871
-3.4981
-3.4981
-3.49719
-3.4978
-3.49795
-3.49705
-3.4972
-3.49675
-3.49584
-3.49614
-3.49705
-3.4972
-3.4972
-3.49659
-3.49659
-3.49584
-3.49584
-3.49644
-3.49599
-3.49553
-3.49508
-3.49629
-3.49614
-3.49539
-3.49599
-3.49569
-3.49705
-3.49675
-3.49599
-3.49584
-3.49568
-3.49493
-3.49508
-3.49463
-3.49387
-3.49478
-3.49508
-3.49493
-3.49569
-3.49554
-3.49509
-3.49585
-3.49509
-3.49539
-3.49493
-3.49463
-3.49584
-3.49524
-3.49569
-3.4957
-3.49555
-3.49585
-3.496
-3.496
-3.4963
-3.4963
-3.4966
-3.49554
-3.496
-3.49509
-3.49509
-3.49479
-3.49388
-3.49343
-3.49419
-3.49388
-3.49509
-3.49464
-3.49479
-3.49509
-3.49555
-3.4966
-3.49706
-3.49706
-3.49766
-3.49736
-3.49736
-3.49706
-3.49615
-3.4963
-3.49646
-3.49661
-3.49691
-3.49691
-3.49812
-3.49797
-3.49827
-3.49888
-3.49918
-3.49888
-3.49842
-3.49857
-3.49857
-3.49978
-3.49826
-3.49796
-3.49826
-3.49796
-3.49797
-3.49872
-3.49872
-3.49857
-3.49842
-3.49993
-3.49933
-3.49872
-3.49842
-3.49842
-3.49842
-3.49796
-3.49766
-3.49797
-3.49812
-3.49782
-3.49872
-3.49797
-3.49721
-3.49781
-3.49827
-3.49706
-3.49721
-3.49781
-3.49736
-3.49751
-3.49781
-3.49842
-3.49766
-3.49645
-3.49766
-3.49751
-3.49691
-3.49661
-3.49706
-3.49736
-3.49812
-3.49888
-3.49812
-3.49782
-3.49827
-3.49766
-3.49706
-3.49721
-3.49782
-3.49888
-3.49842
-3.49903
-3.49887
-3.49902
-3.49947
-3.49963
-3.49933
-3.49948
-3.49963
-3.50039
-3.49978
-3.50008
-3.49978
-3.49993
-3.49902
-3.49948
-3.49902
-3.49887
-3.49918
-3.49887
-3.49933
-3.49963
-3.49903
-3.49963
-3.50009
-3.50069
-3.50024
-3.49933
-3.50054
-3.50038
-3.49978
-3.49993
-3.50068
-3.50084
-3.50008
-3.49978
-3.49948
-3.49963
-3.49994
-3.49978
-3.49963
-3.49857
-3.49812
-3.49872
-3.49842
-3.49827
-3.49766
-3.49796
-3.49812
-3.49782
-3.49873
-3.49812
-3.49842
-3.49872
-3.49827
-3.49782
-3.49737
-3.49797
-3.49857
-3.49797
-3.49797
-3.49857
-3.49857
-3.49796
-3.49721
-3.49646
-3.49555
-3.4951
-3.49495
-3.49464
-3.49404
-3.49419
-3.49404
-3.49465
-3.4945
-3.4945
-3.49434
-3.49494
-3.49524
-3.49464
-3.49464
-3.49495
-3.4954
-3.49706
-3.496
-3.49661
-3.49646
-3.4954
-3.4957
-3.4951
-3.4957
-3.49555
-3.49646
-3.49661
-3.496
-3.49676
-3.49721
-3.49721
-3.49766
-3.49751
-3.49766
-3.49736
-3.49691
-3.49782
-3.49767
-3.49903
-3.49813
-3.49782
-3.49812
-3.49737
-3.49752
-3.49752
-3.49797
-3.50008
-3.49857
-3.49812
-3.49918
-3.49963
-3.49993
-3.49903
-3.49933
-3.49933
-3.49903
-3.49948
-3.49812
-3.49797
-3.49887
-3.49872
-3.49903
-3.49857
-3.49918
-3.49918
-3.49978
-3.50008
-3.50008
-3.50038
-3.49993
-3.49993
-3.49948
-3.49917
-3.49887
-3.49872
-3.49842
-3.49812
-3.49797
-3.49842
-3.49676
-3.49676
-3.49676
-3.49782
-3.49736
-3.49781
-3.49811
-3.49751
-3.49705
-3.49781
-3.49826
-3.49781
-3.49766
-3.49766
-3.49646
-3.49615
-3.4954
-3.49585
-3.49585
-3.4966
-3.49615
-3.4966
-3.49721
-3.49691
-3.49797
-3.49691
-3.4963
-3.49691
-3.49691
-3.49706
-3.4963
-3.49721
-3.49751
-3.49842
-3.49872
-3.49812
-3.49842
-3.49903
-3.49918
-3.50008
-3.49978
-3.49947
-3.49857
-3.49902
-3.49811
-3.49842
-3.49781
-3.49797
-3.49812
-3.49766
-3.49676
-3.49691
-3.4966
-3.49615
-3.49555
-3.49555
-3.49691
-3.49766
-3.49857
-3.49903
-3.49888
-3.49918
-3.49812
-3.49782
-3.49797
-3.49706
-3.49721
-3.49766
-3.49691
-3.49736
-3.4963
-3.49616
-3.49646
-3.49736
-3.49691
-3.49555
-3.49555
-3.49509
-3.496
-3.49555
-3.49645
-3.4966
-3.49615
-3.49676
-3.49691
-3.49736
-3.49676
-3.49706
-3.49631
-3.49676
-3.4963
-3.49569
-3.49539
-3.49569
-3.49675
-3.49645
-3.49645
-3.49691
-3.49585
-3.4954
-3.49615
-3.49646
-3.496
-3.496
-3.496
-3.4966
-3.49675
-3.49524
-3.49539
-3.49479
-3.49463
-3.49494
-3.49448
-3.49418
-3.49433
-3.49509
-3.49343
-3.49434
-3.49434
-3.49434
-3.49404
-3.49389
-3.49494
-3.49358
-3.49479
-3.49509
-3.49509
-3.49539
-3.49585
-3.49675
-3.4969
-3.4975
-3.49629
-3.49645
-3.49735
-3.49781
-3.49826
-3.49887
-3.49917
-3.49902
-3.49978
-3.49963
-3.49887
-3.49948
-3.49857
-3.49918
-3.49888
-3.49872
-3.49767
-3.49751
-3.49811
-3.49796
-3.4978
-3.49781
-3.49675
-3.4963
-3.49646
-3.49721
-3.49812
-3.49676
-3.49676
-3.49706
-3.49646
-3.496
-3.49676
-3.496
-3.4957
-3.49585
-3.4957
-3.4963
-3.49827
-3.49827
-3.49918
-3.49887
-3.49948
-3.49902
-3.49932
-3.49947
-3.49978
-3.49947
-3.49963
-3.49978
-3.49993
-3.49932
-3.49977
-3.49917
-3.49811
-3.4972
-3.496
-3.49675
-3.4969
-3.49615
-3.49539
-3.49539
-3.49464
-3.49449
-3.49479
-3.49464
-3.49464
-3.49449
-3.4954
-3.4957
-3.49524
-3.49509
-3.49509
-3.49585
-3.49539
-3.49464
-3.49464
-3.49358
-3.49388
-3.49509
-3.49584
-3.49509
-3.49539
-3.49569
-3.49585
-3.4963
-3.49615
-3.4963
-3.49645
-3.4963
-3.49675
-3.4966
-3.49721
-3.4966
-3.49676
-3.49736
-3.496
-3.49494
-3.49615
-3.4963
-3.49691
-3.49842
-3.49903
-3.49827
-3.49918
-3.49857
-3.49797
-3.49812
-3.49812
-3.49797
-3.49827
-3.49676
-3.49736
-3.49616
-3.49646
-3.49646
-3.49646
-3.4957
-3.49525
-3.49404
-3.49389
-3.49419
-3.49344
-3.49374
-3.4945
-3.49435
-3.49404
-3.4948
-3.49404
-3.49464
-3.49434
-3.49464
-3.4954
-3.49615
-3.496
-3.49646
-3.49616
-3.49782
-3.49782
-3.49842
-3.49918
-3.49873
-3.49737
-3.49767
-3.49767
-3.49767
-3.49752
-3.49646
-3.49556
-3.49526
-3.49571
-3.4948
-3.49525
-3.49494
-3.49524
-3.49539
-3.4954
-3.4948
-3.49496
-3.49541
-3.49481
-3.49405
-3.49359
-3.49359
-3.49435
-3.49404
-3.49419
-3.49495
-3.4951
-3.49495
-3.49495
-3.4942
-3.49526
-3.49586
-3.49601
-3.49571
-3.49616
-3.4954
-3.4951
-3.4951
-3.4957
-3.49646
-3.49631
-3.49616
-3.49737
-3.49782
-3.49827
-3.49842
-3.49782
-3.49736
-3.49676
-3.49706
-3.49737
-3.49691
-3.49691
-3.49706
-3.49676
-3.49675
-3.49721
-3.4957
-3.49479
-3.4954
-3.49495
-3.49359
-3.49344
-3.49344
-3.49359
-3.49283
-3.49283
-3.49389
-3.49434
-3.49419
-3.49389
-3.49525
-3.49616
-3.49707
-3.49661
-3.49616
-3.49661
-3.49766
-3.49857
-3.49796
-3.49827
-3.49887
-3.49872
-3.49827
-3.49903
-3.49933
-3.49978
-3.50009
-3.49979
-3.49994
-3.49979
-3.49994
-3.49903
-3.49963
-3.49902
-3.49902
-3.49872
-3.49872
-3.49888
-3.49888
-3.49842
-3.49873
-3.49888
-3.49948
-3.49933
-3.50008
-3.49948
-3.50009
-3.50039
-3.49964
-3.49994
-3.49964
-3.49918
-3.49963
-3.49933
-3.49888
-3.49872
-3.49857
-3.49797
-3.49797
-3.49767
-3.49782
-3.49873
-3.49873
-3.49752
-3.49661
-3.49601
-3.49616
-3.49631
-3.49631
-3.49631
-3.49631
-3.49631
-3.49706
-3.49812
-3.49722
-3.49752
-3.49813
-3.49843
-3.49843
-3.49812
-3.49767
-3.49766
-3.49842
-3.49888
-3.49903
-3.49752
-3.49677
-3.49526
-3.49601
-3.49631
-3.49736
-3.49691
-3.49887
-3.49932
-3.50008
-3.50023
-3.50054
-3.50009
-3.50039
-3.5007
-3.49949
-3.49949
-3.50039
-3.50009
-3.49903
-3.50024
-3.50069
-3.49963
-3.49918
-3.49963
-3.49993
-3.50024
-3.49993
-3.49979
-3.49979
-3.49979
-3.49964
-3.5004
-3.50145
-3.50175
-3.5016
-3.49949
-3.49858
-3.49888
-3.49737
-3.49676
-3.49691
-3.49661
-3.49692
-3.49767
-3.49783
-3.49677
-3.49677
-3.49722
-3.49752
-3.49828
-3.49843
-3.49873
-3.49918
-3.49827
-3.49903
-3.49903
-3.49963
-3.50069
-3.50053
-3.50144
-3.50159
-3.50159
-3.50144
-3.5028
-3.50069
-3.49978
-3.49993
-3.50114
-3.50069
-3.50084
-3.50054
-3.50129
-3.50054
-3.50144
-3.50114
-3.50129
-3.5019
-3.50175
-3.50084
-3.49978
-3.49872
-3.49827
-3.49887
-3.49812
-3.49857
-3.49888
-3.49903
-3.49993
-3.50009
-3.49978
-3.49888
-3.49843
-3.49873
-3.49979
-3.50054
-3.50009
-3.50039
-3.50069
-3.50054
-3.50069
-3.49978
-3.50039
-3.50054
-3.49993
-3.49933
-3.49827
-3.49722
-3.49722
-3.49646
-3.49616
-3.49646
-3.4957
-3.49615
-3.49766
-3.49857
-3.49752
-3.49752
-3.49737
-3.49798
-3.50009
-3.50069
-3.5013
-3.50084
-3.49978
-3.49993
-3.50038
-3.49978
-3.49993
-3.49933
-3.50039
-3.50009
-3.50009
-3.50009
-3.5007
-3.50115
-3.501
-3.50054
-3.50084
-3.50099
-3.50039
-3.50024
-3.49979
-3.49918
-3.49903
-3.49948
-3.49918
-3.49873
-3.49994
-3.50055
-3.49949
-3.49979
-3.50115
-3.50145
-3.50115
-3.50055
-3.49994
-3.49979
-3.49918
-3.49843
-3.49858
-3.49752
-3.49752
-3.49677
-3.49662
-3.49707
-3.49722
-3.49707
-3.49692
-3.49752
-3.49766
-3.49736
-3.49706
-3.49767
-3.49858
-3.49828
-3.49873
-3.49934
-3.5004
-3.49994
-3.5004
-3.50024
-3.50039
-3.50024
-3.50099
-3.50114
-3.50084
-3.501
-3.50024
-3.50054
-3.50039
-3.50009
-3.49948
-3.49842
-3.49782
-3.49752
-3.49737
-3.49706
-3.49767
-3.49752
-3.49631
-3.49631
-3.49616
-3.49661
-3.49692
-3.49631
-3.49646
-3.49676
-3.49601
-3.49571
-3.49571
-3.49662
-3.49707
-3.49737
-3.49812
-3.49782
-3.49903
-3.49827
-3.49888
-3.49933
-3.49933
-3.49933
-3.49888
-3.49919
-3.49934
-3.49904
-3.49934
-3.49949
-3.50009
-3.50084
-3.50069
-3.49993
-3.49948
-3.49948
-3.49888
-3.49873
-3.49903
-3.49812
-3.49858
-3.49963
-3.49948
-3.49948
-3.49933
-3.49918
-3.50009
-3.49994
-3.49888
-3.49828
-3.49692
-3.49601
-3.4951
-3.49541
-3.4951
-3.49601
-3.49601
-3.49661
-3.49631
-3.49646
-3.49541
-3.49571
-3.49571
-3.49631
-3.49692
-3.49662
-3.49677
-3.49782
-3.49797
-3.49842
-3.49827
-3.49797
-3.49842
-3.49767
-3.49812
-3.49752
-3.49722
-3.49707
-3.49813
-3.49934
-3.49934
-3.49873
-3.49843
-3.49888
-3.49919
-3.49858
-3.49813
-3.49828
-3.49828
-3.49949
-3.49994
-3.49994
-3.50054
-3.50069
-3.50114
-3.5013
-3.50054
-3.50069
-3.50069
-3.49994
-3.50084
-3.5022
-3.5016
-3.5007
-3.5007
-3.5013
-3.50191
-3.50161
-3.50191
-3.50161
-3.50221
-3.50206
-3.50161
-3.50191
-3.50296
-3.50417
-3.50387
-3.50402
-3.50402
-3.50357
-3.50342
-3.50266
-3.50327
-3.50267
-3.50206
-3.50237
-3.50191
-3.50176
-3.50176
-3.50266
-3.50296
-3.50312
-3.50282
-3.50252
-3.50283
-3.50343
-3.50312
-3.50388
-3.50387
-3.50417
-3.50281
-3.50296
-3.50327
-3.50448
-3.50463
-3.50418
-3.50343
-3.50282
-3.50207
-3.50161
-3.50146
-3.50176
-3.50131
-3.50176
-3.50191
-3.50191
-3.50236
-3.50236
-3.501
-3.50039
-3.49979
-3.50025
-3.49995
-3.50025
-3.49935
-3.49859
-3.49784
-3.49783
-3.49738
-3.49798
-3.49768
-3.49783
-3.49859
-3.49783
-3.49829
-3.49859
-3.49934
-3.4998
-3.50025
-3.50055
-3.49949
-3.49979
-3.5007
-3.4998
-3.49979
-3.49964
-3.49904
-3.49828
-3.49798
-3.49753
-3.49768
-3.49753
-3.49829
-3.49693
-3.49693
-3.49753
-3.49814
-3.49829
-3.49813
-3.49798
-3.49798
-3.49738
-3.49708
-3.49707
-3.49813
-3.49828
-3.49828
-3.49753
-3.49738
-3.49798
-3.49874
-3.49889
-3.49829
-3.49798
-3.49904
-3.49935
-3.50041
-3.50026
-3.50086
-3.50041
-3.49904
-3.49859
-3.49874
-3.49768
-3.49753
-3.49708
-3.49693
-3.49633
-3.49678
-3.49768
-3.49828
-3.49753
-3.49707
-3.49707
-3.49768
-3.49783
-3.49844
-3.49753
-3.49633
-3.49678
-3.49633
-3.49588
-3.49648
-3.49648
-3.49678
-3.49617
-3.49602
-3.49572
-3.49587
-3.49572
-3.49557
-3.49542
-3.49572
-3.49587
-3.49481
-3.49572
-3.49482
-3.49497
-3.49572
-3.49557
-3.49633
-3.49527
-3.49542
-3.49602
-3.49587
-3.49526
-3.49602
-3.49572
-3.49617
-3.49572
-3.49587
-3.49677
-3.49662
-3.49723
-3.49723
-3.49708
-3.49678
-3.49602
-3.49542
-3.49587
-3.49557
-3.49678
-3.49708
-3.49678
-3.49693
-3.49632
-3.49617
-3.49648
-3.49617
-3.49647
-3.49617
-3.49677
-3.49768
-3.49692
-3.49738
-3.49798
-3.49753
-3.49693
-3.49708
-3.49678
-3.49678
-3.49738
-3.49663
-3.49648
-3.49663
-3.49632
-3.49617
-3.49708
-3.49677
-3.49677
-3.49571
-3.49647
-3.49738
-3.49874
-3.49843
-3.49919
-3.49919
-3.49843
-3.49858
-3.49813
-3.49934
-3.5004
-3.501
-3.50145
-3.50191
-3.50175
-3.50055
-3.5004
-3.50055
-3.50115
-3.49994
-3.49919
-3.49934
-3.49949
-3.49889
-3.49783
-3.49874
-3.49934
-3.5001
-3.50085
-3.50009
-3.49979
-3.49979
-3.5007
-3.5004
-3.49994
-3.50024
-3.50009
-3.49994
-3.49994
-3.49949
-3.50055
-3.5007
-3.50085
-3.50131
-3.50176
-3.50206
-3.50161
-3.50116
-3.50086
-3.5004
-3.50146
-3.50055
-3.5004
-3.49994
-3.50055
-3.50146
-3.5007
-3.50101
-3.50055
-3.5001
-3.49995
-3.49935
-3.49965
-3.4995
-3.49874
-3.49768
-3.49753
-3.49678
-3.49663
-3.49723
-3.49587
-3.49632
-3.49587
-3.49602
-3.49678
-3.49768
-3.49708
-3.49768
-3.49844
-3.49859
-3.49799
-3.49799
-3.49768
-3.49874
-3.4986
-3.4986
-3.49875
-3.49845
-3.49874
-3.49829
-3.49964
-3.5001
-3.50011
-3.49951
-3.49906
-3.49801
-3.49846
-3.4986
-3.4983
-3.4989
-3.49965
-3.49905
-3.49996
-3.49981
-3.49845
-3.49799
-3.49784
-3.49724
-3.4983
-3.49724
-3.49693
-3.49648
-3.49587
-3.49602
-3.49632
-3.49632
-3.49663
-3.49784
-3.49844
-3.49905
-3.4995
-3.4995
-3.49874
-3.49784
-3.49784
-3.49799
-3.49739
-3.49769
-3.49844
-3.49739
-3.49799
-3.49799
-3.49905
-3.49859
-3.49814
-3.49754
-3.49829
-3.49784
-3.49844
-3.4986
-3.49799
-3.49769
-3.49708
-3.49814
-3.49784
-3.49723
-3.49753
-3.49859
-3.49935
-3.49995
-3.4995
-3.4995
-3.50116
-3.5004
-3.5001
-3.49965
-3.49905
-3.49859
-3.4989
-3.49935
-3.49859
-3.49769
-3.49754
-3.49724
-3.49693
-3.49588
-3.49603
-3.49467
-3.49557
-3.49647
-3.49662
-3.49647
-3.49617
-3.49602
-3.49663
-3.49723
-3.49708
-3.49557
-3.49587
-3.49739
-3.49754
-3.49754
-3.49754
-3.49769
-3.49663
-3.49678
-3.49648
-3.49678
-3.49617
-3.49572
-3.49542
-3.49587
-3.49678
-3.49648
-3.49633
-3.49754
-3.4983
-3.49739
-3.49859
-3.49859
-3.49829
-3.5001
-3.50086
-3.50101
-3.50177
-3.50162
-3.50147
-3.50177
-3.50253
-3.50223
-3.50117
-3.50072
-3.50041
-3.50056
-3.49981
-3.49981
-3.50011
-3.50071
-3.50026
-3.50041
-3.49996
-3.49935
-3.49935
-3.49935
-3.49981
-3.49935
-3.4992
-3.4995
-3.49935
-3.49935
-3.4992
-3.49996
-3.50011
-3.49981
-3.50072
-3.50012
-3.50042
-3.50102
-3.50177
-3.50162
-3.50162
-3.50192
-3.50268
-3.50132
-3.50072
-3.49966
-3.50026
-3.50011
-3.50162
-3.50163
-3.50162
-3.50162
-3.50237
-3.50252
-3.50116
-3.50116
-3.50207
-3.50192
-3.50177
-3.50177
-3.50268
-3.50374
-3.50343
-3.50253
-3.50298
-3.50343
-3.50328
-3.50404
-3.5054
-3.50403
-3.50298
-3.50298
-3.50253
-3.50192
-3.50147
-3.50087
-3.50117
-3.50071
-3.50071
-3.5004
-3.50025
-3.50041
-3.50056
-3.50041
-3.50132
-3.50056
-3.49966
-3.50026
-3.50056
-3.50026
-3.50011
-3.49996
-3.4998
-3.50041
-3.50056
-3.4995
-3.4989
-3.49874
-3.49874
-3.49844
-3.49784
-3.49723
-3.49678
-3.49724
-3.49709
-3.49678
-3.49724
-3.49814
-3.49799
-3.498
-3.49739
-3.49784
-3.4983
-3.49905
-3.49844
-3.49935
-3.49965
-3.49995
-3.50025
-3.4998
-3.49905
-3.49844
-3.49799
-3.49829
-3.49859
-3.4992
-3.4983
-3.4983
-3.49799
-3.49845
-3.49769
-3.49769
-3.49814
-3.49724
-3.49814
-3.49829
-3.49874
-3.49919
-3.5001
-3.49995
-3.50011
-3.50162
-3.50238
-3.50192
-3.50117
-3.50116
-3.50177
-3.50176
-3.50191
-3.50222
-3.50131
-3.50131
-3.49981
-3.4989
-3.49936
-3.49935
-3.50026
-3.49965
-3.50025
-3.49905
-3.4995
-3.49951
-3.49845
-3.49769
-3.49694
-3.49708
-3.49753
-3.49738
-3.49738
-3.49723
-3.49723
-3.49678
-3.49648
-3.49724
-3.49648
-3.49663
-3.49739
-3.49678
-3.49723
-3.49814
-3.49859
-3.49814
-3.49829
-3.49859
-3.49784
-3.49784
-3.49784
-3.49769
-3.49814
-3.4986
-3.49814
-3.49709
-3.49694
-3.49678
-3.49573
-3.49558
-3.49588
-3.49603
-3.49588
-3.49618
-3.49723
-3.49723
-3.49618
-3.49618
-3.49618
-3.49709
-3.49603
-3.49708
-3.49618
-3.49723
-3.49754
-3.49678
-3.49648
-3.49663
-3.49633
-3.49618
-3.49649
-3.49815
-3.49769
-3.49739
-3.49648
-3.49738
-3.49678
-3.49648
-3.49678
-3.49663
-3.49723
-3.49708
-3.49753
-3.49708
-3.49753
-3.49754
-3.49845
-3.49739
-3.49724
-3.49739
-3.49709
-3.49739
-3.49679
-3.49739
-3.498
-3.49799
-3.49693
-3.49542
-3.49512
-3.49572
-3.49587
-3.49633
-3.49648
-3.49648
-3.49678
-3.49512
-3.49497
-3.49528
-3.49633
-3.49573
-3.49633
-3.49572
-3.49466
-3.49376
-3.49482
-3.49512
-3.49618
-3.49588
-3.49814
-3.49769
-3.49723
-3.49663
-3.49648
-3.49572
-3.49603
-3.49558
-3.49588
-3.49527
-3.49542
-3.49542
-3.49527
-3.49633
-3.49663
-3.49648
-3.49694
-3.49754
-3.49844
-3.49783
-3.49813
-3.49768
-3.49753
-3.49799
-3.49784
-3.4986
-3.4983
-3.49769
-3.49663
-3.49694
-3.49739
-3.49739
-3.49709
-3.49709
-3.49724
-3.49739
-3.49739
-3.49739
-3.49769
-3.49784
-3.49723
-3.49784
-3.49814
-3.49844
-3.49724
-3.49754
-3.49754
-3.4983
-3.49694
-3.49845
-3.49708
-3.49678
-3.49633
-3.49602
-3.49633
-3.49678
-3.49693
-3.49588
-3.49543
-3.49512
-3.49497
-3.49452
-3.49467
-3.49421
-3.49406
-3.4933
-3.49361
-3.493
-3.49406
-3.49452
-3.49361
-3.49452
-3.49497
-3.49467
-3.49452
-3.49376
-3.49422
-3.49437
-3.49437
-3.49407
-3.49437
-3.49573
-3.49588
-3.49588
-3.49603
-3.49542
-3.49602
-3.49663
-3.49693
-3.49573
-3.49558
-3.49649
-3.49649
-3.49619
-3.49633
-3.49527
-3.49482
-3.49391
-3.49437
-3.49438
-3.49438
-3.49483
-3.49497
-3.49421
-3.49451
-3.49542
-3.49527
-3.49557
-3.49467
-3.49603
-3.49528
-3.49709
-3.49769
-3.49739
-3.49784
-3.49784
-3.49754
-3.49785
-3.49754
-3.4986
-3.49935
-3.50026
-3.50101
-3.50101
-3.50056
-3.50101
-3.50041
-3.49905
-3.49905
-3.49874
-3.49875
-3.49814
-3.49799
-3.49754
-3.49724
-3.49769
-3.49754
-3.49784
-3.49875
-3.49799
-3.49799
-3.49753
-3.49784
-3.49768
-3.49859
-3.49784
-3.49784
-3.49875
-3.49693
-3.49648
-3.49723
-3.49874
-3.49799
-3.49813
-3.49828
-3.49904
-3.49859
-3.49919
-3.4992
-3.49965
-3.50026
-3.49935
-3.4992
-3.49935
-3.49814
-3.49875
-3.49874
-3.49859
-3.49844
-3.49874
-3.49859
-3.49904
-3.49979
-3.49889
-3.49859
-3.49829
-3.49784
-3.49874
-3.4992
-3.4989
-3.4986
-3.49709
-3.49603
-3.49572
-3.49602
-3.49572
-3.49572
-3.49632
-3.49662
-3.49768
-3.49723
-3.49723
-3.49663
-3.49678
-3.49723
-3.49663
-3.49663
-3.49738
-3.49738
-3.49753
-3.49814
-3.49829
-3.49965
-3.5004
-3.5007
-3.50025
-3.49979
-3.49994
-3.49965
-3.49965
-3.4998
-3.5001
-3.50056
-3.50086
-3.50086
-3.49995
-3.50025
-3.50056
-3.4995
-3.49874
-3.49783
-3.49768
-3.49738
-3.49799
-3.49739
-3.49769
-3.49738
-3.49617
-3.49678
-3.49678
-3.49678
-3.49633
-3.49557
-3.49587
-3.49527
-3.49527
-3.49648
-3.49768
-3.49844
-3.49874
-3.49874
-3.49813
-3.49859
-3.49919
-3.49919
-3.49919
-3.49874
-3.49919
-3.4992
-3.49859
-3.49859
-3.49904
-3.49995
-3.49904
-3.49964
-3.5004
-3.50146
-3.50131
-3.50115
-3.50252
-3.50237
-3.50297
-3.50297
-3.50342
-3.50357
-3.50281
-3.50206
-3.501
-3.49964
-3.49904
-3.50025
-3.50085
-3.50025
-3.49874
-3.49828
-3.49662
-3.49632
-3.49496
-3.49405
-3.49421
-3.49391
-3.493
-3.49375
-3.49359
-3.49435
-3.4951
-3.49526
-3.49572
-3.49496
-3.49572
-3.49663
-3.49693
-3.49632
-3.49587
-3.49557
-3.49678
-3.49738
-3.49738
-3.49783
-3.49783
-3.49708
-3.49753
-3.49859
-3.49829
-3.49814
-3.49844
-3.4995
-3.49919
-3.49964
-3.49964
-3.49964
-3.49919
-3.49888
-3.49964
-3.49934
-3.49859
-3.49829
-3.49874
-3.4992
-3.49874
-3.49935
-3.49889
-3.49874
-3.49904
-3.49844
-3.49783
-3.49813
-3.49919
-3.49979
-3.50055
-3.5007
-3.501
-3.50161
-3.50267
-3.50236
-3.50312
-3.50252
-3.50343
-3.50388
-3.50585
-3.50524
-3.50479
-3.50433
-3.50418
-3.50312
-3.50252
-3.50191
-3.50267
-3.50236
-3.50266
-3.50297
-3.50327
-3.50282
-3.50116
-3.50161
-3.50237
-3.50146
-3.50116
-3.50176
-3.50191
-3.50221
-3.50235
-3.5016
-3.501
-3.50161
-3.50116
-3.50177
-3.50116
-3.50086
-3.50086
-3.50101
-3.501
-3.50024
-3.50009
-3.50025
-3.4998
-3.50025
-3.4998
-3.50025
-3.50025
-3.5004
-3.50085
-3.5007
-3.50115
-3.50115
-3.5004
-3.50161
-3.50176
-3.50176
-3.50252
-3.50433
-3.50312
-3.50282
-3.50297
-3.50236
-3.50282
-3.50267
-3.50192
-3.50071
-3.50041
-3.4995
-3.49979
-3.49949
-3.49919
-3.49904
-3.49798
-3.49723
-3.49784
-3.49708
-3.49889
-3.49844
-3.49889
-3.49798
-3.49768
-3.49768
-3.49738
-3.49814
-3.49874
-3.49919
-3.49844
-3.49813
-3.49693
-3.49663
-3.49723
-3.49738
-3.49663
-3.49647
-3.49738
-3.49738
-3.49722
-3.49753
-3.49753
-3.49768
-3.49799
-3.49723
-3.49708
-3.49708
-3.49798
-3.49844
-3.49904
-3.49995
-3.49935
-3.49919
-3.49889
-3.49829
-3.49889
-3.49979
-3.50055
-3.49994
-3.5004
-3.49994
-3.5001
-3.49889
-3.49829
-3.4989
-3.49965
-3.50086
-3.50086
-3.50116
-3.5001
-3.49919
-3.49858
-3.49919
-3.49874
-3.49828
-3.49662
-3.49738
-3.49753
-3.49692
-3.49692
-3.49737
-3.49647
-3.49587
-3.49602
-3.49662
-3.49557
-3.49526
-3.49557
-3.49526
-3.49496
-3.49481
-3.49587
-3.49587
-3.49617
-3.49738
-3.49799
-3.49829
-3.49768
-3.49707
-3.49813
-3.49843
-3.49752
-3.49752
-3.49768
-3.49738
-3.49844
-3.49768
-3.49723
-3.49784
-3.49799
-3.49738
-3.49753
-3.49768
-3.49889
-3.49919
-3.49919
-3.49873
-3.49873
-3.49828
-3.49919
-3.49964
-3.49934
-3.49798
-3.49738
-3.49813
-3.49753
-3.49783
-3.49753
-3.49798
-3.49889
-3.49889
-3.49738
-3.49708
-3.49693
-3.49677
-3.49678
-3.49768
-3.49738
-3.49738
-3.49708
-3.49753
-3.49708
-3.49602
-3.49556
-3.4945
-3.4945
-3.49465
-3.4945
-3.49451
-3.49436
-3.49451
-3.49496
-3.49557
-3.49663
-3.49738
-3.49784
-3.49723
-3.49602
-3.49723
-3.49844
-3.49964
-3.49979
-3.50009
-3.49934
-3.49994
-3.49949
-3.49889
-3.50025
-3.49995
-3.5007
-3.501
-3.50191
-3.50206
-3.50116
-3.50116
-3.5004
-3.5001
-3.49964
-3.49904
-3.49813
-3.49828
-3.49813
-3.49828
-3.49798
-3.49768
-3.49768
-3.49753
-3.49783
-3.49859
-3.49874
-3.49858
-3.49964
-3.49949
-3.49904
-3.49964
-3.50085
-3.49979
-3.49934
-3.49919
-3.50025
-3.49934
-3.49934
-3.49904
-3.49874
-3.49768
-3.49798
-3.49768
-3.49647
-3.49646
-3.49646
-3.49662
-3.49752
-3.49858
-3.49949
-3.49934
-3.49934
-3.49798
-3.49722
-3.49692
-3.49707
-3.49646
-3.49662
-3.49632
-3.49677
-3.49692
-3.49737
-3.49738
-3.49677
-3.49602
-3.49708
-3.49692
-3.49632
-3.49481
-3.49525
-3.49525
-3.49495
-3.4948
-3.49435
-3.4951
-3.49465
-3.49481
-3.49541
-3.49541
-3.49556
-3.49526
-3.49617
-3.49616
-3.49631
-3.49647
-3.49767
-3.49737
-3.49632
-3.49601
-3.49692
-3.49767
-3.49601
-3.49616
-3.49677
-3.49722
-3.49753
-3.49843
-3.49813
-3.49874
-3.49934
-3.49904
-3.49994
-3.501
-3.50055
-3.5004
-3.50024
-3.50039
-3.49964
-3.49979
-3.49979
-3.49934
-3.49994
-3.50055
-3.49949
-3.49964
-3.49964
-3.50055
-3.501
-3.50115
-3.5013
-3.50176
-3.50191
-3.50221
-3.50357
-3.50372
-3.50448
-3.50448
-3.50433
-3.50448
-3.50463
-3.50372
-3.50478
-3.50463
-3.50387
-3.50327
-3.50387
-3.50417
-3.50371
-3.50432
-3.50432
-3.50448
-3.50433
-3.50523
-3.50538
-3.50538
-3.50417
-3.50236
-3.50146
-3.50161
-3.5004
-3.49934
-3.49859
-3.49889
-3.5007
-3.50191
-3.5013
-3.50085
-3.5013
-3.50266
-3.50281
-3.50266
-3.50236
-3.50221
-3.50191
-3.50131
-3.50206
-3.50161
-3.50221
-3.50206
-3.501
-3.5016
-3.50145
-3.50221
-3.50206
-3.50236
-3.50251
-3.50297
-3.50251
-3.50146
-3.50146
-3.50221
-3.50236
-3.50175
-3.50175
-3.50175
-3.50085
-3.5004
-3.4998
-3.49889
-3.49859
-3.49919
-3.49874
-3.49904
-3.49904
-3.49919
-3.49904
-3.49949
-3.5007
-3.49949
-3.49964
-3.49904
-3.49828
-3.49813
-3.49859
-3.49874
-3.49919
-3.49919
-3.49828
-3.49798
-3.49813
-3.49858
-3.49858
-3.49889
-3.49859
-3.49904
-3.50025
-3.49964
-3.50101
-3.50131
-3.50191
-3.50161
-3.50297
-3.50266
-3.50266
-3.5025
-3.5022
-3.50266
-3.5019
-3.50024
-3.5007
-3.50025
-3.49949
-3.49934
-3.49949
-3.49934
-3.5001
-3.49934
-3.49934
-3.49964
-3.49903
-3.49828
-3.49873
-3.49813
-3.49934
-3.49919
-3.49889
-3.49934
-3.5007
-3.5004
-3.5007
-3.49994
-3.50085
-3.5007
-3.50039
-3.50039
-3.50115
-3.5007
-3.50191
-3.50266
-3.50312
-3.50267
-3.50297
-3.50282
-3.50267
-3.50357
-3.50357
-3.50433
-3.50387
-3.50327
-3.50342
-3.50402
-3.50266
-3.50221
-3.50206
-3.50131
-3.50251
-3.50191
-3.50191
-3.50085
-3.50085
-3.5016
-3.5001
-3.5001
-3.50086
-3.50071
-3.4995
-3.49934
-3.5001
-3.49949
-3.49949
-3.49889
-3.49934
-3.4995
-3.49889
-3.49904
-3.49874
-3.49904
-3.49949
-3.49994
-3.49994
-3.50009
-3.49949
-3.49844
-3.49783
-3.49799
-3.49904
-3.49889
-3.49919
-3.49813
-3.49858
-3.49813
-3.49828
-3.49768
-3.49722
-3.49768
-3.49708
-3.49647
-3.49662
-3.49844
-3.49858
-3.49949
-3.49934
-3.49889
-3.49889
-3.49904
-3.49949
-3.5001
-3.49995
-3.5004
-3.50025
-3.4998
-3.49995
-3.4995
-3.4995
-3.49919
-3.49873
-3.49873
-3.49858
-3.49919
-3.49904
-3.49919
-3.49904
-3.49979
-3.49995
-3.5001
-3.50071
-3.50176
-3.50146
-3.50131
-3.5013
-3.50266
-3.50281
-3.50372
-3.50387
-3.50417
-3.50417
-3.50342
-3.50387
-3.50372
-3.50296
-3.50266
-3.50281
-3.50205
-3.50191
-3.50191
-3.50206
-3.50161
-3.5013
-3.50206
-3.50176
-3.50221
-3.50206
-3.50161
-3.50145
-3.50055
-3.50085
-3.50055
-3.50054
-3.50084
-3.50069
-3.49994
-3.49994
-3.49964
-3.49888
-3.49873
-3.49949
-3.5007
-3.50085
-3.5013
-3.5016
-3.50175
-3.5013
-3.5013
-3.50085
-3.501
-3.50085
-3.50131
-3.50115
-3.50191
-3.50236
-3.5022
-3.50311
-3.50432
-3.50477
-3.50432
-3.50432
-3.50538
-3.50523
-3.50402
-3.50281
-3.50357
-3.50342
-3.50372
-3.50312
-3.50266
-3.50175
-3.50085
-3.50039
-3.49994
-3.50024
-3.50055
-3.50085
-3.50009
-3.50055
-3.49994
-3.49979
-3.49904
-3.49889
-3.49828
-3.49843
-3.49782
-3.49767
-3.49783
-3.49798
-3.49753
-3.49754
-3.49829
-3.49738
-3.49692
-3.49632
-3.49527
-3.49572
-3.49648
-3.49693
-3.49798
-3.49813
-3.49873
-3.49903
-3.49934
-3.49903
-3.49873
-3.49843
-3.49677
-3.49768
-3.49798
-3.49904
-3.49859
-3.49859
-3.49813
-3.49874
-3.49874
-3.49904
-3.49964
-3.49949
-3.49949
-3.49919
-3.49979
-3.49964
-3.5004
-3.50101
-3.4998
-3.5001
-3.5001
-3.50071
-3.50055
-3.49994
-3.49964
-3.49813
-3.49752
-3.49994
-3.49949
-3.49995
-3.5004
-3.50146
-3.5001
-3.5001
-3.5001
-3.4986
-3.49829
-3.49829
-3.49814
-3.49783
-3.49723
-3.49677
-3.49738
-3.49738
-3.49677
-3.49662
-3.49874
-3.49859
-3.49934
-3.49935
-3.49995
-3.50041
-3.50056
-3.50192
-3.50056
-3.50086
-3.50071
-3.50116
-3.50041
-3.50026
-3.50011
-3.50026
-3.50116
-3.50191
-3.50206
-3.50402
-3.50433
-3.50373
-3.50328
-3.50373
-3.50343
-3.50389
-3.50389
-3.50359
-3.50449
-3.50374
-3.50373
-3.50449
-3.50463
-3.50402
-3.50387
-3.50357
-3.50312
-3.50283
-3.50268
-3.50313
-3.50298
-3.50267
-3.50192
-3.50131
-3.50056
-3.50086
-3.50147
-3.50147
-3.50087
-3.50071
-3.50177
-3.50222
-3.50222
-3.50116
-3.50237
-3.50342
-3.50267
-3.50282
-3.50282
-3.50297
-3.50297
-3.50328
-3.50313
-3.50298
-3.50208
-3.50283
-3.50253
-3.50177
-3.50207
-3.50237
-3.50297
-3.50222
-3.50252
-3.50313
-3.50267
-3.50343
-3.50313
-3.50268
-3.50313
-3.50328
-3.50389
-3.50404
-3.50359
-3.50313
-3.50359
-3.50313
-3.50237
-3.50237
-3.50297
-3.50267
-3.50252
-3.50313
-3.50252
-3.50056
-3.50056
-3.50011
-3.49996
-3.49966
-3.4983
-3.49905
-3.49905
-3.4986
-3.49815
-3.49875
-3.49754
-3.49724
-3.49769
-3.49769
-3.49769
-3.49663
-3.49724
-3.4983
-3.49875
-3.49905
-3.49966
-3.49875
-3.4992
-3.4989
-3.4986
-3.49845
-3.4986
-3.49799
-3.49845
-3.4983
-3.49693
-3.49633
-3.49633
-3.49603
-3.49557
-3.49452
-3.49452
-3.49588
-3.49588
-3.49603
-3.49603
-3.49558
-3.49618
-3.49709
-3.49664
-3.49694
-3.49754
-3.49754
-3.49739
-3.49633
-3.49558
-3.49588
-3.49573
-3.49542
-3.49633
-3.49588
-3.49528
-3.49467
-3.49543
-3.49483
-3.49498
-3.49407
-3.49376
-3.49407
-3.49331
-3.49422
-3.49558
-3.49452
-3.49422
-3.49497
-3.49422
-3.49376
-3.49361
-3.49361
-3.49346
-3.49362
-3.49422
-3.49392
-3.49407
-3.49498
-3.49498
-3.49573
-3.49603
-3.49558
-3.49588
-3.49678
-3.49678
-3.49739
-3.49754
-3.49784
-3.49724
-3.49694
-3.49664
-3.49709
-3.49649
-3.49588
-3.49619
-3.49709
-3.49785
-3.49739
-3.49573
-3.49528
-3.49422
-3.49437
-3.49543
-3.49543
-3.49528
-3.49573
-3.49664
-3.49709
-3.49679
-3.49664
-3.49799
-3.49784
-3.4986
-3.4989
-3.49966
-3.49921
-3.49936
-3.49815
-3.498
-3.4989
-3.49845
-3.49845
-3.49935
-3.4995
-3.49981
-3.49905
-3.49936
-3.49996
-3.50087
-3.50026
-3.49996
-3.49921
-3.49921
-3.49981
-3.4989
-3.49921
-3.49845
-3.49905
-3.49829
-3.49799
-3.4986
-3.49935
-3.49966
-3.50026
-3.49936
-3.49996
-3.50026
-3.50056
-3.49981
-3.49935
-3.4992
-3.49875
-3.4986
-3.49875
-3.49936
-3.49815
-3.49785
-3.49709
-3.49754
-3.49724
-3.4986
-3.4986
-3.49815
-3.49724
-3.49754
-3.498
-3.498
-3.4986
-3.49981
-3.50011
-3.50011
-3.50056
-3.50056
-3.50086
