-0.467853   -0.15281   0.0930766
-0.0645078   -0.0887731   0.441462
0.131887   -0.376174   -0.259665
-0.258128   -0.024045   -0.296608
-0.42565   0.387821   0.31223
0.282278   -0.0275932   -0.267399
0.24902   0.193957   0.471057
0.198702   0.176953   0.217572
0.498008   -0.0589431   -0.0715205
0.488664   -0.267916   -0.0879581
0.404391   0.12317   0.312875
-0.0550362   0.444155   0.276381
0.0117345   -0.493918   -0.346736
0.39791   0.345778   -0.478425
0.412572   -0.288035   0.44424
-0.15159   -0.0941884   0.100234
-0.122943   -0.279257   0.0421144
0.484454   -0.485799   0.109916
0.233288   0.0960534   -0.0335358
0.495328   0.299379   0.0960344
-0.0691617   0.0978567   -0.2768
-0.0586068   0.0982842   -0.075981
0.275449   -0.481647   0.155238
0.396926   0.121672   -0.183669
-0.312582   0.0204572   0.467369
0.484403   -0.237264   -0.360704
0.137956   -0.176074   -0.329537
-0.0708614   -0.142635   -0.158286
0.279411   -0.143043   0.121239
0.144753   -0.133084   0.440298
-0.322219   -0.286796   0.113859
-0.415372   -0.313325   0.33259
-0.230251   -0.210616   0.316004
-0.0897261   0.336793   0.0780936
-0.282405   0.407252   -0.491543
-0.410794   -0.155722   -0.494773
-0.219916   0.17566   0.128816
0.428608   -0.11398   0.26451
0.403457   0.151386   -0.406149
-0.442352   -0.400034   -0.229835
-0.299887   -0.229641   -0.324027
-0.397698   -0.0218203   0.280768
0.403116   -0.300652   0.168077
-0.194446   0.0376414   0.265433
0.374956   -0.430722   -0.0437352
-0.187863   -0.314044   -0.166133
0.0824326   -0.415768   0.245834
-0.171133   -0.236142   -0.48467
-0.324576   -0.0066307   0.0987404
-0.394961   0.124943   -0.294409
0.0221991   -0.0896444   0.229315
0.364266   -0.429203   -0.424574
0.032513   0.0799838   0.0983978
-0.0517981   -0.379763   0.419775
0.0899967   0.00456088   -0.215916
0.233428   -0.258608   0.284738
0.14472   0.316758   0.367809
-0.237256   0.247747   0.334933
0.110661   0.367347   0.151301
-0.444232   0.227046   0.493835
-0.0485962   -0.262454   -0.31471
0.187984   0.270574   -0.00195782
0.479515   -0.0375588   -0.292552
0.4043   0.0441328   0.110466
-0.341667   0.402794   -0.290863
-0.373876   -0.35853   -0.483554
0.306043   -0.136404   -0.420465
-0.455869   0.398583   -0.130524
0.306785   -0.244457   -0.234666
-0.0100019   -0.0742769   -0.372943
-0.409319   0.175528   0.23585
-0.256038   0.386836   -0.0565706
-0.248819   -0.451545   0.329642
-0.112801   0.316193   0.480095
-0.0268773   -0.449367   -0.145844
0.278185   -0.0935294   -0.082743
0.0711235   0.0573258   0.356518
-0.244521   0.180146   -0.152749
0.339598   0.48525   -0.222674
-0.38725   0.169866   0.016826
-0.212811   -0.414685   -0.349483
-0.238791   0.240609   -0.371854
0.340122   0.331156   -0.0994087
0.343095   0.339269   0.310853
-0.0144299   -0.487224   0.0724038
0.129516   -0.268405   -0.0492828
-0.140214   0.386922   -0.287677
-0.0431712   0.204583   0.24507
0.436878   -0.0435281   0.445816
0.266312   0.482229   0.442296
-0.332176   -0.177198   -0.0971459
0.183594   0.490474   -0.0497953
0.420733   -0.461437   0.314439
0.151732   0.0183443   -0.450852
0.0880832   -0.259281   0.135329
-0.222782   -0.0212885   -0.0790849
0.194414   0.398395   -0.396732
0.150855   0.381523   -0.202808
-0.288351   0.381196   0.165533
-0.118255   0.11244   0.437746
0.204322   -0.318965   -0.474862
0.0693338   0.236849   -0.425452
0.0934421   -0.0699084   -0.0343623
0.445562   0.32387   -0.304706
0.240333   -0.0384581   0.279087
0.237585   0.211398   -0.290915
-0.0388071   0.328582   -0.118071
-0.327703   -0.424908   -0.0642414
