1.64257
1.63486
1.62663
1.61847
1.61231
1.60994
1.61135
1.61473
1.61799
1.62036
1.62265
1.62636
1.63284
1.64251
1.65464
1.66744
1.67863
1.68584
1.68712
1.68111
1.66725
1.64587
1.61837
1.58728
1.55598
1.52809
1.50698
1.49531
1.49466
1.50513
1.52541
1.55311
1.58547
1.61982
1.65369
1.68469
1.71057
1.72958
1.7411
1.74583
1.74547
1.74193
1.73682
1.73118
1.72552
1.71992
1.7143
1.70884
1.70353
1.69748
1.68874
1.67554
1.65774
1.63738
1.61791
1.6028
1.59399
1.59134
1.59334
1.5986
1.60677
1.61833
1.63368
1.65247
1.67364
1.69583
1.71791
1.73916
1.75895
1.77622
1.78934
1.79634
1.79546
1.78562
1.76664
1.73933
1.70576
1.66939
1.63484
1.60697
1.5893
1.58293
1.58677
1.59887
1.6176
1.64153
1.66835
1.69434
1.71508
1.72691
1.72804
1.71891
1.70204
1.6813
1.66028
1.64066
1.62217
1.60453
1.58903
1.57827
1.57458
1.57865
1.58945
1.60493
1.62279
1.64097
1.65768
1.67156
1.68169
1.68768
1.68984
1.68907
1.68656
1.68336
1.68009
1.67698
1.67425
1.6724
1.67256
1.67607
1.68304
1.69099
1.69565
1.69416
1.6876
1.67991
1.67368
1.6678
1.65976
1.64919
1.63836
1.62992
1.62488
1.62286
1.62347
1.62688
1.63282
1.63988
1.64579
1.64859
1.64739
1.64247
1.63489
1.62593
1.6167
1.60763
1.59835
1.5879
1.57532
1.56043
1.54466
1.53101
1.52321
1.52453
1.53678
1.55993
1.59217
1.63026
1.66998
1.70679
1.7366
1.75657
1.76543
1.76344
1.75163
1.73122
1.70334
1.6694
1.63188
1.59467
1.56279
1.54121
1.53338
1.53998
1.55861
1.5849
1.61389
1.64115
1.66316
1.67726
1.68154
1.67486
1.65712
1.62973
1.596
1.56093
1.53014
1.50821
1.49719
1.49624
1.50301
1.51529
1.53171
1.55036
1.56781
1.58011
1.5851
1.58357
1.57875
1.57482
1.57513
1.5808
1.59047
1.60123
1.60979
1.61364
1.61168
1.60465
1.59523
1.58736
1.5848
1.58937
1.60007
1.61364
1.62611
1.6341
1.63574
1.63116
1.62279
1.61453
1.60999
1.6108
1.61624
1.62421
1.63255
1.63966
1.64448
1.64647
1.64583
1.64409
1.6439
1.64797
1.65724
1.67001
1.68257
1.69083
1.69182
1.68419
1.66826
1.64593
1.62024
1.59468
1.57238
1.55587
1.54734
1.5484
1.55946
1.57897
1.60337
1.62807
1.64901
1.66403
1.67326
1.67855
1.68218
1.68564
1.68894
1.69057
1.68808
1.67923
1.66311
1.64097
1.61636
1.59433
1.57978
1.57576
1.58246
1.59754
1.61732
1.63806
1.65682
1.67183
1.68236
1.68809
1.68865
1.6839
1.6748
1.6637
1.65322
1.64486
1.63891
1.63533
1.63445
1.63691
1.64315
1.65309
1.66597
1.68065
1.69581
1.71019
1.7227
1.73248
1.73874
1.74077
1.7381
1.73064
1.71877
1.70317
1.68469
1.66411
1.64219
1.61994
1.5988
1.58058
1.56709
1.55967
1.55871
1.56305
1.56964
1.57436
1.5745
1.57126
1.56986
1.57569
1.58974
1.6079
1.62456
1.63604
1.64175
1.64379
1.64543
1.64937
1.65655
1.66633
1.67712
1.68711
1.69456
1.698
1.69633
1.68893
1.67564
1.65711
1.63523
1.61318
1.59476
1.58317
1.57994
1.58442
1.59407
1.60526
1.61423
1.61795
1.61488
1.6053
1.59139
1.57719
1.56824
1.56969
1.58299
1.60428
1.62683
1.64514
1.65675
1.66181
1.66197
1.65935
1.65608
1.65386
1.65377
1.65624
1.66136
1.66934
1.68053
1.69505
1.71275
1.73331
1.75638
1.78093
1.80456
1.82384
1.83541
1.83738
1.82986
1.81469
1.79468
1.77276
1.75136
1.73215
1.71622
1.70412
1.69566
1.68953
1.68316
1.67335
1.65735
1.63415
1.60509
1.57373
1.54479
1.52272
1.51058
1.50953
1.51887
1.5364
1.55871
1.58197
1.60283
1.61917
1.63012
1.63561
1.63581
1.63086
1.62091
1.60646
1.58853
1.56892
1.54996
1.53405
1.52304
1.51801
1.51938
1.52681
1.53902
1.554
1.56992
1.58578
1.60061
1.61247
1.61916
1.62053
1.61947
1.62024
1.62537
1.63391
1.64251
1.64743
1.64631
1.63914
1.62849
1.61833
1.61219
1.61177
1.61693
1.62628
1.63798
1.65003
1.66057
1.66829
1.67281
1.67464
1.67469
1.67353
1.6708
1.66533
1.65581
1.64164
1.6236
1.60407
1.58665
1.57515
1.57225
1.5784
1.59153
1.60796
1.62382
1.63624
1.64365
1.64595
1.64436
1.64077
1.63632
1.63047
1.62144
1.60775
1.58943
1.56847
1.54864
1.5346
1.53038
1.53776
1.55559
1.58042
1.60804
1.6348
1.65845
1.67808
1.69382
1.70615
1.71547
1.72171
1.72432
1.72256
1.71585
1.70427
1.68871
1.67086
1.65273
1.63611
1.62183
1.60936
1.59709
1.58328
1.56789
1.5541
1.54779
1.55371
1.5712
1.59474
1.61845
1.63916
1.65656
1.67193
1.68686
1.70268
1.72002
1.7388
1.75791
1.77547
1.78922
1.79706
1.79754
1.79013
1.77547
1.75571
1.73451
1.71624
1.70421
1.69879
1.69714
1.69461
1.68687
1.67113
1.64636
1.61362
1.57672
1.54242
1.51887
1.51215
1.52343
1.54897
1.58247
1.61735
1.64798
1.67043
1.68278
1.68538
1.68086
1.67386
1.67015
1.67461
1.68891
1.71051
1.734
1.75412
1.7677
1.77374
1.77222
1.76343
1.74827
1.72875
1.70765
1.68767
1.67046
1.65627
1.64443
1.634
1.62435
1.61513
1.60626
1.59771
1.58929
1.58068
1.57147
1.5614
1.55089
1.54139
1.53525
1.53463
1.54021
1.55074
1.56393
1.5777
1.59093
1.60364
1.61661
1.63077
1.64665
1.66382
1.68089
1.69586
1.70685
1.71271
1.71338
1.70977
1.70323
1.69494
1.68537
1.67407
1.65997
1.64206
1.62029
1.59642
1.57403
1.55742
1.54967
1.55111
1.55939
1.57104
1.58288
1.59304
1.60099
1.60692
1.61095
1.61277
1.61194
1.60854
1.60361
1.59893
1.59662
1.59845
1.6053
1.61683
1.63161
1.64783
1.66422
1.68003
1.69427
1.70528
1.71094
1.70963
1.70083
1.68526
1.66501
1.6432
1.62354
1.60923
1.60182
1.6009
1.60466
1.61094
1.61815
1.62549
1.63263
1.63926
1.64472
1.64804
1.64804
1.64381
1.63492
1.62168
1.60494
1.58572
1.56517
1.54461
1.52565
1.50981
1.49809
1.49064
1.48675
1.48484
1.48252
1.47731
1.46773
1.45455
1.44126
1.43341
1.43644
1.45251
1.47892
1.50993
1.54029
1.56709
1.58951
1.60756
1.62129
1.63062
1.63573
1.63737
1.63678
1.63557
1.63524
1.63657
1.63929
1.64208
1.64332
1.64215
1.63938
1.63756
1.64006
1.64958
1.66691
1.69075
1.7183
1.746
1.77032
1.78848
1.79885
1.80114
1.79624
1.78595
1.77245
1.7578
1.74351
1.73033
1.71842
1.70757
1.69748
1.68812
1.68044
1.67637
1.67801
1.68626
1.70002
1.71672
1.73342
1.74764
1.75755
1.76181
1.75941
1.74976
1.73328
1.71253
1.69253
1.67841
1.67243
1.67286
1.67553
1.67629
1.67298
1.66592
1.65689
1.64773
1.63981
1.63393
1.63062
1.63008
1.63209
1.63589
1.64037
1.64426
1.64659
1.64721
1.6467
1.64568
1.64423
1.64234
1.6408
1.6411
1.64403
1.64887
1.65413
1.65857
1.66113
1.66058
1.65551
1.6451
1.62972
1.61128
1.59283
1.57778
1.5689
1.5674
1.57274
1.58345
1.59831
1.61682
1.63821
1.66028
1.67975
1.69366
1.70011
1.69831
1.68848
1.67216
1.65232
1.63272
1.61657
1.6054
1.59884
1.5953
1.59312
1.5917
1.59196
1.5961
1.6061
1.6223
1.64291
1.66483
1.68489
1.70072
1.71115
1.716
1.71583
1.71162
1.70449
1.69554
1.68569
1.67594
1.66744
1.6615
1.65926
1.66131
1.66752
1.67688
1.68803
1.69971
1.7109
1.72072
1.72826
1.73256
1.73285
1.72862
1.71965
1.7062
1.68925
1.67042
1.65137
1.63325
1.61661
1.60199
1.59058
1.58414
1.58442
1.59235
1.60745
1.62774
1.65014
1.67087
1.68602
1.69192
1.68571
1.66632
1.63606
1.60164
1.57239
1.5553
1.55222
1.56159
1.58084
1.60645
1.63347
1.6564
1.67059
1.67317
1.66326
1.64189
1.61177
1.57693
1.54197
1.51087
1.48607
1.46805
1.45616
1.45026
1.45163
1.46248
1.48377
1.51355
1.54713
1.57915
1.6057
1.6253
1.63867
1.64777
1.65477
1.66142
1.66881
1.67753
1.68795
1.7002
1.71356
1.72621
1.73577
1.74034
1.73936
1.73361
1.72453
1.71316
1.69942
1.68217
1.66016
1.63326
1.60346
1.57494
1.55306
1.54225
1.54373
1.55486
1.57075
1.58659
1.59884
1.6053
1.60507
1.59924
1.5915
1.58716
1.5903
1.60107
1.61602
1.63086
1.64274
1.65068
1.65477
1.655
1.65067
1.64101
1.62637
1.60891
1.59222
1.58007
1.5753
1.5792
1.59127
1.60954
1.63103
1.65271
1.67232
1.68872
1.70134
1.70948
1.71194
1.70741
1.69505
1.67515
1.64924
1.61973
1.58933
1.56066
1.53602
1.51742
1.50642
1.50386
1.50974
1.52314
1.54236
1.56517
1.58916
1.61214
1.63217
1.64757
1.65674
1.65792
1.64931
1.62987
1.60125
1.57039
1.54925
1.54754
1.56436
1.59
1.61434
1.63101
1.63694
1.63124
1.61473
1.59007
1.56168
1.53516
1.51618
1.50888
1.51468
1.53204
1.55746
1.58696
1.61738
1.64683
1.67461
1.70056
1.72436
1.74523
1.76212
1.77432
1.78205
1.78653
1.78941
1.79209
1.79517
1.79838
1.80095
1.80194
1.8002
1.7944
1.7833
1.76635
1.74439
1.71996
1.69657
1.67742
1.66413
1.65651
1.65324
1.6528
1.65389
1.65531
1.65574
1.65373
1.64791
1.63724
1.62131
1.60034
1.57518
1.54715
1.51843
1.49232
1.47307
1.46471
1.46934
1.48638
1.51282
1.54406
1.57481
1.60067
1.61991
1.63396
1.64582
1.65758
1.66916
1.67869
1.68381
1.68272
1.67483
1.66099
1.64339
1.62519
1.60982
1.60024
1.59834
1.6046
1.6182
1.63724
1.65923
1.68156
1.70178
1.71777
1.72797
1.73153
1.7283
1.71836
1.70151
1.6773
1.64584
1.60916
1.57205
1.54154
1.52356
1.51841
1.5206
1.52402
1.52617
1.52799
1.53146
1.53762
1.54605
1.55539
1.56433
1.57213
1.57872
1.58434
1.58918
1.59322
1.59635
1.59886
1.60143
1.60409
1.60516
1.60174
1.59231
1.57899
1.56708
1.56186
1.56533
1.57608
1.59177
1.61091
1.63256
1.65496
1.67507
1.68948
1.69615
1.69532
1.68927
1.68074
1.67131
1.66091
1.64872
1.6347
1.62057
1.60936
1.60387
1.60502
1.6114
1.62005
1.62792
1.6329
1.63432
1.6327
1.62916
1.62469
1.61977
1.61457
1.60998
1.60845
1.61372
1.62869
1.653
1.68246
1.71102
1.73351
1.74697
1.75061
1.74507
1.73156
1.71133
1.68543
1.65458
1.61955
1.58183
1.54437
1.51176
1.4893
1.48108
1.48834
1.50906
1.53918
1.57414
1.61016
1.64478
1.67669
1.70512
1.72912
1.7474
1.7587
1.76224
1.75809
1.747
1.73026
1.70957
1.6868
1.664
1.64335
1.62719
1.61795
1.61782
1.62823
1.64925
1.67934
1.7153
1.7527
1.78665
1.81259
1.82697
1.82766
1.81427
1.78838
1.75359
1.71556
1.68098
1.65561
1.64196
1.63817
1.63928
1.64008
1.63757
1.63199
1.62624
1.62413
1.6284
1.63952
1.65601
1.67563
1.69632
1.7167
1.73577
1.75274
1.76676
1.77699
1.78279
1.78373
1.77979
1.77116
1.75812
1.74112
1.72097
1.69904
1.6773
1.65792
1.64294
1.63381
1.63092
1.63324
1.63871
1.64518
1.6514
1.65747
1.6644
1.67326
1.68411
1.6958
1.70661
1.71533
1.72185
1.72696
1.73162
1.73613
1.74008
1.74277
1.74384
1.74373
1.7436
1.745
1.74917
1.75646
1.7659
1.77537
1.78204
1.78313
1.77665
1.7619
1.73978
1.71287
1.68502
1.66052
1.64272
1.63264
1.62853
1.62693
1.62439
1.61861
1.60859
1.59413
1.57529
1.55208
1.52483
1.49492
1.46555
1.44141
1.42702
1.4245
1.43281
1.44898
1.46993
1.49352
1.51863
1.54458
1.57051
1.59511
1.61656
1.6329
1.64273
1.64565
1.64255
1.63551
1.62708
1.61977
1.61568
1.61604
1.62112
1.63005
1.64101
1.65177
1.66039
1.66577
1.66758
1.66607
1.66171
1.65496
1.64634
1.63688
1.6284
1.62358
1.62527
1.6353
1.65353
1.67775
1.70429
1.72914
1.74904
1.76206
1.7675
1.76535
1.75563
1.73816
1.71257
1.67937
1.64152
1.60589
1.58171
1.57477
1.58311
1.59979
1.61853
1.63611
1.65139
1.66401
1.67379
1.68062
1.68467
1.68642
1.68671
1.68633
1.68604
1.68645
1.68804
1.69114
1.69589
1.70215
1.70958
1.71759
1.72543
1.73242
1.73831
1.74351
1.74907
1.75635
1.76625
1.77835
1.79058
1.79953
1.80166
1.79449
1.77743
1.75195
1.7211
1.68857
1.65779
1.63127
1.61067
1.5969
1.59005
1.58889
1.59118
1.59469
1.5981
1.60099
1.60306
1.60375
1.60247
1.59921
1.59482
1.59042
1.58655
1.5827
1.57751
1.56957
1.55846
1.5453
1.53252
1.52285
1.51813
1.51837
1.52183
1.52603
1.529
1.53033
1.53109
1.5333
1.53881
1.54838
1.56142
1.57634
1.59152
1.60576
1.61832
1.6287
1.6365
1.64134
1.64314
1.64233
1.63983
1.63704
1.63542
1.63609
1.63913
1.64345
1.64722
1.64879
1.64711
1.64171
1.63243
1.61945
1.60375
1.58731
1.57275
1.56239
1.55726
1.55656
1.5581
1.55951
1.55963
1.55943
1.56165
1.56938
1.5842
1.60531
1.62988
1.6541
1.67431
1.68766
1.6924
1.68813
1.67595
1.65833
1.63843
1.61858
1.59923
1.57906
1.55624
1.5301
1.50212
1.47619
1.45758
1.45074
1.45719
1.47485
1.49952
1.52665
1.55272
1.57574
1.59516
1.61125
1.62458
1.63576
1.64529
1.6535
1.66048
1.66597
1.66917
1.66879
1.6631
1.65024
1.62919
1.60087
1.56909
1.54007
1.51964
1.50985
1.50822
1.51033
1.51301
1.51543
1.51846
1.52339
1.53107
1.54164
1.55476
1.56989
1.58619
1.60232
1.61649
1.62719
1.634
1.63765
1.63936
1.63972
1.63792
1.63226
1.62142
1.60591
1.58888
1.57532
1.56956
1.57296
1.58327
1.59609
1.607
1.61282
1.61206
1.60473
1.59219
1.57694
1.56236
1.55194
1.54866
1.55459
1.57099
1.59813
1.63462
1.67666
1.71891
1.75638
1.78596
1.8063
1.81712
1.81887
1.81281
1.80114
1.7865
1.77097
1.75548
1.74023
1.72581
1.71414
1.70771
1.70802
1.71508
1.72831
1.74736
1.77157
1.79914
1.82665
1.84962
1.86364
1.8653
1.85305
1.82778
1.79281
1.75352
1.71589
1.68456
1.66122
1.64469
1.63306
1.62583
1.62502
1.63376
1.65344
1.68154
1.71216
1.73862
1.75593
1.76198
1.75741
1.745
1.72866
1.71214
1.698
1.68715
1.67921
1.6734
1.66928
1.66697
1.66669
1.66826
1.67098
1.67401
1.67696
1.68013
1.68413
1.68904
1.69386
1.69667
1.69547
1.68941
1.67909
1.66587
1.65044
1.63233
1.6111
1.58801
1.56623
1.54904
1.53821
1.53408
1.53687
1.54672
1.56286
1.58312
1.60495
1.62674
1.64843
1.67088
1.69449
1.71813
1.73934
1.75566
1.76578
1.76983
1.76898
1.76469
1.75828
1.75069
1.74238
1.73338
1.72346
1.71203
1.69838
1.68185
1.66207
1.63919
1.61395
1.58757
1.56155
1.53742
1.51655
1.49994
1.48826
1.48224
1.48309
1.4923
1.51022
1.53491
1.56215
1.58711
1.60615
1.61752
1.621
1.61727
1.60749
1.59348
1.57763
1.56238
1.54969
1.54076
1.53616
1.53572
1.53834
1.542
1.54438
1.5437
1.53975
1.53444
1.53163
1.53581
1.54986
1.57349
1.60337
1.63489
1.66376
1.68664
1.70103
1.70533
1.69927
1.68427
1.66326
1.64006
1.61833
1.60067
1.58796
1.57947
1.57346
1.56806
1.562
1.55473
1.54661
1.53879
1.53302
1.53086
1.53285
1.53829
1.54565
1.55334
1.56015
1.56499
1.56665
1.56399
1.55637
1.54428
1.52925
1.5129
1.49588
1.47864
1.46321
1.45405
1.45609
1.4716
1.49845
1.53138
1.56473
1.59446
1.61837
1.63559
1.64627
1.65141
1.65263
1.65189
1.65092
1.65092
1.65248
1.65563
1.65996
1.66471
1.66887
1.6714
1.67109
1.6666
1.65664
1.64045
1.61861
1.59344
1.56856
1.54776
1.53352
1.52638
1.52541
1.52918
1.53647
1.5464
1.55816
1.57094
1.58393
1.59645
1.60809
1.61852
1.6274
1.6341
1.63764
1.63677
1.6303
1.61766
1.5994
1.57742
1.55479
1.53505
1.52117
1.51453
1.51465
1.52002
1.52926
1.54205
1.55905
1.5808
1.60663
1.63445
1.66148
1.68517
1.70347
1.71491
1.71876
1.71523
1.70552
1.69157
1.67548
1.65891
1.64306
1.62903
1.61817
1.61204
1.61157
1.61632
1.62434
1.63291
1.63993
1.64476
1.64824
1.65183
1.6564
1.66144
1.66481
1.66326
1.65343
1.63326
1.60329
1.56718
1.53113
1.50184
1.48414
1.47939
1.48567
1.49954
1.51767
1.53757
1.55747
1.57591
1.59159
1.60344
1.61118
1.6154
1.61735
1.61829
1.61894
1.6196
1.62071
1.62329
1.6288
1.63791
1.64913
1.65856
1.66148
1.65485
1.63893
1.61732
1.59562
1.57926
1.57175
1.5738
1.58371
1.59844
1.61472
1.62967
1.64104
1.6472
1.64711
1.6404
1.62732
1.60883
1.58668
1.56319
1.54108
1.52308
1.51142
1.50724
1.51012
1.51803
1.52792
1.53681
1.54312
1.54729
1.55119
1.55698
1.56591
1.5779
1.5917
1.60565
1.61826
1.62831
1.63478
1.63663
1.63287
1.62304
1.60757
1.58797
1.56641
1.54487
1.5244
1.50472
1.48445
1.46208
1.43699
1.41041
1.3856
1.36723
1.35991
1.36647
1.38675
1.41802
1.45625
1.49739
1.53807
1.57588
1.60941
1.63826
1.66276
1.68353
1.70093
1.71482
1.72452
1.72919
1.72823
1.72149
1.7093
1.69233
1.67165
1.64851
1.62443
1.60132
1.58139
1.56689
1.55956
1.55992
1.56672
1.57721
1.58818
1.597
1.60268
1.60605
1.60909
1.61345
1.61925
1.6253
1.63033
1.63409
1.63702
1.63937
1.64061
1.63945
1.63435
1.62421
1.60874
1.58889
1.56711
1.54716
1.53306
1.52746
1.53053
1.54017
1.55328
1.56703
1.57967
1.59068
1.60049
1.61014
1.62095
1.63407
1.65007
1.66854
1.68812
1.70652
1.7208
1.72784
1.72526
1.7122
1.69008
1.66272
1.63577
1.61542
1.6064
1.61017
1.62435
1.64386
1.66301
1.6773
1.6842
1.68326
1.67594
1.66517
1.65452
1.64735
1.64602
1.65143
1.66293
1.67835
1.69441
1.70763
1.71516
1.7153
1.70735
1.69128
1.66754
1.63744
1.60389
1.5723
1.55011
1.54407
1.55633
1.58287
1.61621
1.6495
1.67866
1.70214
1.71965
1.73157
1.73886
1.74315
1.74649
1.75074
1.75719
1.76613
1.7768
1.78739
1.79537
1.79787
1.7921
1.77575
1.74756
1.70849
1.66263
1.61661
1.57669
1.54596
1.5244
1.51077
1.50388
1.50256
1.50577
1.51362
1.52803
1.551
1.58125
1.61355
1.64156
1.66073
1.66917
1.66696
1.65527
1.63552
1.60878
1.57561
1.53681
1.49448
1.45274
1.41692
1.39167
1.37948
1.38032
1.39222
1.41222
1.43711
1.4641
1.49104
1.5163
1.53852
1.5565
1.56943
1.57712
1.58016
1.57993
1.57853
1.57852
1.58215
1.59041
1.60263
1.61738
1.63376
1.65145
1.66936
1.68468
1.69369
1.69331
1.68208
1.66041
1.63043
1.59579
1.56138
1.53269
1.51506
1.5127
1.52729
1.55677
1.595
1.63357
1.66498
1.68521
1.69465
1.69719
1.69812
1.70161
1.70875
1.71713
1.72229
1.7204
1.71039
1.69449
1.67695
1.66175
1.65077
1.64394
1.64037
1.63924
1.63977
1.64089
1.641
1.63808
1.63051
1.61789
1.60159
1.58422
1.56838
1.55568
1.5466
1.54109
1.53918
1.541
1.54654
1.55561
1.56818
1.58449
1.6044
1.62638
1.64688
1.66116
1.66509
1.65683
1.6377
1.61176
1.58431
1.56028
1.54335
1.53574
1.53829
1.55052
1.57092
1.5974
1.6278
1.65997
1.69196
1.72196
1.74857
1.77058
1.78692
1.79648
1.79831
1.7925
1.78095
1.76705
1.75368
1.74111
1.72747
1.71123
1.69308
1.67579
1.6625
1.65518
1.65391
1.65721
1.66306
1.66979
1.67631
1.68174
1.68521
1.68617
1.68493
1.68294
1.68222
1.68438
1.68961
1.69624
1.7012
1.70098
1.69273
1.67475
1.64689
1.61105
1.57145
1.5341
1.50503
1.48826
1.485
1.49468
1.51608
1.54764
1.58708
1.63115
1.67594
1.71759
1.75256
1.7777
1.79044
1.78926
1.77421
1.74718
1.71192
1.6735
1.63753
1.60906
1.59153
1.58608
1.59147
1.60504
1.62405
1.64682
1.67295
1.70248
1.73446
1.76627
1.79405
1.81388
1.82256
1.81828
1.80084
1.77182
1.73477
1.69532
1.6607
1.63822
1.63253
1.64356
1.66634
1.69309
1.71637
1.73119
1.73575
1.73113
1.71998
1.70519
1.68891
1.67222
1.65527
1.63788
1.62027
1.60364
1.59006
1.58186
1.58052
1.5862
1.59779
1.61352
1.63158
1.65018
1.6676
1.68232
1.69332
1.70042
1.70428
1.70586
1.70549
1.70251
1.69577
1.68473
1.67029
1.65466
1.64045
1.62962
1.62319
1.62146
1.62469
1.63328
1.64755
1.66678
1.68831
1.70789
1.72135
1.72625
1.72227
1.71068
1.69366
1.67381
1.65389
1.63649
1.62397
1.61843
1.62155
1.63367
1.65285
1.67502
1.69541
1.71001
1.71661
1.71484
1.70562
1.69013
1.66937
1.64444
1.61704
1.58961
1.5646
1.54343
1.526
1.51111
1.49731
1.48379
1.47089
1.45995
1.45293
1.4517
1.45747
1.47061
1.49067
1.51648
1.54611
1.57711
1.60689
1.63322
1.65443
1.66932
1.67743
1.67949
1.67786
1.67578
1.67567
1.67825
1.68295
1.68907
1.69625
1.70428
1.7125
1.71951
1.72338
1.72232
1.71525
1.70223
1.68446
1.66399
1.64337
1.62518
1.6118
1.60504
1.60584
1.61388
1.62733
1.64316
1.65795
1.66896
1.67494
1.6762
1.67389
1.66901
1.66173
1.65164
1.6385
1.62281
1.6059
1.58978
1.57673
1.56893
1.56813
1.57512
1.58939
1.6091
1.63182
1.65543
1.67901
1.70286
1.72727
1.75101
1.77112
1.78457
1.78988
1.78741
1.77849
1.76455
1.74669
1.72585
1.70313
1.6801
1.6586
1.64055
1.62762
1.62085
1.62052
1.626
1.63594
1.64866
1.66234
1.67507
1.68497
1.69051
1.6909
1.6864
1.67821
1.66799
1.65732
1.64772
1.64074
1.63787
1.64016
1.64768
1.65934
1.67315
1.6868
1.69799
1.70489
1.70645
1.70267
1.6946
1.68379
1.6714
1.65782
1.64296
1.62694
1.61069
1.59567
1.58304
1.57262
1.5629
1.55219
1.54028
1.52858
1.51827
1.50861
1.49773
1.48482
1.47137
1.46046
1.45569
1.46071
1.47868
1.50982
1.54896
1.58692
1.61535
1.63019
1.63188
1.6238
1.61027
1.59514
1.5812
1.57031
1.56387
1.56327
1.56966
1.58357
1.60423
1.62944
1.65596
1.68059
1.70104
1.71629
1.72635
1.73196
1.73417
1.73425
1.73352
1.73289
1.73229
1.73057
1.72615
1.71775
1.70448
1.68572
1.66127
1.63203
1.60039
1.56971
1.54326
1.52308
1.50992
1.50385
1.50479
1.51248
1.52555
1.5411
1.55535
1.56512
1.56911
1.5682
1.56473
1.56152
1.56063
1.56269
1.56689
1.57183
1.57648
1.58064
1.58468
1.58909
1.59414
1.59986
1.60619
1.61307
1.62046
1.62833
1.63662
1.64532
1.65455
1.66452
1.67526
1.68642
1.697
1.70551
1.71027
1.70986
1.7035
1.6915
1.67546
1.65814
1.64286
1.63228
1.62719
1.62597
1.62533
1.62191
1.61407
1.60327
1.59376
1.59009
1.59369
1.60215
1.61161
1.61934
1.62413
1.62561
1.62401
1.6203
1.61659
1.61574
1.62071
1.63322
1.65254
1.67529
1.69657
1.7116
1.71688
1.71072
1.6935
1.66793
1.63856
1.61065
1.5884
1.57395
1.56735
1.56742
1.57209
1.5782
1.58174
1.57878
1.56692
1.54636
1.52058
1.49567
1.47864
1.47489
1.48638
1.51113
1.54438
1.58051
1.61477
1.64423
1.66782
1.68545
1.69677
1.70071
1.69586
1.68149
1.65866
1.63061
1.60208
1.57737
1.5586
1.5456
1.53722
1.53285
1.5333
1.5406
1.55683
1.58245
1.61516
1.65028
1.68211
1.70572
1.71792
1.71783
1.70662
1.68726
1.66387
1.64087
1.62207
1.60964
1.60376
1.60314
1.60595
1.61078
1.61664
1.62269
1.62806
1.63243
1.63689
1.64385
1.65519
1.67041
1.68716
1.70353
1.71953
1.73628
1.75462
1.77433
1.79433
1.81337
1.83013
1.84345
1.85239
1.85656
1.85641
1.85326
1.84896
1.84517
1.8428
1.8416
1.84032
1.83716
1.83053
1.81952
1.80418
1.78533
1.76412
1.74142
1.71758
1.69322
1.67016
1.65155
1.64022
1.63722
1.6417
1.65227
1.6677
1.68636
1.70526
1.72016
1.72648
1.72061
1.70077
1.66761
1.62446
1.57725
1.53354
1.50054
1.48256
1.47942
1.48683
1.49856
1.50916
1.51537
1.51627
1.51263
1.50623
1.49957
1.49541
1.49626
1.50377
1.51836
1.53864
1.56147
1.58268
1.59841
1.60633
1.60643
1.60098
1.59372
1.5883
1.58689
1.58969
1.59574
1.60396
1.61378
1.62506
1.63764
1.65108
1.66434
1.67584
1.68377
1.68658
1.68361
1.67562
1.665
1.6551
1.64895
1.64783
1.65109
1.65713
1.66432
1.67138
1.67752
1.68217
1.68483
1.68493
1.68211
1.67664
1.66954
1.66184
1.65359
1.64347
1.62959
1.61078
1.5878
1.56394
1.54429
1.53357
1.53348
1.54179
1.55375
1.56449
1.57087
1.57183
1.56768
1.55936
1.54808
1.5355
1.52391
1.51591
1.51362
1.51787
1.52797
1.54243
1.55957
1.57778
1.5955
1.61115
1.62345
1.63179
1.63629
1.63726
1.63473
1.62856
1.61891
1.60669
1.59313
1.57919
1.56525
1.55129
1.53772
1.52608
1.51924
1.52005
1.52944
1.54572
1.56578
1.58723
1.60904
1.63083
1.65169
1.66968
1.68224
1.68738
1.6849
1.67759
1.67089
1.67023
1.67699
1.68757
1.69645
1.69942
1.69442
1.68077
1.65862
1.62871
1.59288
1.55467
1.5195
1.49345
1.48056
1.48079
1.49043
1.50455
1.51927
1.53251
1.54357
1.55272
1.56046
1.56701
1.57199
1.57433
1.57256
1.56528
1.55165
1.53184
1.50744
1.48149
1.45795
1.44069
1.43213
1.43262
1.44075
1.45427
1.471
1.48941
1.50871
1.52867
1.54918
1.56983
1.58976
1.60767
1.62211
1.63204
1.63731
1.63892
1.63857
1.63764
1.6362
1.63291
1.62605
1.61478
1.59991
1.58371
1.56909
1.55872
1.55407
1.55512
1.5606
1.56863
1.57753
1.58641
1.59517
1.60381
1.61174
1.61749
1.61936
1.61638
1.6089
1.59847
1.58704
1.57668
1.5695
1.56744
1.57117
1.5794
1.58916
1.59725
1.60159
1.60158
1.59774
1.59096
1.58198
1.57138
1.5597
1.54793
1.53779
1.53176
1.53232
1.54097
1.55744
1.57954
1.60364
1.62578
1.64275
1.65263
1.65488
1.65024
1.64057
1.62867
1.61768
1.61007
1.60683
1.60739
1.6104
1.61442
1.61843
1.62171
1.62373
1.62415
1.62309
1.62159
1.62143
1.62453
1.63192
1.64317
1.65662
1.67004
1.68141
1.68929
1.69291
1.69237
1.68861
1.68354
1.67971
1.67955
1.68454
1.69463
1.70811
1.72222
1.73378
1.73996
1.73883
1.72957
1.71252
1.68908
1.66161
1.63337
1.60815
1.58969
1.58098
1.58344
1.59641
1.61722
1.64182
1.66603
1.68672
1.70255
1.71391
1.72185
1.72665
1.7274
1.72268
1.712
1.69647
1.67854
1.66112
1.64649
1.63589
1.62959
1.62768
1.63069
1.63945
1.65447
1.67488
1.69812
1.72054
1.73852
1.74951
1.75238
1.74736
1.73571
1.71924
1.70022
1.68123
1.66467
1.65199
1.64299
1.63593
1.62877
1.62058
1.61255
1.60758
1.60861
1.61672
1.63013
1.64494
1.65722
1.66482
1.66781
1.66751
1.66568
1.66411
1.66458
1.66843
1.67586
1.68582
1.69643
1.70573
1.71196
1.7138
1.71054
1.70227
1.69012
1.67633
1.66376
1.65493
1.65124
1.65303
1.6603
1.67289
1.68923
1.70525
1.71534
1.71525
1.70471
1.68787
1.67154
1.66194
1.6617
1.66948
1.6819
1.69575
1.70889
1.71983
1.72711
1.72894
1.72324
1.70836
1.68421
1.65354
1.62268
1.60039
1.59452
1.60809
1.63785
1.67611
1.71403
1.74413
1.76169
1.76492
1.75473
1.73425
1.70831
1.68268
1.66279
1.6521
1.65074
1.65547
1.66101
1.66218
1.65571
1.64127
1.62111
1.59937
1.58102
1.57054
1.57072
1.58192
1.60196
1.62652
1.65018
1.66768
1.67519
1.67114
1.65617
1.63258
1.60365
1.57312
1.54483
1.52254
1.5095
1.50769
1.51705
1.5354
1.55932
1.58518
1.60965
1.63004
1.64455
1.65231
1.65347
1.64909
1.64096
1.63121
1.62222
1.61639
1.61589
1.62229
1.63596
1.65554
1.67831
1.70114
1.72153
1.73797
1.74974
1.75646
1.75819
1.75542
1.74926
1.7413
1.73332
1.72681
1.72259
1.72058
1.72
1.7198
1.71908
1.71738
1.71448
1.71019
1.704
1.69525
1.68333
1.66791
1.64903
1.62731
1.60478
1.58606
1.57781
1.58434
1.60311
1.62572
1.64352
1.65153
1.64884
1.6381
1.62443
1.61366
1.6097
1.61298
1.62106
1.63055
1.6388
1.64429
1.64648
1.6455
1.64189
1.63661
1.63106
1.62708
1.6263
1.62958
1.63679
1.64711
1.65951
1.67301
1.68653
1.6986
1.70736
1.71092
1.70791
1.69821
1.68351
1.66709
1.65279
1.64355
1.64015
1.64076
1.64194
1.6405
1.63478
1.6247
1.61134
1.59625
1.5813
1.56867
1.5608
1.5597
1.56592
1.578
1.5931
1.6083
1.62148
1.63161
1.63854
1.64246
1.64324
1.64019
1.6321
1.61792
1.59734
1.57143
1.5427
1.51473
1.49139
1.47598
1.47058
1.47553
1.48945
1.50962
1.53274
1.55578
1.57642
1.593
1.60435
1.60967
1.60868
1.60181
1.59042
1.57677
1.56375
1.55428
1.55059
1.55357
1.56266
1.57604
1.59148
1.60705
1.6215
1.63427
1.64516
1.65413
1.66122
1.66646
1.66996
1.67191
1.67269
1.67262
1.67154
1.66868
1.66332
1.65543
1.64582
1.63564
1.62574
1.61652
1.60815
1.60087
1.59506
1.59097
1.58839
1.58662
1.58481
1.58231
1.57912
1.57605
1.57415
1.57437
1.57735
1.58353
1.59283
1.60464
1.6183
1.63354
1.65007
1.6668
1.68168
1.69266
1.69875
1.70057
1.69974
1.69775
1.69475
1.68954
1.6804
1.6661
1.64628
1.62115
1.59106
1.55651
1.51879
1.4809
1.4476
1.42439
1.41546
1.42213
1.44241
1.47195
1.50528
1.53708
1.56288
1.57961
1.58591
1.58237
1.57138
1.55714
1.54522
1.54101
1.54726
1.5621
1.57995
1.59502
1.60391
1.60602
1.60251
1.59515
1.58533
1.57345
1.55941
1.54359
1.52799
1.51629
1.51284
1.52067
1.54
1.56836
1.60179
1.63617
1.66799
1.69441
1.71326
1.72323
1.72441
1.71907
1.7118
1.70746
1.70755
1.70948
1.71012
1.70907
1.70797
1.70786
1.70823
1.70801
1.70668
1.70425
1.70074
1.69601
1.69006
1.68326
1.6761
1.66879
1.66101
1.65216
1.64195
1.63061
1.6187
1.60694
1.59597
1.58642
1.57911
1.5752
1.57566
1.58053
1.58859
1.59758
1.6052
1.61003
1.61209
1.61253
1.61303
1.61512
1.62004
1.62863
1.64102
1.65627
1.67242
1.68701
1.69797
1.70426
1.70589
1.70359
1.69852
1.69237
1.68735
1.68529
1.68619
1.68798
1.68785
1.68406
1.6768
1.66794
1.66024
1.6563
1.65762
1.66425
1.6748
1.68703
1.69836
1.70663
1.71083
1.71169
1.71178
1.71458
1.72264
1.73612
1.75278
1.76941
1.78306
1.7914
1.79283
1.78652
1.77256
1.75212
1.72734
1.7011
1.6764
1.6553
1.63801
1.62311
1.6091
1.59657
1.58854
1.58825
1.59603
1.60891
1.62351
1.63867
1.65556
1.67579
1.69973
1.72592
1.75181
1.77487
1.79342
1.8069
1.81566
1.82056
1.82241
1.82145
1.81703
1.8078
1.79253
1.77087
1.74401
1.71481
1.68717
1.66446
1.64755
1.63403
1.61977
1.6016
1.57916
1.55494
1.53277
1.51592
1.50572
1.50153
1.50162
1.50416
1.50776
1.51156
1.51504
1.51797
1.5208
1.52491
1.53224
1.5442
1.56052
1.57932
1.59804
1.61459
1.62769
1.63681
1.64176
1.64254
1.63932
1.63265
1.62376
1.61464
1.60787
1.60596
1.61039
1.62072
1.63422
1.64664
1.65363
1.65237
1.64284
1.62822
1.61426
1.60719
1.61054
1.62289
1.63865
1.65149
1.6574
1.65562
1.64811
1.63835
1.63009
1.62591
1.62641
1.63047
1.63627
1.64253
1.64874
1.65458
1.65927
1.6617
1.66109
1.65747
1.65157
1.64426
1.63611
1.62723
1.61739
1.60634
1.59428
1.58252
1.57378
1.57161
1.57879
1.59579
1.62028
1.6482
1.67524
1.69784
1.71337
1.72006
1.71697
1.70405
1.68243
1.6546
1.62432
1.59612
1.57432
1.56181
1.55922
1.56478
1.57512
1.58637
1.59533
1.6005
1.60247
1.60333
1.60523
1.60911
1.61454
1.62046
1.62599
1.63081
1.63513
1.63955
1.64469
1.65072
1.65706
1.66243
1.66545
1.66541
1.66285
1.65962
1.65815
1.66043
1.66721
1.67795
1.69116
1.70468
1.71581
1.72133
1.71794
1.70326
1.67692
1.64177
1.60408
1.57174
1.55097
1.5442
1.55046
1.56656
1.58784
1.60866
1.62334
1.6273
1.61839
1.59763
1.56915
1.53893
1.51316
1.49703
1.49382
1.50422
1.52581
1.55394
1.58346
1.61056
1.63347
1.65166
1.66467
1.67126
1.66965
1.65844
1.63786
1.61047
1.58117
1.55604
1.54026
1.53596
1.5414
1.55214
1.56286
1.56943
1.57003
1.56561
1.55924
1.55453
1.55371
1.55636
1.55964
1.56002
1.55526
1.54563
1.53375
1.52349
1.51844
1.52079
1.53113
1.54909
1.57336
1.60172
1.63102
1.65816
1.68113
1.69931
1.71305
1.72286
1.72904
1.73144
1.72956
1.72269
1.71035
1.69263
1.67058
1.64651
1.62381
1.60629
1.5965
1.59432
1.59703
1.60059
1.60161
1.59839
1.59106
1.58114
1.57069
1.5617
1.55551
1.5525
1.55189
1.55207
1.55162
1.55017
1.54856
1.54821
1.55027
1.55475
1.56035
1.56544
1.56917
1.57219
1.5765
1.58454
1.59777
1.61555
1.63489
1.65156
1.66198
1.66469
1.6606
1.65205
1.64131
1.62931
1.6156
1.59893
1.57858
1.55509
1.53046
1.50754
1.48907
1.4766
1.4702
1.46891
1.47172
1.4784
1.48968
1.50639
1.52831
1.55354
1.57888
1.60098
1.61709
1.62566
1.62645
1.62048
1.60973
1.59675
1.58431
1.57492
1.57053
1.57239
1.58102
1.59634
1.6176
1.64299
1.66958
1.69405
1.71389
1.72855
1.73975
1.75052
1.76355
1.77955
1.79686
1.81264
1.82443
1.831
1.83234
1.82926
1.82307
1.8152
1.80691
1.79895
1.79134
1.78346
1.77428
1.76265
1.74778
1.72954
1.70865
1.68648
1.66451
1.64369
1.62401
1.60472
1.58489
1.5644
1.54453
1.52788
1.51753
1.51599
1.52426
1.54145
1.56517
1.59191
1.61763
1.63845
1.65145
1.65521
1.64991
1.63703
1.619
1.59843
1.57774
1.55867
1.54213
1.52826
1.5168
1.50764
1.5011
1.49784
1.4988
1.50507
1.5177
1.53689
1.5615
1.58953
1.61908
1.64878
1.67726
1.70261
1.7228
1.73701
1.74641
1.75352
1.76055
1.76812
1.77488
1.77856
1.77724
1.77026
1.75822
1.74259
1.72504
1.70686
1.68856
1.66989
1.65031
1.6296
1.60846
1.58873
1.57317
1.56469
1.5654
1.57609
1.59617
1.62362
1.65515
1.68701
1.71602
1.74019
1.75882
1.77214
1.78074
1.78517
1.78552
1.78121
1.77114
1.7541
1.72937
1.69726
1.65952
1.61942
1.58126
1.54918
1.52584
1.51162
1.50527
1.50551
1.51192
1.52442
1.54211
1.5628
1.58346
1.60107
1.61299
1.617
1.6116
1.59654
1.57328
1.54536
1.51796
1.49652
1.48486
1.48406
1.49294
1.51002
1.53518
1.56954
1.61323
1.66291
1.71206
1.75347
1.78142
1.79238
1.78502
1.76026
1.72196
1.67707
1.63482
1.60368
1.5875
1.58396
1.58716
1.59156
1.5941
1.59406
1.59215
1.58961
1.5879
1.58853
1.59311
1.60262
1.61617
1.6302
1.63987
1.64184
1.63599
1.62513
1.61325
1.60363
1.59735
1.59318
1.58858
1.58099
1.56895
1.55269
1.5343
1.51736
1.50564
1.50127
1.50368
1.51035
1.51871
1.52774
1.53821
1.55172
1.56893
1.58848
1.60718
1.62141
1.62873
1.62885
1.62355
1.61601
1.61007
1.60933
1.61616
1.63094
1.6523
1.67788
1.70493
1.73038
1.75076
1.76255
1.76316
1.75217
1.73204
1.70719
1.68161
1.65705
1.63359
1.61152
1.59214
1.57711
1.56756
1.56383
1.56553
1.57162
1.58051
1.59043
1.59976
1.60734
1.61253
1.6151
1.61519
1.61324
1.60992
1.60603
1.60243
1.59983
1.59876
1.59951
1.60217
1.60642
1.61156
1.61662
1.62063
1.62312
1.62421
1.62454
1.62476
1.62498
1.62437
1.62157
1.61565
1.60685
1.59665
1.58713
1.57992
1.57526
1.5719
1.56762
1.56052
1.5499
1.53683
1.5238
1.51406
1.51029
1.51333
1.52165
1.53208
1.54124
1.54686
1.54851
1.54776
1.54735
1.5501
1.55773
1.57051
1.58734
1.60626
1.62492
1.64127
1.65399
1.66283
1.66833
1.67126
1.67229
1.67165
1.66928
1.66505
1.65891
1.65106
1.64194
1.63226
1.62298
1.61515
1.60963
1.60703
1.60771
1.61187
1.61959
1.6305
1.64372
1.65771
1.67057
1.68057
1.68655
1.688
1.68471
1.67646
1.66312
1.64498
1.62309
1.5994
1.57668
1.5581
1.54654
1.54412
1.55161
1.56827
1.59177
1.61859
1.6449
1.66744
1.68432
1.69528
1.70122
1.70343
1.70278
1.69933
1.69248
1.68144
1.66574
1.64566
1.62259
1.59887
1.57718
1.55952
1.54674
1.53916
1.53723
1.54187
1.55368
1.57202
1.59447
1.6172
1.63593
1.64687
1.64744
1.63679
1.61618
1.58984
1.56555
1.55252
1.55585
1.57311
1.59724
1.62185
1.64373
1.66226
1.67773
1.69002
1.69826
1.70109
1.69741
1.68713
1.6715
1.65318
1.63551
1.62123
1.6113
1.6047
1.59967
1.59506
1.59082
1.58771
1.58664
1.58808
1.59195
1.59782
1.60529
1.61431
1.62517
1.63814
1.65296
1.66835
1.68204
1.69138
1.69422
1.68969
1.67861
1.66336
1.64722
1.63303
1.62199
1.61338
1.60548
1.59704
1.58798
1.57914
1.57172
1.5669
1.56558
1.56857
1.57647
1.58932
1.60609
1.62449
1.64149
1.65439
1.66186
1.66413
1.66268
1.65948
1.65655
1.65568
1.6583
1.6651
1.67549
1.68737
1.69737
1.70188
1.6981
1.68492
1.66349
1.63748
1.61236
1.59375
1.58485
1.58482
1.58955
1.59419
1.59554
1.59292
1.58775
1.58276
1.58094
1.58431
1.59304
1.60569
1.62018
1.63481
1.64866
1.66148
1.67347
1.68496
1.69625
1.70758
1.71894
1.73
1.74029
1.74928
1.75672
1.76266
1.76749
1.77189
1.77655
1.78177
1.78696
1.79062
1.79088
1.78629
1.7764
1.76196
1.74463
1.72621
1.70812
1.69085
1.67393
1.6562
1.6366
1.61472
1.59136
1.56836
1.54826
1.53349
1.52547
1.52405
1.52772
1.53453
1.54339
1.55455
1.56911
1.5879
1.61039
1.6345
1.65729
1.67609
1.68931
1.69654
1.69823
1.69518
1.68807
1.6773
1.66307
1.64593
1.62744
1.61023
1.59725
1.59081
1.59188
1.60013
1.61399
1.63092
1.64806
1.66287
1.67395
1.68161
1.68791
1.69594
1.7082
1.72454
1.74165
1.75462
1.75929
1.75367
1.7381
1.7149
1.68766
1.66055
1.6373
1.62032
1.61024
1.60611
1.60622
1.60881
1.61282
1.618
1.62441
1.63181
1.63909
1.64452
1.64659
1.64475
1.63952
1.63209
1.62383
1.61612
1.61016
1.60672
1.60581
1.60672
1.60827
1.60914
1.60833
1.60545
1.60093
1.59601
1.59243
1.59186
1.59499
1.6012
1.60856
1.61428
1.61563
1.61068
1.59887
1.58111
1.55954
1.53689
1.51584
1.49853
1.48652
1.48103
1.48293
1.4923
1.50793
1.52738
1.54772
1.56648
1.58213
1.59407
1.60225
1.60671
1.60724
1.60319
1.59374
1.57836
1.5575
1.53289
1.50736
1.48408
1.46589
1.45522
1.45413
1.46326
1.48075
1.50261
1.52472
1.54417
1.55946
1.57041
1.57805
1.58417
1.59085
1.59964
1.61108
1.62443
1.63803
1.64997
1.65864
1.66304
1.66271
1.65749
1.6475
1.6331
1.61509
1.59475
1.57392
1.55462
1.53828
1.52537
1.51535
1.50741
1.50085
1.49512
1.48959
1.48351
1.47666
1.46994
1.46529
1.46478
1.46962
1.47954
1.49311
1.50828
1.52292
1.53538
1.54491
1.55169
1.55636
1.55924
1.55995
1.55772
1.55226
1.54435
1.53604
1.53037
1.5306
1.53903
1.55583
1.57866
1.60347
1.62588
1.64231
1.6506
1.64983
1.64014
1.62246
1.59823
1.56937
1.53842
1.50888
1.48521
1.47203
1.47205
1.48399
1.50268
1.52174
1.5368
1.54706
1.55421
1.55983
1.56366
1.56428
1.56064
1.55288
1.54207
1.52967
1.51721
1.50601
1.49662
1.48828
1.47955
1.46971
1.46023
1.45471
1.4573
1.47012
1.49137
1.51586
1.53743
1.55173
1.55765
1.55744
1.55578
1.55796
1.56778
1.58613
1.61121
1.63983
1.66863
1.69494
1.71703
1.73408
1.74595
1.753
1.7557
1.7545
1.74972
1.74184
1.73164
1.7201
1.70799
1.69536
1.68141
1.66478
1.6443
1.61972
1.59239
1.56528
1.54227
1.52699
1.52191
1.52801
1.54472
1.57006
1.60064
1.63195
1.65926
1.67847
1.68669
1.68235
1.66504
1.63556
1.59647
1.55287
1.51231
1.48253
1.46806
1.46879
1.48184
1.50399
1.5326
1.56536
1.59965
1.6322
1.65927
1.67751
1.68511
1.68266
1.67296
1.65997
1.6473
1.63703
1.62952
1.62412
1.6202
1.61779
1.61774
1.62142
1.63007
1.64421
1.6633
1.68576
1.70935
1.73183
1.75111
1.76538
1.77305
1.77299
1.76505
1.75045
1.73138
1.70994
1.68725
1.66353
1.63891
1.61362
1.58776
1.56143
1.53558
1.51231
1.49455
1.48522
1.48644
1.49908
1.52243
1.55426
1.59112
1.62901
1.66424
1.69413
1.71725
1.7335
1.74363
1.74895
1.751
1.75124
1.75094
1.75088
1.75098
1.75012
1.7464
1.7376
1.72177
1.69768
1.66514
1.62562
1.58266
1.54214
1.51116
1.49613
1.50096
1.52576
1.56584
1.61253
1.65662
1.69168
1.71472
1.72539
1.72488
1.71529
1.69939
1.68018
1.66041
1.64182
1.6249
1.60946
1.59558
1.58418
1.57682
1.57492
1.57884
1.58745
1.59835
1.60877
1.61639
1.61993
1.61904
1.61387
1.6049
1.59379
1.58411
1.57969
1.58097
1.58442
1.58684
1.5888
1.59345
1.60285
1.61575
1.62802
1.63456
1.63108
1.61546
1.58924
1.55857
1.53323
1.52191
1.52726
1.54565
1.57103
1.59814
1.62353
1.6452
1.66216
1.67422
1.68175
1.68543
1.68567
1.68218
1.67396
1.6602
1.64178
1.62222
1.60672
1.59948
1.60134
1.60991
1.62143
1.63237
1.63992
1.64228
1.63882
1.6303
1.6187
1.60681
1.59752
1.59297
1.5937
1.59842
1.60444
1.60877
1.60932
1.60572
1.5999
1.59566
1.59707
1.606
1.62052
1.63593
1.64732
1.65146
1.64742
1.63627
1.6202
1.60155
1.58199
1.56227
1.54281
1.52456
1.50957
1.50044
1.49929
1.50701
1.52329
1.54635
1.57283
1.59855
1.62017
1.63595
1.64542
1.64871
1.64609
1.63782
1.62427
1.60599
1.58386
1.5593
1.53445
1.51225
1.4961
1.48885
1.4914
1.50227
1.51842
1.53657
1.55432
1.57032
1.58417
1.59608
1.60664
1.61642
1.62565
1.63406
1.64102
1.64572
1.64766
1.64681
1.64389
1.64025
1.63741
1.63663
1.63841
1.64232
1.64718
1.65141
1.65363
1.6533
1.65083
1.64742
1.64451
1.64314
1.64357
1.64531
1.64761
1.64986
1.65197
1.65414
1.65642
1.65814
1.65776
1.65329
1.64312
1.62693
1.60643
1.58478
1.56525
1.54952
1.53718
1.52661
1.51661
1.50747
1.50108
1.50024
1.50743
1.52319
1.54546
1.57039
1.59419
1.61446
1.63055
1.643
1.6528
1.66093
1.66821
1.67527
1.68228
1.6885
1.6922
1.69092
1.68226
1.665
1.63973
1.60888
1.57607
1.54479
1.51774
1.49725
1.48623
1.4878
1.5032
1.52996
1.56245
1.59428
1.62036
1.63793
1.64637
1.64652
1.63996
1.62835
1.61324
1.59607
1.57826
1.56137
1.54703
1.53663
1.53073
1.52915
1.53145
1.53746
1.54744
1.56159
1.5795
1.59974
1.62004
1.6379
1.65126
1.65907
1.66153
1.65988
1.65587
1.6513
1.64771
1.64625
1.64764
1.6522
1.65971
1.66957
1.68109
1.69372
1.70706
1.72069
1.73392
1.74572
1.75487
1.7605
1.76241
1.76121
1.75807
1.75434
1.75118
1.74925
1.74871
1.74917
1.74982
1.74971
1.74813
1.74499
1.74072
1.73597
1.73123
1.72658
1.72176
1.7165
1.71082
1.70514
1.70026
1.69716
1.69691
1.70051
1.70874
1.72172
1.73834
1.75614
1.77179
1.78194
1.78423
1.77772
1.76292
1.74139
1.71524
1.68664
1.65763
1.6302
1.60655
1.5892
1.58086
1.58358
1.59786
1.62201
1.65245
1.68487
1.71541
1.74147
1.76181
1.77621
1.78493
1.78835
1.7867
1.7801
1.76889
1.75403
1.73751
1.72233
1.71226
1.71104
1.7214
1.74384
1.77562
1.81102
1.8431
1.86614
1.877
1.87507
1.86155
1.8384
1.80785
1.77206
1.73334
1.6943
1.6578
1.62667
1.60329
1.58927
1.58489
1.5885
1.59662
1.60501
1.61021
1.61051
1.60627
1.59997
1.59566
1.59733
1.60681
1.62269
1.64133
1.65852
1.67078
1.67584
1.67287
1.66269
1.64749
1.63042
1.6148
1.60345
1.59798
1.5981
1.60138
1.6038
1.60145
1.59226
1.57695
1.55867
1.54159
1.5291
1.52246
1.52081
1.52202
1.52389
1.52488
1.52434
1.52227
1.51877
1.51365
1.50668
1.49831
1.49037
1.48577
1.48777
1.49889
1.51984
1.5491
1.58338
1.61861
1.65122
1.67883
1.70024
1.7149
1.72232
1.72192
1.71345
1.69746
1.67523
1.64844
1.61875
1.58765
1.55626
1.52515
1.49451
1.46516
1.44019
1.42558
1.42828
1.4518
1.49272
1.54168
1.58844
1.62642
1.65379
1.67212
1.68445
1.69358
1.70135
1.70858
1.71557
1.72244
1.72918
1.73561
1.74132
1.74594
1.74944
1.7522
1.75459
1.75656
1.75726
1.75536
1.74952
1.73909
1.72433
1.70638
1.68698
1.66816
1.65163
1.63823
1.62758
1.61846
1.60974
1.60129
1.59396
1.58859
1.58523
1.58334
1.58238
1.58239
1.58416
1.58903
1.59833
1.61264
1.63119
1.65177
1.67128
1.6866
1.69544
1.69672
1.69055
1.67808
1.6612
1.64227
1.62404
1.60948
1.60145
1.60223
1.61306
1.63376
1.66259
1.69657
1.73197
1.7649
1.79199
1.81084
1.8202
1.82005
1.81109
1.79446
1.7719
1.74631
1.72191
1.70283
1.69092
1.6851
1.68294
1.68254
1.68308
1.68442
1.68657
1.68952
1.69327
1.69794
1.70365
1.71055
1.71886
1.72898
1.74135
1.75622
1.77307
1.79039
1.80599
1.81746
1.82277
1.82051
1.81016
1.79265
1.77082
1.74889
1.73056
1.71708
1.70727
1.69892
1.69
1.679
1.66483
1.64667
1.62399
1.59703
1.56763
1.53958
1.51798
1.50749
1.51058
1.52669
1.55266
1.58391
1.61573
1.6443
1.66723
1.68378
1.69482
1.70227
1.70833
1.71436
1.72043
1.72542
1.72782
1.7264
1.7206
1.7106
1.69725
1.68195
1.66651
1.65287
1.64266
1.63692
1.63603
1.6401
1.64921
1.66332
1.68169
1.70242
1.72259
1.73896
1.7488
1.75059
1.74418
1.73056
1.71148
1.68906
1.66569
1.64392
1.62601
1.61312
1.60467
1.59897
1.59424
1.5893
1.58352
1.57631
1.56709
1.55554
1.54214
1.52832
1.51635
1.50878
1.50779
1.51467
1.52958
1.55146
1.5777
1.60446
1.62769
1.64434
1.65347
1.65681
1.65873
1.6647
1.67816
1.69799
1.71945
1.73723
1.7475
1.74832
1.73925
1.72102
1.69527
1.6646
1.63231
1.60204
1.57722
1.56049
1.55319
1.5547
1.5621
1.57076
1.57571
1.57341
1.56273
1.545
1.52326
1.50124
1.48252
1.47
1.46564
1.47024
1.48321
1.50257
1.52529
1.54806
1.56791
1.58255
1.59073
1.59235
1.58861
1.58159
1.57375
1.56725
1.56364
1.56382
1.56797
1.57566
1.58613
1.59856
1.61204
1.62554
1.63817
1.64936
1.659
1.66701
1.67285
1.67543
1.67338
1.66564
1.65171
1.63169
1.60615
1.57661
1.54687
1.5238
1.51507
1.52307
1.54172
1.56097
1.57325
1.5762
1.5722
1.5669
1.5666
1.57447
1.58862
1.60366
1.61426
1.61724
1.61197
1.60013
1.58547
1.57347
1.57011
1.58007
1.60468
1.6409
1.68221
1.72091
1.75058
1.76725
1.76937
1.75718
1.73225
1.69772
1.65909
1.62408
1.59985
1.58925
1.59033
1.5992
1.61222
1.62618
1.63826
1.64613
1.64815
1.64369
1.63302
1.61713
1.59719
1.57447
1.55066
1.52818
1.50966
1.49765
1.49431
1.50075
1.51611
1.53747
1.56095
1.58311
1.60204
1.61734
1.62952
1.63918
1.64639
1.65071
1.65157
1.64871
1.64233
1.63286
1.62073
1.60632
1.59006
1.57253
1.55476
1.53818
1.52459
1.51581
1.51318
1.51717
1.52731
1.54249
1.56143
1.58296
1.60622
1.63033
1.65385
1.67442
1.68905
1.69495
1.69038
1.67531
1.65186
1.6243
1.59793
1.57675
1.56158
1.55028
1.53981
1.52808
1.51455
1.49987
1.48545
1.47314
1.46511
1.46363
1.47047
1.48618
1.5096
1.53816
1.56869
1.59828
1.62468
1.64628
1.66205
1.67147
1.67436
1.67091
1.66153
1.6471
1.62922
1.61036
1.59337
1.58112
1.57603
1.57986
1.59321
1.61467
1.64077
1.66702
1.68936
1.70508
1.71301
1.71341
1.70806
1.70004
1.69312
1.69073
1.69482
1.70502
1.71887
1.73272
1.743
1.74723
1.74489
1.73822
1.73184
1.73025
1.7346
1.74221
1.74932
1.7536
1.75439
1.75207
1.74774
1.74324
1.74038
1.73981
1.74025
1.73901
1.73344
1.72212
1.70547
1.68566
1.66601
1.64994
1.63976
1.63588
1.63692
1.64068
1.64469
1.64675
1.64523
1.63937
1.62931
1.61576
1.59968
1.58237
1.56545
1.55061
1.53913
1.5314
1.52714
1.52561
1.5261
1.52852
1.53355
1.5423
1.55537
1.57196
1.58961
1.60501
1.61551
1.62032
1.62097
1.62038
1.62102
1.62314
1.62458
1.62215
1.61339
1.5976
1.57603
1.55163
1.52821
1.50933
1.49713
1.49218
1.49388
1.5013
1.51367
1.53008
1.54895
1.56774
1.58338
1.59327
1.59651
1.59446
1.59042
1.58835
1.59108
1.59934
1.61183
1.6262
1.64027
1.65273
1.66302
1.67094
1.67637
1.67906
1.6787
1.67527
1.66918
1.66133
1.65267
1.64369
1.63409
1.62298
1.60973
1.59471
1.57969
1.5674
1.56048
1.56059
1.56779
1.58071
1.5969
1.6136
1.62869
1.64171
1.65401
1.66754
1.68309
1.69929
1.71271
1.71942
1.71658
1.70355
1.68211
1.65584
1.629
1.60525
1.58685
1.57447
1.56741
1.56415
1.56304
1.56269
1.5624
1.56221
1.56253
1.56376
1.56598
1.56884
1.57182
1.57449
1.57657
1.57793
1.57828
1.57707
1.5737
1.56779
1.55953
1.54963
1.53936
1.53032
1.52421
1.52274
1.52763
1.54022
1.56029
1.585
1.60948
1.62914
1.64138
1.64616
1.64525
1.64139
1.6374
1.63542
1.63636
1.63959
1.64317
1.64462
1.64191
1.63419
1.62191
1.60645
1.58946
1.57229
1.55601
1.54188
1.53179
1.52833
1.53421
1.55123
1.57927
1.61596
1.65732
1.69876
1.73644
1.768
1.79224
1.80883
1.8178
1.81956
1.81483
1.80461
1.79012
1.77267
1.75372
1.73493
1.7182
1.70556
1.69857
1.6977
1.70209
1.71001
1.71951
1.72905
1.73763
1.74463
1.74963
1.75216
1.75158
1.74725
1.73908
1.72809
1.71669
1.70812
1.70502
1.70799
1.71525
1.72368
1.73048
1.7341
1.73438
1.73207
1.7282
1.72349
1.71807
1.71127
1.70202
1.68933
1.67314
1.65513
1.63879
1.62869
1.62873
1.64012
1.66045
1.68461
1.70691
1.72295
1.73043
1.72915
1.72066
1.70771
1.69352
1.68083
1.6711
1.66432
1.65933
1.65449
1.64843
1.64086
1.6332
1.62848
1.63018
1.64007
1.65676
1.67604
1.69321
1.70518
1.71123
1.7129
1.71329
1.71584
1.72273
1.73334
1.74435
1.7516
1.75231
1.74622
1.73521
1.72193
1.7083
1.6946
1.67963
1.66191
1.64117
1.61912
1.59911
1.58444
1.57583
1.57043
1.56344
1.5512
1.53314
1.51195
1.49212
1.47781
1.47125
1.47258
1.4807
1.49414
1.51148
1.53136
1.55249
1.57363
1.59367
1.61204
1.62921
1.64659
1.66576
1.68716
1.70952
1.73056
1.74808
1.76083
1.76861
1.77211
1.77246
1.77046
1.76531
1.75401
1.7327
1.69986
1.65871
1.61676
1.58155
1.55649
1.54071
1.53218
1.5297
1.53278
1.54077
1.55235
1.56584
1.57987
1.59401
1.60905
1.62614
1.6453
1.66488
1.68274
1.69759
1.70916
1.71774
1.72383
1.72813
1.73139
1.73416
1.7367
1.73903
1.74119
1.74346
1.74622
1.74951
1.75256
1.75375
1.75101
1.74266
1.72794
1.70756
1.68362
1.65905
1.6367
1.61845
1.60502
1.59609
1.59082
1.58828
1.58782
1.58941
1.5937
1.60146
1.61309
1.62797
1.64411
1.65855
1.66816
1.6706
1.66522
1.6534
1.63823
1.62355
1.61254
1.60659
1.60511
1.60626
1.608
1.60886
1.6084
1.60727
1.60687
1.60856
1.6125
1.61722
1.62007
1.6187
1.61222
1.60123
1.58715
1.5712
1.55419
1.53696
1.52087
1.50783
1.49993
1.49897
1.50571
1.51963
1.53907
1.5618
1.58544
1.60805
1.62835
1.64587
1.66073
1.67353
1.68483
1.69482
1.70301
1.70839
1.71016
1.70839
1.70434
1.69988
1.69637
1.69372
1.69055
1.68515
1.6769
1.66695
1.65762
1.65106
1.64808
1.64814
1.65005
1.6525
1.65437
1.65523
1.65581
1.65749
1.66097
1.66522
1.66813
1.6682
1.66557
1.6619
1.65923
1.65864
1.65964
1.66027
1.65775
1.64952
1.63424
1.61255
1.58729
1.56281
1.54309
1.52992
1.5229
1.52124
1.52513
1.53543
1.55232
1.5741
1.59744
1.61859
1.63441
1.64292
1.64325
1.63555
1.62111
1.60259
1.58402
1.57015
1.56503
1.5703
1.58452
1.60397
1.6243
1.64186
1.65435
1.66091
1.66204
1.65931
1.65488
1.65077
1.6479
1.64574
1.64274
1.63723
1.62839
1.6166
1.60311
1.58962
1.57779
1.56897
1.56419
1.56415
1.56925
1.57942
1.59412
1.61233
1.63237
1.65167
1.66703
1.67539
1.67486
1.66543
1.64896
1.62823
1.60582
1.58359
1.56296
1.54554
1.53311
1.52712
1.52804
1.53517
1.54706
1.56219
1.57934
1.59741
1.61525
1.63145
1.64464
1.6537
1.65819
1.65845
1.6553
1.64949
1.64119
1.62994
1.61548
1.59862
1.58125
1.56559
1.55318
1.54457
1.53969
1.53853
1.54122
1.54773
1.55734
1.56858
1.57962
1.58879
1.59493
1.59753
1.59706
1.59511
1.59425
1.59745
1.60687
1.62284
1.64368
1.66675
1.68968
1.71118
1.73072
1.74765
1.76076
1.76828
1.76836
1.75986
1.74306
1.71993
1.69374
1.66803
1.64576
1.62866
1.61728
1.61101
1.60843
1.60764
1.60669
1.60404
1.59872
1.59038
1.57908
1.56506
1.54871
1.53057
1.51147
1.49238
1.47421
1.45779
1.44428
1.43575
1.43538
1.4462
1.46877
1.50005
1.53458
1.56687
1.59314
1.61164
1.62244
1.62702
1.62777
1.627
1.62553
1.6222
1.61485
1.60241
1.58626
1.57017
1.55889
1.55625
1.56391
1.58105
1.60524
1.6335
1.66277
1.68984
1.71127
1.72391
1.72567
1.71587
1.69532
1.66631
1.63227
1.59761
1.56701
1.5447
1.53341
1.53349
1.54278
1.55737
1.57319
1.58739
1.59899
1.60882
1.61859
1.62984
1.64284
1.65635
1.6683
1.67685
1.68095
1.68044
1.67585
1.66814
1.65848
1.64797
1.63696
1.62468
1.6096
1.59119
1.57178
1.55684
1.55265
1.56259
1.58505
1.61456
1.64492
1.67158
1.69241
1.7072
1.71676
1.72216
1.72443
1.7245
1.72325
1.72145
1.71969
1.71813
1.71644
1.71388
1.70974
1.70373
1.69583
1.68541
1.67081
1.65018
1.62343
1.5937
1.56721
1.55117
1.55019
1.56385
1.5875
1.61523
1.64229
1.66586
1.68465
1.6984
1.70755
1.71315
1.71667
1.71968
1.72282
1.72528
1.72512
1.72059
1.71108
1.69716
1.68005
1.66107
1.64163
1.62346
1.60874
1.60008
1.60036
1.61162
1.6335
1.66251
1.69348
1.7215
1.74306
1.756
1.75936
1.75341
1.74007
1.7232
1.70773
1.69769
1.6944
1.69624
1.70018
1.7031
1.70238
1.69593
1.68255
1.66232
1.63718
1.61099
1.58876
1.57479
1.57075
1.57502
1.58373
1.5927
1.59892
1.60107
1.5991
1.59342
1.58423
1.57151
1.55572
1.53864
1.52347
1.51384
1.5124
1.51982
1.53505
1.55605
1.58045
1.60583
1.62966
1.64938
1.66251
1.66715
1.66257
1.64994
1.63278
1.61673
1.60784
1.6102
1.62408
1.6462
1.67132
1.6943
1.71162
1.72173
1.72452
1.72085
1.71237
1.70141
1.69071
1.68244
1.67693
1.67249
1.66654
1.65761
1.64647
1.63521
1.62536
1.61692
1.60945
1.60359
1.60126
1.60451
1.61388
1.62768
1.64242
1.65429
1.66048
1.65966
1.65178
1.63762
1.61879
1.59813
1.57986
1.56902
1.56978
1.58316
1.60588
1.6317
1.6543
1.66956
1.67597
1.67374
1.6641
1.64915
1.63201
1.6164
1.60566
1.60128
1.60229
1.60592
1.60948
1.61183
1.61376
1.61712
1.62357
1.63364
1.6466
1.66099
1.67515
1.6875
1.69673
1.70186
1.70241
1.69844
1.69025
1.67816
1.66217
1.64229
1.61872
1.59161
1.56064
1.52508
1.48465
1.44049
1.39576
1.35544
1.32537
1.31057
1.31339
1.33233
1.36235
1.39663
1.42862
1.45367
1.46971
1.47718
1.47836
1.47641
1.47432
1.4744
1.47822
1.48727
1.50355
1.5293
1.56575
1.61171
1.66339
1.71556
1.76322
1.80241
1.83054
1.84617
1.84894
1.83961
1.82006
1.79295
1.76134
1.72825
1.69653
1.66865
1.64626
1.63
1.61969
1.61476
1.61405
1.61548
1.6162
1.61346
1.60552
1.59211
1.57418
1.55317
1.5305
1.50738
1.48496
1.46447
1.44731
1.43525
1.43079
1.43651
1.45309
1.47783
1.506
1.53373
1.5592
1.58196
1.6018
1.61819
1.63059
1.63893
1.64399
1.64731
1.65079
1.65594
1.66318
1.67167
1.67947
1.68423
1.68391
1.67739
1.66482
1.6474
1.62717
1.6067
1.58888
1.57649
1.57147
1.57427
1.58337
1.59551
1.60676
1.61395
1.61538
1.61082
1.60112
1.58812
1.5746
1.56438
1.5612
1.56673
1.57903
1.59333
1.60452
1.60926
1.60668
1.59791
1.58518
1.57116
1.55836
1.5488
1.54366
1.54318
1.54677
1.55349
1.56272
1.57431
1.58842
1.60505
1.62326
1.64116
1.65614
1.66579
1.66901
1.6668
1.66231
1.65968
1.66222
1.67074
1.68359
1.69784
1.71046
1.7189
1.72128
1.71664
1.70545
1.68997
1.67384
1.66081
1.65305
1.65035
1.65083
1.65237
1.6536
1.65397
1.65343
1.65249
1.65227
1.6543
1.65973
1.66824
1.67762
1.68446
1.68523
1.67744
1.66029
1.63477
1.6037
1.57152
1.54414
1.52781
1.52727
1.54393
1.57531
1.61592
1.65888
1.69788
1.72839
1.74816
1.7569
1.75575
1.74682
1.73282
1.71676
1.70152
1.68917
1.68047
1.67494
1.67113
1.66736
1.66199
1.6535
1.64052
1.62212
1.59839
1.57122
1.54441
1.5223
1.50752
1.49985
1.49729
1.49795
1.50132
1.50841
1.52061
1.53785
1.5573
1.57405
1.58366
1.58434
1.57782
1.56884
1.56367
1.56807
1.58494
1.61296
1.64699
1.68033
1.70721
1.72447
1.73183
1.7312
1.72541
1.71714
1.70841
1.7006
1.69464
1.69091
1.68899
1.68765
1.68546
1.68153
1.67594
1.66959
1.66394
1.66063
1.66093
1.66511
1.67214
1.67991
1.68596
1.68829
1.68629
1.68127
1.67639
1.67533
1.68036
1.69098
1.70436
1.71696
1.72591
1.72947
1.72679
1.7173
1.70047
1.67627
1.64593
1.61247
1.5802
1.55362
1.536
1.52862
1.53077
1.5402
1.55394
1.56884
1.58231
1.59289
1.60037
1.60529
1.60811
1.60869
1.60658
1.6017
1.5947
1.58682
1.57946
1.57386
1.571
1.57182
1.57717
1.58731
1.60127
1.61664
1.63016
1.63893
1.64151
1.63836
1.63159
1.62412
1.61843
1.61589
1.61669
1.62028
1.62581
1.63235
1.63902
1.64516
1.6504
1.65461
1.65763
1.659
1.65766
1.65208
1.64071
1.62274
1.59892
1.57195
1.54632
1.52706
1.51789
1.51957
1.52967
1.544
1.55857
1.5709
1.58022
1.58681
1.59128
1.5941
1.59554
1.596
1.59614
1.59667
1.59774
1.59844
1.59685
1.59067
1.57804
1.55828
1.53228
1.50225
1.47134
1.44312
1.4213
1.40922
1.40908
1.42094
1.44216
1.46772
1.49178
1.50976
1.51953
1.52148
1.51782
1.51148
1.50516
1.50054
1.49838
1.49938
1.50456
1.51455
1.5289
1.54632
1.56542
1.58505
1.60412
1.62145
1.63575
1.64604
1.65213
1.65481
1.65553
1.65579
1.65688
1.65961
1.6639
1.66865
1.67202
1.67212
1.66753
1.65752
1.64215
1.62253
1.6009
1.58044
1.56429
1.55446
1.55086
1.55142
1.55315
1.55339
1.5506
1.5446
1.53646
1.52841
1.5236
1.52528
1.53552
1.55379
1.57676
1.5995
1.61739
1.62763
1.62977
1.62538
1.61721
1.60825
1.60084
1.59616
1.59459
1.59657
1.60319
1.61621
1.63684
1.66443
1.69617
1.72813
1.75673
1.77969
1.79603
1.80559
1.80841
1.80431
1.79301
1.77436
1.7487
1.7171
1.68138
1.64448
1.61112
1.5872
1.57644
1.57708
1.58312
1.58866
1.59026
1.58687
1.57906
1.56826
1.55605
1.54373
1.53251
1.52394
1.52033
1.52445
1.53858
1.56318
1.596
1.63214
1.66555
1.6911
1.70608
1.7108
1.70775
1.7002
1.69076
1.68045
1.66898
1.65569
1.64042
1.62392
1.60722
1.59074
1.574
1.55656
1.5392
1.52465
1.51743
1.52204
1.53961
1.56593
1.59386
1.61779
1.63559
1.64795
1.65698
1.66499
1.67348
1.68273
1.69214
1.70109
1.70943
1.71768
1.72664
1.73708
1.74945
1.76352
1.77815
1.79149
1.80151
1.80677
1.80665
1.80148
1.79212
1.77959
1.76483
1.74867
1.73186
1.71512
1.69912
1.6845
1.67176
1.66121
1.65279
1.6463
1.64149
1.63796
1.63489
1.63113
1.62538
1.61673
1.60511
1.59131
1.57678
1.56338
1.55303
1.5476
1.54864
1.55681
1.57149
1.59069
1.61162
1.63131
1.64736
1.65839
1.66398
1.66436
1.65989
1.65083
1.63748
1.62069
1.60234
1.58534
1.57302
1.56804
1.57156
1.58312
1.60118
1.62381
1.64921
1.67567
1.70149
1.72483
1.74372
1.75636
1.76127
1.7574
1.74459
1.72405
1.69865
1.67227
1.64816
1.6273
1.60882
1.59155
1.57519
1.56033
1.54764
1.53726
1.52881
1.52195
1.51692
1.51455
1.51567
1.52044
1.52815
1.5375
1.5471
1.55571
1.56239
1.56637
1.56716
1.56464
1.55921
1.55176
1.54335
1.53504
1.52764
1.52173
1.51771
1.51601
1.51704
1.52119
1.52856
1.53876
1.5507
1.56271
1.57299
1.58014
1.5838
1.58482
1.58491
1.58577
1.58816
1.59156
1.59452
1.59576
1.59501
1.59316
1.59145
1.5905
1.58974
1.58779
1.58308
1.57476
1.56383
1.55398
1.5507
1.55747
1.57221
1.58827
1.59926
1.60262
1.59979
1.59454
1.59079
1.59082
1.59456
1.60005
1.60461
1.60602
1.6032
1.59604
1.5849
1.57003
1.55146
1.52913
1.50356
1.47638
1.45067
1.43062
1.42048
1.42309
1.43891
1.46601
1.5009
1.53945
1.57777
1.61279
1.64259
1.66643
1.68456
1.6978
1.70729
1.71422
1.71978
1.72488
1.73
1.73511
1.73964
1.74277
1.7437
1.74183
1.73696
1.7293
1.71948
1.7085
1.69752
1.68765
1.6795
1.67299
1.66707
1.65999
1.65008
1.63672
1.62102
1.60565
1.59381
1.58796
1.58899
1.5959
1.60609
1.61592
1.62147
1.61934
1.60731
1.58491
1.55402
1.51906
1.4862
1.46166
1.44949
1.45016
1.46084
1.47704
1.49467
1.51123
1.52584
1.53843
1.54878
1.55599
1.55876
1.55627
1.5496
1.54287
1.54238
1.55275
1.57321
1.59858
1.62373
1.64581
1.66356
1.67583
1.68125
1.6789
1.66904
1.65325
1.63404
1.61441
1.5977
1.58742
1.58641
1.59557
1.61283
1.63374
1.65339
1.66833
1.67704
1.67939
1.67609
1.66831
1.65763
1.64587
1.63493
1.62635
1.62104
1.61903
1.6193
1.62024
1.62016
1.61805
1.61369
1.60754
1.60062
1.59442
1.59029
1.58857
1.58827
1.58788
1.58672
1.58565
1.58682
1.5929
1.60574
1.62522
1.6489
1.67286
1.69317
1.70678
1.71196
1.7082
1.6961
1.67712
1.65325
1.62692
1.60092
1.57825
1.56171
1.55328
1.55351
1.56114
1.5735
1.58736
1.59989
1.60925
1.61489
1.61746
1.61857
1.62039
1.62484
1.63271
1.64319
1.65422
1.66334
1.66867
1.66944
1.66594
1.65919
1.65025
1.63976
1.62791
1.61501
1.60202
1.591
1.58473
1.58577
1.59529
1.61238
1.63426
1.65736
1.67839
1.69511
1.70647
1.71245
1.71387
1.71212
1.70868
1.70481
1.70115
1.69739
1.69254
1.68551
1.67591
1.66466
1.65405
1.64695
1.64561
1.65067
1.66111
1.67489
1.68968
1.70323
1.71349
1.71868
1.71742
1.70917
1.69456
1.676
1.65745
1.64275
1.63345
1.62803
1.62383
1.61957
1.61616
1.61506
1.61605
1.6168
1.61464
1.60826
1.5979
1.58427
1.56794
1.54983
1.53226
1.51919
1.515
1.52264
1.54256
1.57295
1.6109
1.6529
1.69528
1.73438
1.76696
1.79073
1.80481
1.80997
1.80832
1.80264
1.79526
1.78738
1.77901
1.76928
1.75708
1.74131
1.7211
1.6961
1.66709
1.63644
1.60796
1.58583
1.57314
1.57079
1.57743
1.59025
1.60599
1.62168
1.63511
1.64502
1.65099
1.6532
1.65209
1.64839
1.64324
1.63835
1.63579
1.63739
1.64381
1.654
1.66542
1.675
1.68028
1.68004
1.67441
1.66458
1.65244
1.6404
1.63135
1.62801
1.63177
1.64168
1.65463
1.66682
1.67513
1.67774
1.67403
1.66457
1.65118
1.63694
1.62549
1.6199
1.62131
1.62869
1.63965
1.65141
1.66142
1.66777
1.66952
1.66679
1.66051
1.65205
1.64274
1.63368
1.62584
1.62083
1.6212
1.62896
1.64288
1.65803
1.6686
1.67096
1.66452
1.65087
1.63259
1.61251
1.59314
1.57635
1.56316
1.55363
1.54727
1.54352
1.54222
1.54367
1.54821
1.55569
1.56521
1.57559
1.58578
1.59523
1.60386
1.61203
1.62036
1.62961
1.64051
1.6535
1.66858
1.68531
1.70277
1.71963
1.73421
1.74451
1.74853
1.74455
1.73158
1.7097
1.68036
1.64666
1.61331
1.5859
1.56933
1.56604
1.57486
1.59147
1.60978
1.62367
1.62833
1.62133
1.60349
1.57926
1.55596
1.54114
1.53882
1.54791
1.56386
1.58176
1.59825
1.61178
1.6221
1.62978
1.63576
1.64116
1.64702
1.65411
1.66269
1.67232
1.68198
1.69062
1.69767
1.70321
1.70747
1.71017
1.71056
1.70791
1.7022
1.69414
1.68488
1.67515
1.665
1.6541
1.6425
1.63112
1.62133
1.61399
1.60911
1.60645
1.60647
1.61058
1.62054
1.63697
1.6581
1.67992
1.69784
1.70845
1.71015
1.70272
1.68681
1.6638
1.63585
1.60579
1.57675
1.55175
1.53313
1.5218
1.51666
1.51506
1.5139
1.51125
1.50739
1.50485
1.50705
1.51606
1.5308
1.54736
1.56108
1.56865
1.56892
1.56249
1.55112
1.53718
1.52341
1.51249
1.50681
1.50825
1.51805
1.53665
1.56337
1.59621
1.63206
1.66743
1.69928
1.72552
1.7449
1.75679
1.76093
1.7574
1.74655
1.72901
1.70566
1.67782
1.64757
1.61787
1.59213
1.57306
1.56166
1.55703
1.55709
1.55959
1.5631
1.56735
1.57272
1.57965
1.5881
1.59757
1.60731
1.6166
1.62497
1.6322
1.63826
1.64316
1.64684
1.6491
1.64984
1.64927
1.64802
1.64694
1.64697
1.64895
1.6533
1.65962
1.66635
1.6712
1.6722
1.66873
1.66185
1.65349
1.64507
1.6368
1.62848
1.62095
1.61663
1.61873
1.62966
1.64965
1.67643
1.70593
1.73358
1.75564
1.77003
1.77656
1.77646
1.7716
1.76349
1.75286
1.7397
1.72375
1.70499
1.68415
1.66336
1.6469
1.64062
1.64867
1.66931
1.69471
1.7156
1.72576
1.7236
1.7112
1.69269
1.67297
1.65766
1.65333
1.66453
1.68856
1.71569
1.73613
1.74531
1.74384
1.7352
1.72366
1.71278
1.70459
1.69933
1.69585
1.69257
1.68813
1.68172
1.67299
1.66199
1.64904
1.63452
1.61882
1.60248
1.58634
1.57162
1.55966
1.55162
1.54827
1.54964
1.55482
1.56172
1.56755
1.57001
1.56825
1.5632
1.55698
1.55179
1.54915
1.54966
1.55338
1.55993
1.56844
1.57744
1.58509
1.58986
1.59119
1.58995
1.58834
1.58917
1.59471
1.6055
1.61991
1.63467
1.64614
1.65155
1.64969
1.64103
1.62713
1.61004
1.59187
1.57481
1.56148
1.55477
1.55701
1.56882
1.58856
1.61292
1.638
1.66027
1.67697
1.68631
1.68766
1.68181
1.67084
1.65758
1.64455
1.63285
1.62168
1.60903
1.59302
1.57351
1.55272
1.53451
1.52281
1.51986
1.52553
1.538
1.55511
1.57499
1.59578
1.61523
1.63104
1.64162
1.64651
1.64637
1.6429
1.6384
1.63538
1.63603
1.64168
1.65263
1.66842
1.68821
1.71094
1.7352
1.75901
1.77995
1.7955
1.80349
1.80214
1.79014
1.76674
1.73206
1.6875
1.63607
1.58275
1.53417
1.49743
1.47797
1.47782
1.49524
1.52555
1.56234
1.5985
1.62757
1.64526
1.64996
1.64236
1.62481
1.60085
1.57505
1.55233
1.53691
1.53152
1.53711
1.55262
1.57491
1.59967
1.62317
1.64342
1.65993
1.67259
1.68069
1.68263
1.67616
1.65915
1.63082
1.59303
1.55141
1.5148
1.49172
1.48572
1.49431
1.51195
1.53313
1.5537
1.5709
1.5834
1.59114
1.59486
1.59558
1.59422
1.59157
1.58873
1.5876
1.59091
1.60116
1.61877
1.64089
1.66263
1.67965
1.68985
1.69341
1.69151
1.68574
1.67788
1.67017
1.66489
1.66361
1.66677
1.67372
1.68318
1.69377
1.70401
1.71213
1.71633
1.71511
1.70764
1.69391
1.67463
1.65112
1.62511
1.59866
1.57381
1.5522
1.53464
1.52113
1.5112
1.50445
1.50063
1.49961
1.50097
1.50394
1.50755
1.51168
1.5181
1.53011
1.54986
1.57537
1.60115
1.62147
1.63322
1.63679
1.63571
1.63527
1.64038
1.65328
1.67241
1.69333
1.7107
1.72048
1.72126
1.71433
1.70301
1.69137
1.68312
1.68068
1.68464
1.6939
1.70619
1.71885
1.72943
1.73601
1.73721
1.73223
1.72087
1.70386
1.68316
1.66193
1.64381
1.63182
1.62743
1.63023
1.63808
1.64771
1.6554
1.65767
1.65179
1.63639
1.61192
1.58117
1.54911
1.52175
1.50387
1.49723
1.50052
1.51058
1.52374
1.53684
1.54808
1.55816
1.57097
1.59197
1.62416
1.66479
1.707
1.74408
1.7721
1.78997
1.79837
1.79896
1.79406
1.78657
1.77962
1.77595
1.77689
1.78167
1.78786
1.79281
1.79494
1.79431
1.79223
1.79027
1.78945
1.78968
1.78976
1.78807
1.78308
1.7738
1.75973
1.74083
1.71752
1.69083
1.66268
1.63574
1.61304
1.59704
1.5891
1.58917
1.59604
1.6074
1.62005
1.63068
1.63716
1.63948
1.63925
1.63875
1.64003
1.64455
1.65337
1.6672
1.68638
1.71051
1.73826
1.76745
1.79558
1.82045
1.84046
1.85494
1.86403
1.86838
1.86865
1.86489
1.85648
1.84237
1.8218
1.79505
1.76376
1.73087
1.69983
1.67353
1.65352
1.63977
1.63111
1.6259
1.62261
1.61981
1.61598
1.60949
1.59894
1.5839
1.56545
1.5464
1.53059
1.52211
1.52388
1.53661
1.55849
1.58584
1.61453
1.64101
1.6628
1.67838
1.68712
1.68936
1.68663
1.68153
1.67686
1.67427
1.67323
1.67122
1.66501
1.65249
1.63414
1.61315
1.59415
1.58119
1.57634
1.57935
1.58816
1.59984
1.61153
1.62116
1.6279
1.63236
1.6365
1.64263
1.6518
1.66246
1.67095
1.67358
1.66824
1.65502
1.63566
1.61278
1.58916
1.56725
1.54892
1.53521
1.52615
1.5209
1.51807
1.51634
1.51498
1.51374
1.51247
1.51114
1.51046
1.51245
1.52013
1.53529
1.55573
1.57568
1.58937
1.594
1.58988
1.57907
1.56396
1.5468
1.52935
1.51272
1.49725
1.48331
1.47209
1.46565
1.46601
1.47443
1.49142
1.51695
1.55059
1.5907
1.63385
1.67524
1.71008
1.73503
1.74863
1.7511
1.74392
1.72942
1.71029
1.68901
1.66744
1.6465
1.62612
1.60541
1.58325
1.55934
1.53519
1.5144
1.5016
1.5002
1.51038
1.52919
1.55252
1.57728
1.6022
1.6273
1.65299
1.67934
1.70584
1.73123
1.75369
1.77113
1.78169
1.78426
1.77871
1.76584
1.74696
1.7239
1.69912
1.6757
1.65665
1.64405
1.6385
1.63954
1.64661
1.65963
1.67846
1.7015
1.72511
1.74461
1.75598
1.75698
1.74748
1.72918
1.70501
1.67857
1.6535
1.63293
1.61919
1.61347
1.61562
1.6241
1.63633
1.64952
1.66137
1.67059
1.67703
1.68148
1.68519
1.68947
1.69483
1.70066
1.70514
1.70586
1.70071
1.68869
1.67058
1.64897
1.62732
1.60796
1.59083
1.57401
1.55572
1.53605
1.51731
1.50297
1.49583
1.49674
1.50455
1.51697
1.53153
1.54614
1.55937
1.57058
1.57969
1.58681
1.59197
1.59531
1.59739
1.59926
1.60169
1.6041
1.6046
1.60115
1.59299
1.58105
1.56739
1.55396
1.5416
1.52978
1.51716
1.5026
1.48611
1.46931
1.45512
1.44676
1.4465
1.45479
1.47018
1.49004
1.51147
1.53194
1.54949
1.56279
1.57119
1.57499
1.57552
1.57505
1.5763
1.58157
1.59195
1.60679
1.62404
1.64105
1.65557
1.66607
1.67157
1.67134
1.66499
1.65281
1.63554
1.614
1.58854
1.55959
1.52934
1.50284
1.4863
1.48315
1.49205
1.50877
1.52907
1.55021
1.57087
1.59054
1.60873
1.62447
1.63618
1.64182
1.63951
1.62808
1.60776
1.58069
1.55084
1.5231
1.50136
1.48736
1.481
1.48164
1.48888
1.50226
1.5206
1.54149
1.56159
1.57773
1.5881
1.59282
1.59358
1.59302
1.59388
1.59857
1.60891
1.6258
1.64879
1.67607
1.705
1.7328
1.7569
1.77492
1.78473
1.78509
1.77627
1.76007
1.73888
1.71412
1.68587
1.65392
1.61955
1.58616
1.55846
1.54015
1.53174
1.53054
1.53293
1.53721
1.54418
1.55575
1.57287
1.59451
1.61789
1.63966
1.65685
1.66744
1.67085
1.66792
1.66085
1.65246
1.64518
1.64008
1.63665
1.63341
1.62885
1.62204
1.61257
1.60036
1.5856
1.56909
1.5525
1.53823
1.52867
1.52504
1.52671
1.53136
1.53595
1.53768
1.53487
1.52753
1.51754
1.50824
1.50337
1.50573
1.51635
1.53403
1.55565
1.57691
1.59383
1.60414
1.60766
1.60578
1.6005
1.5937
1.58698
1.58175
1.57917
1.58008
1.58488
1.59334
1.60457
1.61702
1.62875
1.63779
1.64279
1.64366
1.64199
1.64066
1.64271
1.64983
1.66141
1.67497
1.68723
1.69519
1.69676
1.69123
1.67974
1.66538
1.65272
1.64646
1.64962
1.66237
1.68228
1.70586
1.72966
1.75049
1.76533
1.77154
1.76725
1.75154
1.72472
1.68886
1.64805
1.60795
1.57493
1.5545
1.5497
1.55998
1.58165
1.60954
1.63863
1.66491
1.68558
1.69904
1.70481
1.70345
1.69622
1.68495
1.6715
1.65765
1.64544
1.63769
1.63718
1.64389
1.65363
1.66081
1.66235
1.65876
1.65279
1.64761
1.64589
1.6491
1.65726
1.66898
1.68214
1.69471
1.70523
1.71258
1.71576
1.71407
1.70735
1.69595
1.68036
1.66086
1.63737
1.60988
1.57903
1.54683
1.51695
1.4941
1.48261
1.48497
1.50124
1.52914
1.56485
1.60418
1.64328
1.67898
1.70915
1.73289
1.75039
1.76237
1.76943
1.77153
1.76811
1.75842
1.74184
1.71833
1.68888
1.65582
1.62272
1.59381
1.57255
1.5603
1.55539
1.55348
1.54916
1.53811
1.51878
1.49369
1.46993
1.45665
1.45922
1.47522
1.49742
1.51946
1.53878
1.55619
1.5743
1.59557
1.6205
1.64715
1.67211
1.69209
1.70502
1.71037
1.70864
1.7007
1.68751
1.67007
1.64961
1.62789
1.60729
1.59047
1.57968
1.57598
1.5788
1.58633
1.59649
1.60766
1.61911
1.63065
1.64227
1.65379
1.66489
1.67534
1.68507
1.69407
1.70202
1.70823
1.71171
1.71146
1.70682
1.6978
1.68527
1.67102
1.65728
1.64586
1.63763
1.63237
1.62934
1.62772
1.6268
1.62592
1.62428
1.62104
1.61561
1.60812
1.59977
1.59297
1.59109
1.59723
1.6126
1.63511
1.65972
1.68041
1.69253
1.69421
1.68662
1.6733
1.65873
1.64667
1.63897
1.63558
1.63554
1.63816
1.64352
1.65222
1.66474
1.68107
1.70077
1.72319
1.74749
1.77246
1.7964
1.81745
1.83414
1.84574
1.85245
1.85517
1.8551
1.8531
1.84923
1.84265
1.83208
1.81654
1.79609
1.77256
1.74939
1.73062
1.71948
1.71721
1.72287
1.73377
1.74637
1.75714
1.76326
1.76315
1.75661
1.74446
1.7281
1.7091
1.68897
1.66922
1.65126
1.63625
1.62458
1.61541
1.60682
1.59687
1.58457
1.57047
1.55638
1.54476
1.53782
1.53679
1.54153
1.55069
1.56228
1.57435
1.58536
1.5944
1.60093
1.6048
1.60648
1.60727
1.60938
1.6153
1.62648
1.64201
1.65873
1.67255
1.6802
1.68029
1.67374
1.66335
1.65289
1.64587
1.64444
1.64891
1.65801
1.66981
1.68257
1.69521
1.70709
1.71742
1.72496
1.72818
1.72602
1.71837
1.70632
1.69163
1.67617
1.66149
1.64881
1.6391
1.63304
1.63098
1.6324
1.63563
1.6379
1.63616
1.62825
1.61378
1.59453
1.57379
1.5551
1.54121
1.53376
1.53327
1.53891
1.54841
1.55864
1.5667
1.57064
1.56965
1.56364
1.55298
1.53845
1.52159
1.50546
1.49522
1.49738
1.51612
1.54936
1.58914
1.62599
1.65276
1.66649
1.67056
1.67636
1.69797
1.73855
1.78623
1.82616
1.85067
1.8592
1.85481
1.84153
1.8232
1.80291
1.78291
1.76462
1.74858
1.73431
1.72047
1.70561
1.6889
1.67034
1.65025
1.62852
1.60423
1.57628
1.54479
1.51263
1.4856
1.46978
1.46757
1.47596
1.48918
1.50217
1.51212
1.5181
1.52029
1.51949
1.51693
1.51412
1.51256
1.5136
1.51844
1.52825
1.54416
1.56688
1.59607
1.62999
1.66565
1.69949
1.72832
1.74995
1.7634
1.76868
1.76667
1.75877
1.74679
1.73289
1.71967
1.71028
1.70801
1.71508
1.73152
1.75475
1.7804
1.80393
1.82181
1.83204
1.83382
1.82721
1.81264
1.79077
1.76262
1.72965
1.6937
1.6569
1.62148
1.59008
1.56568
1.55094
1.54721
1.55383
1.5679
1.5849
1.5997
1.60844
1.60979
1.6053
1.59824
1.59184
1.5879
1.58638
1.58639
1.58722
1.58855
1.59036
1.59255
1.59481
1.59644
1.59636
1.59332
1.58639
1.57581
1.56337
1.55179
1.54381
1.54127
1.54514
1.55564
1.57236
1.59422
1.61961
1.64663
1.67326
1.69746
1.71731
1.73103
1.73706
1.73428
1.72247
1.70272
1.67776
1.65196
1.63036
1.61682
1.61235
1.61533
1.62339
1.63499
1.6496
1.66682
1.68561
1.70431
1.72133
1.73564
1.74709
1.75599
1.7628
1.76769
1.77034
1.77018
1.76678
1.76024
1.75126
1.74088
1.73009
1.71946
1.70926
1.69968
1.69115
1.68425
1.67919
1.67559
1.67287
1.67083
1.6699
1.67085
1.6745
1.68132
1.6912
1.70321
1.71579
1.72754
1.73776
1.74626
1.75252
1.75495
1.75118
1.73944
1.71939
1.69215
1.65924
1.62218
1.5829
1.54434
1.51041
1.4851
1.47132
1.46983
1.47893
1.49499
1.51379
1.5319
1.54738
1.5597
1.56897
1.57508
1.5774
1.5749
1.56698
1.55405
1.5381
1.52232
1.51018
1.50422
1.50544
1.51359
1.52778
1.54674
1.56883
1.59204
1.61429
1.63378
1.64924
1.65983
1.6648
1.66327
1.65405
1.63634
1.61069
1.57991
1.54909
1.52406
1.50883
1.50372
1.50605
1.51254
1.52151
1.53274
1.54612
1.56037
1.57292
1.58102
1.58319
1.58042
1.57588
1.57256
1.57087
1.56885
1.56485
1.55966
1.55634
1.55816
1.56631
1.57912
1.5935
1.60739
1.62104
1.63644
1.65555
1.67865
1.70393
1.72833
1.7489
1.76349
1.77068
1.7696
1.7598
1.74174
1.7171
1.68893
1.66112
1.63764
1.62151
1.61414
1.6151
1.62218
1.63173
1.63929
1.64079
1.63394
1.61899
1.59856
1.57644
1.55593
1.53897
1.52636
1.51835
1.51476
1.51496
1.51791
1.52226
1.52664
1.52985
1.5312
1.53076
1.52954
1.52947
1.53273
1.54086
1.55397
1.57078
1.58932
1.60789
1.62536
1.64073
1.6529
1.66095
1.66477
1.66522
1.66381
1.66233
1.66232
1.66488
1.67053
1.67917
1.69027
1.70309
1.71683
1.73056
1.74308
1.75288
1.7581
1.75686
1.74756
1.72953
1.70337
1.67131
1.63675
1.60346
1.57457
1.55209
1.53687
1.5289
1.52781
1.53336
1.54535
1.5631
1.58507
1.60898
1.63236
1.65304
1.66941
1.68054
1.68624
1.68715
1.6846
1.68042
1.67653
1.67467
1.6761
1.68168
1.69172
1.70595
1.7236
1.74338
1.76368
1.78283
1.79938
1.81223
1.82087
1.82535
1.8264
1.82527
1.82337
1.82183
1.82111
1.82093
1.82054
1.81897
1.81526
1.8087
1.79895
1.78611
1.77069
1.75384
1.73724
1.72286
1.71226
1.70582
1.70278
1.7019
1.70229
1.70356
1.7052
1.70603
1.70436
1.69876
1.68887
1.67556
1.66059
1.64592
1.63299
1.62228
1.61365
1.60658
1.6003
1.59356
1.58514
1.5752
1.56633
1.56325
1.57052
1.58958
1.61715
1.64665
1.67145
1.68752
1.69422
1.69334
1.68762
1.67953
1.67094
1.66337
1.65845
1.658
1.66362
1.67595
1.69436
1.71684
1.74047
1.76183
1.77771
1.7856
1.78418
1.77345
1.75437
1.7283
1.69677
1.66185
1.62678
1.59599
1.574
1.56369
1.5651
1.57573
1.59194
1.61033
1.62859
1.64561
1.66112
1.67527
1.68842
1.70091
1.71278
1.72369
1.73309
1.74055
1.74608
1.75013
1.75331
1.75596
1.75795
1.75868
1.7574
1.7535
1.74676
1.73741
1.72602
1.71325
1.69947
1.68462
1.66824
1.6498
1.62934
1.60785
1.58754
1.57173
1.56414
1.56728
1.58101
1.60213
1.62588
1.64813
1.6669
1.682
1.69385
1.70249
1.70742
1.70814
1.70465
1.69749
1.68732
1.67456
1.65912
1.6405
1.61838
1.59328
1.56708
1.5431
1.52548
1.5181
1.52358
1.54259
1.57341
1.61207
1.65337
1.69224
1.72504
1.75
1.76679
1.77588
1.77785
1.77323
1.76281
1.74786
1.72996
1.7108
1.69221
1.67618
1.66451
1.65838
1.65795
1.66211
1.66852
1.67407
1.67576
1.67145
1.66043
1.64351
1.62273
1.60084
1.58057
1.56394
1.55179
1.54412
1.54064
1.54137
1.54661
1.55649
1.57063
1.58804
1.60725
1.6267
1.64545
1.66366
1.68235
1.70257
1.72407
1.74444
1.75923
1.76418
1.75739
1.74004
1.71566
1.68861
1.66249
1.63887
1.61679
1.59341
1.56579
1.53285
1.49691
1.46401
1.44255
1.44011
1.45994
1.49911
1.54986
1.60289
1.6505
1.68844
1.71581
1.73372
1.74355
1.74604
1.7413
1.72975
1.71272
1.69246
1.6713
1.65101
1.63247
1.61578
1.60033
1.58541
1.57081
1.55737
1.54668
1.54059
1.54057
1.54735
1.56048
1.57823
1.59832
1.61892
1.63904
1.6581
1.67563
1.69117
1.70447
1.71515
1.72267
1.72651
1.72651
1.72305
1.7167
1.70782
1.69649
1.68275
1.66698
1.64994
1.63282
1.61708
1.60446
1.59678
1.5953
1.59976
1.60796
1.61657
1.62252
1.62377
1.6197
1.61128
1.60099
1.59215
1.58761
1.58869
1.59518
1.60607
1.62026
1.63682
1.65495
1.67359
1.69116
1.70587
1.71623
1.72157
1.72202
1.71819
1.71075
1.70011
1.68635
1.66945
1.64967
1.62817
1.60726
1.58987
1.57815
1.57195
1.56866
1.56482
1.55853
1.55072
1.54449
1.54294
1.54746
1.55731
1.56995
1.58197
1.5905
1.5942
1.59314
1.58834
1.58122
1.57325
1.56591
1.56064
1.55865
1.56067
1.56651
1.575
1.58419
1.59217
1.59783
1.60129
1.60384
1.60717
1.61266
1.62077
1.63108
1.64249
1.65359
1.66274
1.66829
1.6688
1.6631
1.65035
1.63011
1.60241
1.56846
1.53164
1.49782
1.47395
1.46491
1.47139
1.49064
1.51868
1.55191
1.58747
1.62303
1.65648
1.68565
1.70836
1.72303
1.72939
1.72889
1.72416
1.7175
1.70963
1.69975
1.68701
1.67178
1.65582
1.6416
1.63147
1.62701
1.62864
1.63557
1.646
1.65777
1.66909
1.67905
1.68778
1.69603
1.70428
1.71205
1.71796
1.72046
1.71873
1.71284
1.70345
1.69121
1.67646
1.65955
1.64111
1.62201
1.60301
1.5848
1.56839
1.55577
1.54969
1.55262
1.56522
1.58556
1.60956
1.63252
1.65053
1.66103
1.66294
1.65648
1.64323
1.62637
1.61036
1.60003
1.59891
1.60788
1.62501
1.64664
1.66905
1.68965
1.70712
1.72087
1.73038
1.73478
1.73286
1.72335
1.70532
1.6787
1.64477
1.60645
1.5686
1.53796
1.52091
1.51903
1.52681
1.5358
1.54037
1.5399
1.53755
1.5382
1.54643
1.56494
1.59333
1.6279
1.66301
1.69313
1.71436
1.72493
1.72518
1.71708
1.70382
1.68909
1.67609
1.66657
1.6603
1.6556
1.65008
1.64159
1.62903
1.61302
1.5959
1.581
1.57123
1.5681
1.57119
1.57867
1.58818
1.59741
1.60462
1.60902
1.61132
1.61406
1.62083
1.63428
1.65448
1.67888
1.70388
1.72622
1.74375
1.75572
1.76278
1.76654
1.76887
1.77099
1.77341
1.77624
1.77919
1.7811
1.77953
1.77132
1.75383
1.72605
1.68922
1.64716
1.60584
1.57208
1.55169
1.54773
1.55998
1.58524
1.61826
1.65297
1.68375
1.7064
1.71856
1.71958
1.71037
1.69311
1.67099
1.64771
1.62699
1.6117
1.60346
1.60222
1.60669
1.61512
1.626
1.63782
1.64855
1.65558
1.65691
1.6524
1.6438
1.63345
1.62307
1.61347
1.6052
1.59886
1.59488
1.59317
1.59282
1.59242
1.59058
1.58659
1.58102
1.5759
1.57442
1.57964
1.59302
1.61349
1.63768
1.66102
1.67901
1.68839
1.68774
1.67777
1.66116
1.6421
1.62557
1.61609
1.61634
1.626
1.64205
1.66045
1.67786
1.69248
1.70404
1.71331
1.72143
1.72931
1.737
1.74357
1.74709
1.74492
1.73418
1.71296
1.68164
1.64372
1.60531
1.57271
1.5495
1.53534
1.52764
1.52416
1.52469
1.53029
1.54148
1.55713
1.57476
1.59152
1.60487
1.61304
1.61595
1.61632
1.61935
1.6301
1.65012
1.67646
1.70389
1.72787
1.74588
1.75685
1.76022
1.75537
1.74178
1.7196
1.69055
1.658
1.62622
1.5995
1.58178
1.57637
1.58476
1.60528
1.63312
1.66238
1.68813
1.70724
1.71805
1.71994
1.71323
1.69946
1.68137
1.66247
1.64618
1.63495
1.63009
1.63214
1.64124
1.65704
1.6783
1.70283
1.72794
1.75101
1.7698
1.78257
1.78811
1.78581
1.77582
1.75919
1.73806
1.71551
1.69507
1.67981
1.67148
1.67007
1.67394
1.68016
1.68507
1.68501
1.67717
1.66017
1.6343
1.60143
1.56473
1.52826
1.49615
1.47177
1.45707
1.45227
1.45624
1.4671
1.48276
1.50104
1.51963
1.53606
1.5481
1.55449
1.55588
1.55523
1.55697
1.56474
1.57919
1.59755
1.61524
1.62794
1.63258
1.62746
1.61224
1.58794
1.55726
1.52468
1.49612
1.47774
1.47397
1.48546
1.50861
1.53708
1.56427
1.58493
1.59568
1.59494
1.58292
1.56162
1.53476
1.50724
1.48397
1.46841
1.46178
1.46386
1.47453
1.49428
1.52274
1.55657
1.58933
1.61417
1.62653
1.62522
1.61211
1.59103
1.56681
1.54433
1.52791
1.52085
1.52487
1.5395
1.5619
1.58757
1.6115
1.6295
1.63881
1.63819
1.62752
1.60765
1.5805
1.54935
1.5186
1.49317
1.47714
1.47275
1.48003
1.49748
1.52301
1.55478
1.59117
1.6305
1.67077
1.70978
1.74511
1.7742
1.79462
1.80457
1.80356
1.79272
1.77475
1.75332
1.73197
1.7127
1.69498
1.67594
1.65182
1.62022
1.58188
1.54105
1.50393
1.47606
1.46038
1.45721
1.46508
1.48155
1.50343
1.52696
1.54805
1.56284
1.56824
1.56271
1.54687
1.52367
1.4977
1.47387
1.45638
1.44834
1.45118
1.46405
1.48412
1.50777
1.53178
1.55397
1.57348
1.59089
1.6074
1.62346
1.63755
1.6465
1.64692
1.6368
1.61646
1.58871
1.5587
1.53318
1.51875
1.51899
1.5325
1.55374
1.57609
1.59428
1.60544
1.6089
1.60565
1.59756
1.58688
1.57594
1.56725
1.56321
1.56564
1.57501
1.59026
1.60899
1.62806
1.6443
1.65502
1.65862
1.65507
1.64623
1.63571
1.62761
1.62482
1.62758
1.63378
1.64052
1.6457
1.64867
1.64998
1.65087
1.65298
1.65808
1.66767
1.68248
1.70217
1.72543
1.75029
1.77452
1.79568
1.81158
1.82076
1.82276
1.81802
1.80725
1.7911
1.7701
1.74497
1.71696
1.6881
1.66117
1.63934
1.62564
1.62201
1.62857
1.64358
1.66416
1.68734
1.71062
1.73182
1.74896
1.76037
1.76494
1.76238
1.75326
1.73868
1.71976
1.69725
1.67168
1.64377
1.61468
1.58583
1.55858
1.53368
1.5113
1.49108
1.47248
1.45504
1.43876
1.42424
1.41263
1.40524
1.40329
1.40772
1.4192
1.43796
1.46342
1.49396
1.52704
1.55977
1.5896
1.61485
1.63476
1.649
1.65697
1.65758
1.65003
1.635
1.61501
1.5932
1.57164
1.5512
1.53271
1.51805
1.50951
1.50834
1.51422
1.52607
1.54281
1.56305
1.5843
1.60314
1.61663
1.62363
1.62501
1.62317
1.62093
1.62069
1.62397
1.63114
1.64127
1.65232
1.66163
1.66671
1.66591
1.65871
1.64567
1.6282
1.6084
1.58886
1.57213
1.56053
1.55582
1.55891
1.5695
1.58558
1.60372
1.62048
1.63329
1.64057
1.64111
1.6337
1.61756
1.59311
1.56255
1.52948
1.49796
1.47126
1.45091
1.43678
1.42809
1.42449
1.42682
1.4368
1.45611
1.48517
1.52233
1.5637
1.60381
1.63691
1.65845
1.66599
1.65952
1.64143
1.61603
1.58851
1.56338
1.54349
1.52981
1.52189
1.51856
1.51871
1.52195
1.52857
1.53877
1.55213
1.56729
1.58227
1.59485
1.60305
1.60547
1.60139
1.59088
1.57497
1.55586
1.53675
1.52125
1.51235
1.51138
1.51767
1.52913
1.54356
1.55961
1.57692
1.59558
1.61554
1.63612
1.65595
1.67308
1.68516
1.69006
1.68681
1.67648
1.66233
1.64816
1.63581
1.62433
1.61149
1.59572
1.57706
1.55686
1.53704
1.51926
1.50449
1.4929
1.4842
1.47806
1.47452
1.47395
1.47675
1.48292
1.49171
1.50154
1.51026
1.5157
1.51683
1.51438
1.51081
1.50915
1.51158
1.51872
1.53018
1.54528
1.56336
1.58358
1.60469
1.62492
1.64236
1.65547
1.66346
1.66643
1.6654
1.66223
1.65924
1.65864
1.66179
1.66888
1.67932
1.69247
1.70799
1.72556
1.74428
1.76249
1.77814
1.78943
1.79527
1.79543
1.7905
1.78164
1.77019
1.75717
1.74313
1.72812
1.71184
1.69393
1.67425
1.65338
1.63286
1.61485
1.60181
1.59631
1.60086
1.61689
1.64315
1.6754
1.70784
1.73547
1.75539
1.76676
1.77002
1.76602
1.75537
1.73825
1.71497
1.6869
1.65733
1.63149
1.61497
1.6105
1.61561
1.62387
1.62857
1.62545
1.61328
1.59344
1.56906
1.54405
1.52196
1.5055
1.49637
1.49548
1.50304
1.51855
1.54054
1.56647
1.59317
1.61778
1.63856
1.65489
1.6665
1.67292
1.67345
1.66779
1.65647
1.64099
1.6235
1.60616
1.59039
1.57648
1.56365
1.55086
1.53739
1.52288
1.50731
1.49214
1.48214
1.48499
1.50542
1.53925
1.57587
1.60628
1.62742
1.641
1.65037
1.65853
1.66751
1.67835
1.69098
1.70405
1.71554
1.72348
1.72663
1.7248
1.71891
1.71079
1.70256
1.69564
1.69
1.68423
1.67657
1.66637
1.65463
1.64389
1.63711
1.63634
1.64153
1.65061
1.66046
1.66813
1.67152
1.66974
1.66316
1.65336
1.6426
1.63294
1.62551
1.62
1.6147
1.60705
1.59447
1.57575
1.55218
1.52785
1.5083
1.49795
1.49844
1.50914
1.52879
1.55647
1.59107
1.63036
1.67048
1.70686
1.73556
1.75427
1.76228
1.76034
1.75017
1.73424
1.7155
1.69719
1.68252
1.67408
1.67298
1.67828
1.68698
1.69497
1.69837
1.69457
1.68284
1.66429
1.64157
1.61847
1.59952
1.58935
1.59084
1.60333
1.62307
1.64597
1.66943
1.69187
1.7117
1.72703
1.73605
1.73758
1.73147
1.71876
1.70169
1.6834
1.66741
1.65661
1.65227
1.65373
1.65915
1.66655
1.67477
1.68372
1.69399
1.70631
1.7209
1.7371
1.75342
1.76781
1.77821
1.78305
1.78162
1.77416
1.76179
1.74628
1.72989
1.71481
1.70245
1.69273
1.6842
1.67487
1.66323
1.64906
1.63369
1.61959
1.60935
1.60459
1.60521
1.60962
1.61543
1.6204
1.62298
1.62248
1.61886
1.61266
1.6046
1.59555
1.5863
1.57759
1.5701
1.56445
1.56124
1.5611
1.5648
1.57297
1.58545
1.60075
1.61617
1.62887
1.63717
1.64117
1.64231
1.64199
1.64054
1.63733
1.63218
1.62663
1.62353
1.62536
1.63246
1.64271
1.65297
1.66067
1.66462
1.66479
1.6619
1.65711
1.65215
1.64916
1.6503
1.65676
1.66792
1.68149
1.69459
1.70492
1.71158
1.71485
1.71571
1.71529
1.7147
1.71472
1.71573
1.71776
1.72067
1.72433
1.72881
1.73428
1.74064
1.74733
1.75328
1.75714
1.75771
1.7543
1.7468
1.73535
1.72002
1.70115
1.68021
1.66022
1.64506
1.63736
1.63673
1.63982
1.64247
1.64177
1.63692
1.62857
1.61757
1.60436
1.58915
1.57274
1.5568
1.54337
1.53393
1.52882
1.52751
1.52934
1.53394
1.54105
1.54986
1.55875
1.56586
1.57001
1.57133
1.57146
1.57319
1.57958
1.59287
1.61337
1.63909
1.66631
1.69094
1.70981
1.72116
1.72451
1.72039
1.70989
1.69457
1.67637
1.65754
1.64039
1.62672
1.6174
1.6122
1.61008
1.60992
1.61122
1.61427
1.61955
1.6266
1.63384
1.63948
1.64289
1.64522
1.64883
1.65585
1.66681
1.68042
1.69436
1.70642
1.71518
1.72012
1.7214
1.71958
1.71549
1.71012
1.70443
1.69902
1.69369
1.68733
1.67826
1.66497
1.64662
1.62346
1.59688
1.56956
1.54538
1.52857
1.52207
1.52601
1.53748
1.5521
1.56611
1.57758
1.58634
1.59325
1.59924
1.60475
1.60964
1.61354
1.61609
1.61741
1.61823
1.61979
1.62336
1.62956
1.63773
1.64591
1.65149
1.65243
1.64818
1.63984
1.62947
1.61911
1.61003
1.60309
1.59908
1.59861
1.60142
1.60628
1.61161
1.61634
1.62009
1.62274
1.62392
1.623
1.61982
1.61531
1.61156
1.61113
1.61588
1.62611
1.64016
1.65487
1.66655
1.67191
1.66894
1.65756
1.6397
1.61895
1.59936
1.58395
1.57395
1.56904
1.5683
1.57082
1.57541
1.58004
1.58201
1.57873
1.56877
1.55236
1.53139
1.50887
1.48806
1.47153
1.46071
1.45604
1.45738
1.46443
1.47685
1.49386
1.51406
1.5354
1.55572
1.57341
1.58765
1.59837
1.60579
1.61014
1.61147
1.60967
1.60445
1.59539
1.58235
1.56626
1.54958
1.53589
1.52871
1.53004
1.53986
1.55655
1.57757
1.59999
1.62092
1.63779
1.64881
1.65323
1.65123
1.64359
1.63149
1.61667
1.60158
1.58913
1.58202
1.58168
1.58785
1.59934
1.61514
1.63522
1.6598
1.68818
1.71812
1.74627
1.7689
1.78268
1.78517
1.77545
1.75469
1.72654
1.69668
1.67144
1.65561
1.65045
1.65311
1.65785
1.65842
1.65033
1.63194
1.60433
1.57032
1.53331
1.49622
1.46111
1.42939
1.40238
1.38159
1.36874
1.36546
1.37308
1.3922
1.42235
1.46177
1.50751
1.55583
1.60291
1.6454
1.68073
1.70704
1.72332
1.72944
1.7261
1.71468
1.69664
1.67325
1.64562
1.61554
1.58622
1.56227
1.54819
1.54596
1.55364
1.56599
1.57675
1.58106
1.57659
1.5636
1.5444
1.52245
1.50124
1.48363
1.47137
1.46505
1.46418
1.46755
1.47418
1.48403
1.4982
1.51817
1.54433
1.57503
1.60649
1.6341
1.65398
1.66392
1.6634
1.65298
1.63391
1.60855
1.5809
1.55646
1.54051
1.53585
1.54216
1.55676
1.57554
1.59373
1.60693
1.61207
1.608
1.59556
1.577
1.55531
1.53361
1.51483
1.50161
1.49643
1.50146
1.51777
1.54437
1.57789
1.61354
1.64657
1.67316
1.69058
1.69686
1.69062
1.67137
1.64027
1.60097
1.55996
1.5254
1.50411
1.49878
1.5073
1.52443
1.54436
1.56245
1.57612
1.58475
1.58914
1.59055
1.58988
1.58733
1.58252
1.57522
1.56586
1.55571
1.5464
1.53917
1.53422
1.53067
1.52739
1.524
1.52126
1.52072
1.52399
1.53215
1.54543
1.56307
1.58367
1.60564
1.62737
1.64717
1.66309
1.67318
1.67617
1.672
1.6618
1.64758
1.63159
1.61588
1.60189
1.59046
1.58205
1.5768
1.57453
1.57477
1.57721
1.582
1.5898
1.60155
1.61789
1.63881
1.66354
1.69069
1.71835
1.74422
