-5.05476
-5.0466
-5.03821
-5.0296
-5.02359
-5.02137
-5.02233
-5.0242
-5.02792
-5.02968
-5.03166
-5.03523
-5.04216
-5.05153
-5.06456
-5.07812
-5.08961
-5.09637
-5.0972
-5.09164
-5.07778
-5.05671
-5.02921
-4.99781
-4.96651
-4.93983
-4.91857
-4.90644
-4.90503
-4.91491
-4.93609
-4.96334
-4.99479
-5.02975
-5.06392
-5.09447
-5.12051
-5.13922
-5.15058
-5.15607
-5.15555
-5.15186
-5.14781
-5.14277
-5.13772
-5.13196
-5.1262
-5.11998
-5.11436
-5.10786
-5.09988
-5.08607
-5.06782
-5.04852
-5.02904
-5.01439
-5.00527
-5.00323
-5.00569
-5.01064
-5.01836
-5.02916
-5.04421
-5.063
-5.08418
-5.10606
-5.12739
-5.14954
-5.17024
-5.18781
-5.20063
-5.20657
-5.20645
-5.19722
-5.17838
-5.15153
-5.11675
-5.07932
-5.04522
-5.01644
-4.99846
-4.99256
-4.99548
-5.00622
-5.02405
-5.04843
-5.07616
-5.10276
-5.12351
-5.13519
-5.13617
-5.12689
-5.11062
-5.08791
-5.06598
-5.04726
-5.02984
-5.01279
-4.99759
-4.98744
-4.9845
-4.98707
-4.99787
-5.01455
-5.03272
-5.05135
-5.0676
-5.08194
-5.09252
-5.09851
-5.10053
-5.10005
-5.09815
-5.09555
-5.09303
-5.09023
-5.08735
-5.08549
-5.08415
-5.0872
-5.09447
-5.10182
-5.10709
-5.10576
-5.09874
-5.09059
-5.08512
-5.07924
-5.07181
-5.06063
-5.04904
-5.04045
-5.03526
-5.03354
-5.03506
-5.03862
-5.04411
-5.05056
-5.05648
-5.05958
-5.05823
-5.05376
-5.04602
-5.03782
-5.02769
-5.01953
-5.00918
-4.99873
-4.98676
-4.97096
-4.95489
-4.94108
-4.93374
-4.93536
-4.94746
-4.97106
-5.00436
-5.04231
-5.08202
-5.12034
-5.14971
-5.16922
-5.17763
-5.17594
-5.16383
-5.14342
-5.11539
-5.08145
-5.04437
-5.00716
-4.97513
-4.95294
-4.94405
-4.95005
-4.96838
-4.99361
-5.02231
-5.04972
-5.07143
-5.08598
-5.09041
-5.08419
-5.06645
-5.03876
-5.00608
-4.97055
-4.939
-4.91708
-4.9065
-4.90647
-4.91263
-4.92326
-4.93922
-4.95772
-4.97578
-4.98853
-4.99292
-4.99199
-4.98641
-4.98308
-4.98294
-4.98876
-4.99889
-5.00979
-5.01881
-5.02191
-5.02116
-5.01488
-5.00576
-4.99744
-4.99503
-4.9999
-5.0106
-5.02342
-5.03574
-5.04298
-5.04506
-5.04049
-5.03227
-5.02415
-5.0193
-5.01997
-5.02601
-5.03474
-5.04233
-5.04883
-5.05411
-5.05579
-5.05546
-5.0525
-5.05277
-5.05819
-5.06807
-5.08039
-5.09355
-5.10166
-5.10356
-5.09699
-5.08046
-5.05872
-5.03304
-5.00717
-4.98456
-4.96776
-4.95892
-4.95998
-4.97058
-4.99041
-5.01541
-5.03951
-5.0609
-5.07637
-5.08621
-5.09134
-5.09422
-5.09753
-5.10053
-5.10186
-5.09982
-5.09142
-5.07606
-5.05422
-5.0284
-5.00712
-4.99257
-4.98719
-4.99464
-5.00927
-5.02876
-5.04859
-5.06856
-5.08342
-5.0941
-5.09938
-5.09872
-5.09337
-5.08367
-5.07302
-5.06208
-5.05478
-5.04913
-5.04525
-5.04362
-5.04607
-5.05081
-5.0621
-5.07574
-5.08982
-5.10437
-5.1183
-5.13172
-5.14105
-5.14685
-5.14843
-5.1456
-5.13875
-5.12658
-5.11158
-5.09279
-5.07191
-5.05014
-5.02745
-5.0066
-4.98913
-4.97686
-4.96989
-4.96923
-4.97372
-4.97986
-4.98444
-4.98503
-4.9827
-4.98084
-4.98696
-5.00087
-5.01933
-5.03599
-5.04733
-5.05334
-5.05552
-5.05641
-5.05929
-5.06556
-5.07534
-5.08568
-5.09628
-5.10448
-5.10671
-5.10595
-5.09855
-5.08692
-5.06809
-5.04697
-5.02461
-5.00679
-4.9943
-4.99076
-4.99464
-5.00399
-5.01489
-5.02325
-5.02651
-5.02345
-5.01417
-5.00056
-4.98621
-4.9774
-4.9787
-4.99352
-5.01526
-5.03721
-5.05567
-5.06789
-5.07189
-5.07265
-5.07018
-5.06781
-5.06635
-5.06762
-5.07054
-5.07642
-5.08576
-5.09725
-5.11192
-5.12901
-5.15063
-5.17416
-5.19961
-5.22309
-5.24117
-5.25229
-5.2538
-5.24537
-5.22869
-5.20867
-5.1863
-5.16309
-5.14418
-5.12825
-5.11585
-5.10679
-5.10126
-5.09489
-5.08538
-5.06894
-5.04604
-5.01728
-4.98652
-4.95893
-4.93672
-4.92458
-4.92382
-4.93332
-4.95085
-4.97255
-4.99476
-5.01563
-5.03212
-5.04307
-5.04886
-5.04875
-5.04411
-5.03386
-5.0191
-5.00117
-4.9811
-4.96139
-4.94548
-4.93477
-4.93095
-4.93201
-4.93915
-4.95197
-4.96604
-4.98347
-4.99827
-5.01401
-5.02633
-5.03408
-5.03574
-5.03468
-5.0347
-5.03968
-5.04822
-5.05682
-5.06174
-5.06107
-5.0539
-5.04174
-5.03067
-5.02468
-5.02456
-5.02942
-5.03907
-5.05137
-5.06282
-5.07321
-5.08124
-5.085
-5.08683
-5.08719
-5.08482
-5.08193
-5.07601
-5.06739
-5.05247
-5.03443
-5.01414
-4.99552
-4.98537
-4.98323
-4.98847
-5.00176
-5.01924
-5.03602
-5.04843
-5.05569
-5.05829
-5.05625
-5.05235
-5.04882
-5.04146
-5.03243
-5.01904
-4.99876
-4.97915
-4.95887
-4.94498
-4.94166
-4.94859
-4.96672
-4.99216
-5.01947
-5.04715
-5.07004
-5.08801
-5.10344
-5.11562
-5.12449
-5.13073
-5.13349
-5.13279
-5.12578
-5.11389
-5.09834
-5.08124
-5.06296
-5.04604
-5.031
-5.01898
-5.00641
-4.99155
-4.97525
-4.9607
-4.95438
-4.96045
-4.9778
-5.00089
-5.02475
-5.04591
-5.06271
-5.08019
-5.09498
-5.11064
-5.12829
-5.14661
-5.16647
-5.18464
-5.19869
-5.20804
-5.20838
-5.20066
-5.18585
-5.16578
-5.14382
-5.12374
-5.11126
-5.1063
-5.10404
-5.10106
-5.09303
-5.07638
-5.05191
-5.02023
-4.98302
-4.94902
-4.92577
-4.9183
-4.93048
-4.95693
-4.98878
-5.02426
-5.05656
-5.07916
-5.09105
-5.0941
-5.08943
-5.08182
-5.07796
-5.08272
-5.09778
-5.11847
-5.14137
-5.16164
-5.17492
-5.18126
-5.17974
-5.17139
-5.1573
-5.13656
-5.11652
-5.09609
-5.07978
-5.06574
-5.0533
-5.04242
-5.03246
-5.02415
-5.01573
-5.00733
-5.00028
-4.98971
-4.98004
-4.97042
-4.95991
-4.95041
-4.94578
-4.94501
-4.95119
-4.96187
-4.97476
-4.98853
-5.00146
-5.01342
-5.02684
-5.04161
-5.05673
-5.0739
-5.09067
-5.1067
-5.11769
-5.12294
-5.1227
-5.11955
-5.11255
-5.10305
-5.09424
-5.084
-5.0696
-5.05153
-5.02931
-5.00605
-4.9838
-4.96794
-4.9611
-4.96405
-4.97264
-4.98353
-4.99658
-5.00629
-5.01424
-5.02002
-5.02481
-5.02768
-5.02655
-5.0221
-5.01686
-5.01293
-5.00972
-5.01139
-5.01825
-5.02978
-5.04395
-5.05851
-5.07385
-5.09041
-5.10405
-5.11551
-5.12103
-5.11941
-5.11106
-5.09519
-5.07312
-5.05147
-5.03165
-5.01734
-5.01023
-5.00917
-5.01247
-5.01815
-5.02581
-5.03269
-5.03968
-5.04692
-5.05314
-5.05706
-5.05752
-5.05388
-5.04575
-5.03251
-5.01592
-4.99731
-4.97721
-4.9559
-4.93769
-4.9217
-4.91013
-4.90207
-4.89698
-4.89552
-4.89381
-4.88814
-4.87781
-4.86463
-4.85163
-4.84363
-4.84681
-4.86258
-4.88854
-4.91896
-4.94932
-4.97551
-4.99808
-5.01659
-5.03076
-5.03964
-5.04581
-5.04714
-5.047
-5.0452
-5.04486
-5.04634
-5.04952
-5.05276
-5.05355
-5.05238
-5.04931
-5.04778
-5.05028
-5.06025
-5.07773
-5.10158
-5.12883
-5.15653
-5.18221
-5.19992
-5.2121
-5.2153
-5.21055
-5.1989
-5.18525
-5.1712
-5.15645
-5.14252
-5.13076
-5.12006
-5.10966
-5.0997
-5.09172
-5.08795
-5.09005
-5.09905
-5.11206
-5.12906
-5.14516
-5.16059
-5.17065
-5.1746
-5.17312
-5.16317
-5.14653
-5.12593
-5.10758
-5.09437
-5.08824
-5.08867
-5.0912
-5.0921
-5.08834
-5.08113
-5.06999
-5.06158
-5.0535
-5.04763
-5.04492
-5.04363
-5.04654
-5.04868
-5.05392
-5.05674
-5.05832
-5.05894
-5.05873
-5.05726
-5.05672
-5.05544
-5.05344
-5.05343
-5.05621
-5.06136
-5.06708
-5.07091
-5.07363
-5.07322
-5.06907
-5.05699
-5.04146
-5.02347
-5.00472
-4.98951
-4.98139
-4.98004
-4.98539
-4.99564
-5.01019
-5.02734
-5.04799
-5.07036
-5.09044
-5.10434
-5.11125
-5.10929
-5.09976
-5.08451
-5.06406
-5.04551
-5.02936
-5.01774
-5.01164
-5.00809
-5.00607
-5.0057
-5.00627
-5.01055
-5.02176
-5.03826
-5.05812
-5.08049
-5.1001
-5.11563
-5.12591
-5.12985
-5.12938
-5.12426
-5.1185
-5.10999
-5.09999
-5.08918
-5.08083
-5.07505
-5.0722
-5.07441
-5.08167
-5.09163
-5.10203
-5.11356
-5.12475
-5.13322
-5.13939
-5.14506
-5.14535
-5.14096
-5.13169
-5.11809
-5.10159
-5.0823
-5.0628
-5.04363
-5.02714
-5.01312
-5.00141
-4.99542
-4.9957
-5.00348
-5.01843
-5.03782
-5.06036
-5.0811
-5.0967
-5.10185
-5.09579
-5.0761
-5.04583
-5.01111
-4.98141
-4.96446
-4.96169
-4.9709
-4.99001
-5.01486
-5.04188
-5.06482
-5.07871
-5.08159
-5.07198
-5.05122
-5.0217
-4.98579
-4.95083
-4.91898
-4.89493
-4.87691
-4.86473
-4.85761
-4.85838
-4.86922
-4.89007
-4.91999
-4.95328
-4.98455
-5.01094
-5.0307
-5.04527
-5.05422
-5.06152
-5.06802
-5.07646
-5.08488
-5.09515
-5.10846
-5.12242
-5.13523
-5.1451
-5.15012
-5.14944
-5.14369
-5.1337
-5.12294
-5.10905
-5.09104
-5.06767
-5.04092
-5.01051
-4.98078
-4.9592
-4.94929
-4.95108
-4.96161
-4.97765
-4.99319
-5.00514
-5.01175
-5.01183
-5.00645
-4.99962
-4.99512
-4.9972
-5.00812
-5.02293
-5.03807
-5.0504
-5.05834
-5.06273
-5.06357
-5.06045
-5.05019
-5.03479
-5.01733
-5.00048
-4.98878
-4.98401
-4.98731
-4.99863
-5.01629
-5.03612
-5.05795
-5.07757
-5.09336
-5.10628
-5.11472
-5.11733
-5.1122
-5.10045
-5.08085
-5.05584
-5.02633
-4.99488
-4.9662
-4.94111
-4.92236
-4.91165
-4.90834
-4.91437
-4.92884
-4.94987
-4.97404
-4.99863
-5.02176
-5.04179
-5.05826
-5.06712
-5.06936
-5.06106
-5.04132
-5.01163
-4.98046
-4.95901
-4.95745
-4.97353
-5.00038
-5.02457
-5.042
-5.04823
-5.04328
-5.02556
-5.00121
-4.97342
-4.94825
-4.92866
-4.92001
-4.92657
-4.94287
-4.96753
-4.99688
-5.02624
-5.0557
-5.08348
-5.10883
-5.13232
-5.1538
-5.17083
-5.18319
-5.19228
-5.19691
-5.19963
-5.20262
-5.2057
-5.20754
-5.20937
-5.21066
-5.20831
-5.20387
-5.19277
-5.17597
-5.15266
-5.12943
-5.10559
-5.08629
-5.0736
-5.06508
-5.06166
-5.06046
-5.06321
-5.06448
-5.06385
-5.06124
-5.05542
-5.0443
-5.02701
-5.00665
-4.98163
-4.95391
-4.92519
-4.89967
-4.88043
-4.87206
-4.8782
-4.89433
-4.92123
-4.95293
-4.98399
-5.00939
-5.02908
-5.04359
-5.0568
-5.06842
-5.0806
-5.09028
-5.09585
-5.09582
-5.08839
-5.07485
-5.05709
-5.0395
-5.02413
-5.01394
-5.01098
-5.0174
-5.03084
-5.04928
-5.07233
-5.0945
-5.11457
-5.13102
-5.14137
-5.14312
-5.14019
-5.131
-5.11446
-5.0901
-5.05834
-5.02211
-4.98484
-4.95327
-4.93544
-4.93
-4.93309
-4.93743
-4.93957
-4.94094
-4.94486
-4.95117
-4.95929
-4.96894
-4.97848
-4.98628
-4.99287
-4.99789
-5.00273
-5.00677
-5.00945
-5.01181
-5.01528
-5.0181
-5.02008
-5.01756
-5.00753
-4.99466
-4.98259
-4.97798
-4.98145
-4.9916
-5.00683
-5.02537
-5.04671
-5.06941
-5.08983
-5.10394
-5.11137
-5.11039
-5.10358
-5.09671
-5.08743
-5.07703
-5.06514
-5.05066
-5.03699
-5.02518
-5.01984
-5.02038
-5.02737
-5.03633
-5.04298
-5.04781
-5.04953
-5.04761
-5.04483
-5.03976
-5.03498
-5.03008
-5.0261
-5.02517
-5.03074
-5.04541
-5.06927
-5.09934
-5.12775
-5.15039
-5.16431
-5.16734
-5.16225
-5.14813
-5.127
-5.10065
-5.06919
-5.03431
-4.99705
-4.95958
-4.92621
-4.90405
-4.89629
-4.9037
-4.92487
-4.95394
-4.98921
-5.02598
-5.06045
-5.09206
-5.12215
-5.14584
-5.16428
-5.17467
-5.17822
-5.17542
-5.16357
-5.14729
-5.12599
-5.10307
-5.08012
-5.05871
-5.04224
-5.03346
-5.03242
-5.04268
-5.06356
-5.09395
-5.12992
-5.16807
-5.20157
-5.22751
-5.24113
-5.24258
-5.22874
-5.203
-5.16851
-5.13093
-5.09604
-5.07037
-5.05687
-5.05248
-5.05314
-5.05409
-5.05159
-5.04646
-5.03964
-5.03647
-5.03999
-5.05096
-5.06806
-5.08767
-5.10942
-5.1304
-5.14918
-5.16659
-5.18092
-5.19176
-5.19815
-5.19955
-5.19591
-5.18683
-5.17424
-5.15679
-5.13679
-5.11471
-5.09191
-5.07268
-5.05816
-5.04872
-5.04568
-5.04679
-5.05181
-5.05783
-5.06435
-5.06982
-5.07644
-5.08545
-5.09615
-5.10738
-5.11925
-5.12843
-5.13525
-5.13946
-5.14472
-5.14802
-5.15212
-5.15466
-5.15482
-5.15562
-5.15564
-5.15779
-5.16151
-5.16895
-5.17915
-5.18772
-5.19514
-5.19548
-5.18824
-5.17409
-5.15228
-5.12446
-5.09691
-5.07165
-5.05415
-5.04452
-5.03906
-5.03822
-5.03553
-5.03111
-5.02108
-5.00587
-4.98658
-4.96232
-4.93551
-4.90515
-4.87577
-4.85148
-4.83754
-4.83472
-4.84273
-4.85905
-4.88046
-4.90421
-4.92962
-4.95632
-4.9821
-5.0067
-5.02724
-5.04344
-5.05357
-5.05664
-5.05324
-5.04528
-5.03776
-5.0303
-5.02651
-5.02762
-5.03376
-5.04315
-5.05411
-5.06472
-5.07259
-5.07751
-5.07978
-5.07857
-5.07421
-5.0664
-5.05778
-5.04862
-5.04135
-5.03547
-5.03656
-5.04689
-5.06512
-5.08949
-5.11679
-5.1421
-5.16321
-5.17607
-5.18182
-5.17875
-5.16813
-5.1499
-5.12432
-5.09112
-5.05266
-5.01657
-4.99163
-4.98455
-4.99334
-5.01047
-5.02861
-5.0468
-5.06177
-5.07484
-5.08493
-5.09251
-5.09626
-5.09802
-5.0974
-5.09732
-5.09673
-5.09759
-5.09933
-5.10425
-5.10959
-5.11571
-5.12359
-5.1319
-5.14019
-5.14704
-5.15293
-5.15691
-5.16262
-5.16946
-5.18026
-5.19327
-5.2052
-5.21476
-5.21749
-5.21032
-5.19296
-5.16778
-5.13556
-5.10349
-5.07301
-5.04664
-5.02664
-5.01333
-5.00602
-5.00501
-5.00686
-5.00901
-5.01166
-5.01485
-5.01708
-5.01671
-5.01421
-5.01201
-5.00838
-5.00367
-4.99981
-4.99535
-4.99061
-4.98237
-4.97202
-4.9581
-4.94487
-4.93641
-4.93168
-4.93177
-4.93524
-4.93762
-4.94014
-4.94162
-4.94238
-4.94489
-4.94979
-4.96118
-4.97422
-4.98854
-5.00387
-5.01795
-5.03052
-5.0409
-5.04809
-5.05263
-5.05443
-5.05316
-5.04946
-5.04667
-5.04429
-5.04497
-5.04846
-5.05263
-5.05731
-5.05797
-5.05598
-5.05089
-5.04161
-5.03014
-5.0152
-4.99966
-4.9851
-4.9761
-4.97021
-4.96815
-4.97015
-4.97262
-4.97289
-4.97253
-4.97461
-4.98309
-4.99911
-5.02098
-5.04495
-5.06902
-5.08878
-5.10153
-5.10732
-5.10305
-5.09042
-5.0719
-5.05184
-5.03244
-5.0134
-4.99262
-4.96966
-4.9426
-4.91417
-4.88914
-4.87022
-4.86429
-4.87119
-4.88856
-4.91277
-4.939
-4.96431
-4.98734
-5.0066
-5.02284
-5.03723
-5.04811
-5.05764
-5.0666
-5.07253
-5.07771
-5.08106
-5.08115
-5.07561
-5.06214
-5.0417
-5.01232
-4.98083
-4.95272
-4.93214
-4.92205
-4.92178
-4.92359
-4.92718
-4.92959
-4.93308
-4.93756
-4.94493
-4.9555
-4.96817
-4.98285
-4.99915
-5.01437
-5.02808
-5.03834
-5.04529
-5.04879
-5.05036
-5.05176
-5.05057
-5.04462
-5.03317
-5.0175
-5.00017
-4.98676
-4.98266
-4.9853
-4.99562
-5.00814
-5.0198
-5.02623
-5.02517
-5.01935
-5.00742
-4.99156
-4.97743
-4.96716
-4.96433
-4.96951
-4.98545
-5.01365
-5.04923
-5.09173
-5.13428
-5.17115
-5.20163
-5.22213
-5.23235
-5.23318
-5.22682
-5.21455
-5.20051
-5.18603
-5.17024
-5.15544
-5.14117
-5.12905
-5.12353
-5.12414
-5.13075
-5.14428
-5.16242
-5.18603
-5.2127
-5.24006
-5.26288
-5.27615
-5.27796
-5.26571
-5.24134
-5.20622
-5.16707
-5.12914
-5.09751
-5.07462
-5.05809
-5.04616
-5.03908
-5.03721
-5.04611
-5.06579
-5.09419
-5.12527
-5.15188
-5.1692
-5.17479
-5.17036
-5.15871
-5.14297
-5.12766
-5.11352
-5.10236
-5.09382
-5.08726
-5.08314
-5.08037
-5.07933
-5.08151
-5.08393
-5.08696
-5.08855
-5.09112
-5.09467
-5.09882
-5.10289
-5.10599
-5.10465
-5.09814
-5.08812
-5.07369
-5.05765
-5.04
-5.01816
-4.99492
-4.97404
-4.95625
-4.94602
-4.94204
-4.94543
-4.95469
-4.97143
-4.99184
-5.01322
-5.03441
-5.05594
-5.07824
-5.10185
-5.12519
-5.14671
-5.16544
-5.17556
-5.17961
-5.17891
-5.17537
-5.16957
-5.16213
-5.15351
-5.14543
-5.1355
-5.12302
-5.10967
-5.09314
-5.07351
-5.05109
-5.02539
-4.99916
-4.97389
-4.94946
-4.92965
-4.91229
-4.90091
-4.89534
-4.89574
-4.90524
-4.92347
-4.94771
-4.97495
-4.99992
-5.0179
-5.02972
-5.0323
-5.02872
-5.01878
-5.00371
-4.98741
-4.97336
-4.96007
-4.95053
-4.94608
-4.94565
-4.94918
-4.95269
-4.95537
-4.9559
-4.95165
-4.94588
-4.94428
-4.94891
-4.96326
-4.98689
-5.01632
-5.04739
-5.07536
-5.09883
-5.11308
-5.11678
-5.11057
-5.09556
-5.075
-5.05225
-5.03082
-5.01331
-5.0003
-4.99258
-4.98581
-4.98132
-4.97571
-4.96617
-4.95865
-4.95053
-4.94446
-4.9429
-4.94414
-4.94928
-4.95679
-4.96463
-4.97144
-4.97658
-4.97719
-4.97363
-4.96525
-4.9527
-4.93888
-4.92328
-4.90521
-4.88857
-4.87284
-4.86413
-4.86602
-4.88047
-4.90868
-4.94207
-4.97572
-5.00621
-5.02921
-5.04598
-5.05636
-5.0618
-5.06332
-5.06289
-5.06146
-5.0598
-5.06136
-5.06526
-5.06913
-5.07403
-5.07926
-5.08134
-5.07951
-5.07503
-5.06476
-5.04827
-5.02628
-5.0017
-4.97774
-4.95633
-4.94194
-4.93601
-4.93504
-4.93911
-4.94716
-4.95708
-4.96885
-4.98117
-4.99447
-5.00684
-5.01892
-5.02875
-5.03763
-5.0454
-5.04818
-5.04716
-5.04099
-5.02775
-5.01055
-4.98962
-4.96668
-4.94664
-4.93215
-4.92521
-4.92533
-4.92919
-4.93889
-4.95062
-4.96807
-4.99073
-5.01611
-5.04332
-5.07081
-5.09405
-5.1131
-5.12454
-5.12824
-5.12471
-5.11635
-5.10241
-5.08556
-5.07065
-5.05541
-5.04182
-5.03037
-5.02378
-5.02255
-5.02791
-5.03563
-5.04405
-5.05093
-5.0556
-5.05892
-5.06251
-5.06618
-5.07243
-5.07566
-5.0738
-5.06307
-5.04335
-5.01338
-4.97636
-4.93985
-4.91101
-4.89437
-4.88917
-4.89636
-4.90993
-4.9273
-4.9475
-4.96876
-4.98781
-5.00394
-5.01565
-5.02399
-5.02806
-5.0294
-5.03034
-5.03129
-5.03165
-5.03215
-5.03488
-5.04009
-5.0489
-5.06013
-5.06955
-5.07278
-5.06555
-5.04962
-5.02741
-5.0054
-4.99025
-4.98274
-4.98479
-4.99455
-5.00988
-5.02616
-5.04037
-5.05113
-5.0579
-5.05826
-5.05079
-5.0365
-5.01801
-4.99586
-4.97282
-4.95147
-4.93256
-4.9215
-4.91793
-4.92217
-4.92902
-4.93861
-4.94735
-4.95442
-4.95828
-4.96218
-4.96827
-4.97539
-4.98783
-5.00209
-5.01589
-5.02729
-5.03719
-5.04427
-5.04581
-5.04024
-5.0301
-5.01599
-4.9967
-4.97438
-4.95359
-4.93298
-4.9136
-4.89318
-4.8702
-4.84587
-4.81989
-4.79478
-4.77611
-4.76803
-4.77398
-4.79426
-4.82478
-4.86361
-4.90475
-4.94499
-4.98264
-5.01618
-5.04458
-5.06862
-5.08893
-5.10664
-5.12053
-5.13144
-5.13581
-5.1353
-5.12856
-5.11651
-5.10016
-5.08053
-5.05738
-5.03316
-5.0105
-4.99056
-4.97591
-4.96889
-4.9697
-4.97604
-4.9867
-4.99706
-5.00618
-5.01322
-5.01599
-5.01948
-5.02368
-5.02949
-5.03553
-5.04087
-5.04281
-5.04635
-5.04795
-5.04874
-5.04863
-5.04384
-5.03384
-5.01838
-4.99898
-4.97749
-4.9586
-4.94464
-4.93829
-4.94182
-4.95192
-4.96503
-4.97983
-4.99278
-5.00439
-5.01284
-5.02219
-5.03254
-5.04581
-5.06287
-5.08149
-5.10122
-5.11812
-5.13209
-5.13793
-5.13504
-5.12214
-5.10032
-5.0725
-5.04524
-5.02519
-5.01587
-5.01979
-5.03413
-5.05319
-5.07295
-5.08709
-5.09519
-5.0947
-5.08723
-5.07812
-5.06686
-5.05985
-5.05942
-5.06408
-5.07558
-5.09009
-5.10661
-5.11937
-5.12857
-5.12781
-5.11986
-5.10484
-5.08035
-5.04994
-5.01654
-4.9854
-4.9638
-4.95791
-4.97019
-4.99673
-5.03007
-5.06291
-5.09162
-5.11479
-5.1326
-5.14679
-5.15287
-5.1567
-5.16019
-5.16505
-5.1718
-5.1818
-5.19186
-5.20246
-5.21105
-5.214
-5.20748
-5.19128
-5.16264
-5.12326
-5.07695
-5.03016
-4.98948
-4.95951
-4.93841
-4.92387
-4.91653
-4.91536
-4.91857
-4.92612
-4.93962
-4.96228
-4.99269
-5.02636
-5.05573
-5.07521
-5.08334
-5.08234
-5.07125
-5.0512
-5.02385
-4.99053
-4.95052
-4.90879
-4.86645
-4.83093
-4.80477
-4.79168
-4.79266
-4.80502
-4.82472
-4.85022
-4.8766
-4.90233
-4.92759
-4.94966
-4.96734
-4.98012
-4.98811
-4.99115
-4.99122
-4.98906
-4.9889
-4.99299
-5.00094
-5.01241
-5.02821
-5.04459
-5.06303
-5.0817
-5.09718
-5.10634
-5.1052
-5.09413
-5.07216
-5.04217
-5.00753
-4.97221
-4.94382
-4.92544
-4.92382
-4.93796
-4.96639
-5.00478
-5.04245
-5.07386
-5.09318
-5.10383
-5.10667
-5.10835
-5.1129
-5.11989
-5.12872
-5.13343
-5.13094
-5.12047
-5.10457
-5.08703
-5.07107
-5.05994
-5.05311
-5.04924
-5.04901
-5.04939
-5.05082
-5.04972
-5.04681
-5.03862
-5.02601
-5.00865
-4.99188
-4.97649
-4.96349
-4.95441
-4.94966
-4.94835
-4.94881
-4.95481
-4.96328
-4.97539
-4.99215
-5.01282
-5.03449
-5.05651
-5.07034
-5.07382
-5.06586
-5.04673
-5.01988
-4.99227
-4.9684
-4.95086
-4.94445
-4.9455
-4.95712
-4.97797
-5.00461
-5.03531
-5.06794
-5.09977
-5.12978
-5.15699
-5.17991
-5.19535
-5.20611
-5.20749
-5.20229
-5.19164
-5.17849
-5.16467
-5.15285
-5.13906
-5.12297
-5.10437
-5.08647
-5.07303
-5.06586
-5.0649
-5.06804
-5.07344
-5.07987
-5.08639
-5.09167
-5.0956
-5.09716
-5.09697
-5.09483
-5.09411
-5.09566
-5.10105
-5.10738
-5.11249
-5.11227
-5.10448
-5.0871
-5.05969
-5.02506
-4.98531
-4.94886
-4.91964
-4.90241
-4.8993
-4.90989
-4.93023
-4.9624
-5.00169
-5.04636
-5.08995
-5.13205
-5.16794
-5.19293
-5.20627
-5.20615
-5.1917
-5.16497
-5.12955
-5.09098
-5.05592
-5.0276
-5.00961
-5.0022
-5.00759
-5.02041
-5.04003
-5.06279
-5.08877
-5.11815
-5.14983
-5.18179
-5.20867
-5.22865
-5.23779
-5.23306
-5.21697
-5.18795
-5.1503
-5.11129
-5.07788
-5.05509
-5.04895
-5.05802
-5.0805
-5.10801
-5.13145
-5.14702
-5.15173
-5.1462
-5.13459
-5.1192
-5.10277
-5.08578
-5.06852
-5.05144
-5.03414
-5.01735
-5.00332
-4.99557
-4.99423
-4.99855
-5.00953
-5.02451
-5.04182
-5.06026
-5.07753
-5.09286
-5.10371
-5.11096
-5.11467
-5.11715
-5.11754
-5.11441
-5.10737
-5.09557
-5.08037
-5.06489
-5.05023
-5.0388
-5.03281
-5.03064
-5.03402
-5.042
-5.05687
-5.07565
-5.0984
-5.11904
-5.13416
-5.13845
-5.13493
-5.12273
-5.10541
-5.08602
-5.06563
-5.04763
-5.03375
-5.02987
-5.03314
-5.04557
-5.0655
-5.08813
-5.10913
-5.12373
-5.12972
-5.1275
-5.11767
-5.10309
-5.08188
-5.0571
-5.02864
-5.00166
-4.97605
-4.95442
-4.93594
-4.92196
-4.9077
-4.89328
-4.88082
-4.87003
-4.86362
-4.86329
-4.86891
-4.88235
-4.90317
-4.92853
-4.95877
-4.98825
-5.01819
-5.04422
-5.06558
-5.08077
-5.08963
-5.09275
-5.09097
-5.08889
-5.08878
-5.09121
-5.09591
-5.10264
-5.10982
-5.11739
-5.12576
-5.13307
-5.13664
-5.13574
-5.12866
-5.11504
-5.09817
-5.07725
-5.05662
-5.03919
-5.02717
-5.01996
-5.02046
-5.0285
-5.04134
-5.05763
-5.07242
-5.08267
-5.08866
-5.08916
-5.08685
-5.08227
-5.07468
-5.0646
-5.05312
-5.03833
-5.02233
-5.00576
-4.99286
-4.98491
-4.98335
-4.98943
-5.0031
-5.02342
-5.04584
-5.06838
-5.09212
-5.11672
-5.14174
-5.16669
-5.18771
-5.20085
-5.20586
-5.20339
-5.19402
-5.18007
-5.1616
-5.14031
-5.11775
-5.09411
-5.07246
-5.05395
-5.04132
-5.03441
-5.03271
-5.03743
-5.04799
-5.06026
-5.07393
-5.08741
-5.09687
-5.10347
-5.10386
-5.09996
-5.09117
-5.08139
-5.07073
-5.06173
-5.05429
-5.05067
-5.05326
-5.06139
-5.0732
-5.08731
-5.10111
-5.11125
-5.11799
-5.11925
-5.11518
-5.10695
-5.09538
-5.08345
-5.07033
-5.05516
-5.03869
-5.02259
-5.00742
-4.99494
-4.98346
-4.97314
-4.96288
-4.95067
-4.93851
-4.9276
-4.91779
-4.90782
-4.89415
-4.87934
-4.86782
-4.86336
-4.86913
-4.8874
-4.91991
-4.95935
-4.99732
-5.0256
-5.03953
-5.04031
-5.03192
-5.01899
-5.00341
-4.98887
-4.97828
-4.97244
-4.97244
-4.97944
-4.99366
-5.01462
-5.04103
-5.06816
-5.09294
-5.11189
-5.12728
-5.13583
-5.14129
-5.1435
-5.14297
-5.14149
-5.14116
-5.14086
-5.14021
-5.13458
-5.12497
-5.11004
-5.09143
-5.06637
-5.03698
-5.00503
-4.97405
-4.94715
-4.92757
-4.91502
-4.90894
-4.91019
-4.91848
-4.93201
-4.94741
-4.96211
-4.9728
-4.97618
-4.97602
-4.9721
-4.96964
-4.96951
-4.97066
-4.97471
-4.97965
-4.98475
-4.98846
-4.99326
-4.99857
-5.00362
-5.00995
-5.01613
-5.023
-5.02994
-5.03826
-5.0467
-5.0551
-5.06343
-5.0737
-5.08384
-5.09499
-5.10482
-5.11303
-5.11794
-5.11738
-5.11163
-5.09978
-5.08313
-5.06656
-5.05052
-5.0401
-5.03426
-5.03364
-5.033
-5.02958
-5.02114
-5.01003
-5.00007
-4.9964
-5.00091
-5.00997
-5.01973
-5.02762
-5.03226
-5.03435
-5.03379
-5.03024
-5.02652
-5.02583
-5.02898
-5.04134
-5.06097
-5.08236
-5.10334
-5.11837
-5.12366
-5.11704
-5.09906
-5.07424
-5.04518
-5.01666
-4.99501
-4.98117
-4.97441
-4.97358
-4.9778
-4.98421
-4.98715
-4.98465
-4.97324
-4.95238
-4.92674
-4.90168
-4.88495
-4.88135
-4.89193
-4.91669
-4.94994
-4.98502
-5.01988
-5.04934
-5.07203
-5.0901
-5.10158
-5.10597
-5.10143
-5.08797
-5.06588
-5.03753
-5.00975
-4.98368
-4.96506
-4.95162
-4.94353
-4.93932
-4.93946
-4.94646
-4.9648
-4.99057
-5.02269
-5.05841
-5.0898
-5.11461
-5.12742
-5.12672
-5.11521
-5.0966
-5.07306
-5.04975
-5.0308
-5.01867
-5.01235
-5.01248
-5.01454
-5.01906
-5.02447
-5.03067
-5.03559
-5.04042
-5.04442
-5.05213
-5.06378
-5.08006
-5.0962
-5.11303
-5.12842
-5.14547
-5.16472
-5.18503
-5.20473
-5.22468
-5.24023
-5.2537
-5.26294
-5.26772
-5.26712
-5.26472
-5.26056
-5.25602
-5.25304
-5.25124
-5.25041
-5.24756
-5.24183
-5.22962
-5.21443
-5.19543
-5.17467
-5.15273
-5.1295
-5.10513
-5.08192
-5.06361
-5.05183
-5.04882
-5.05225
-5.06252
-5.0787
-5.09751
-5.11597
-5.13041
-5.13643
-5.13011
-5.11073
-5.07621
-5.03366
-4.98584
-4.94197
-4.90821
-4.89099
-4.888
-4.89602
-4.9067
-4.91715
-4.9229
-4.92365
-4.91986
-4.9127
-4.90604
-4.90204
-4.90333
-4.90994
-4.92438
-4.9439
-4.96643
-4.98855
-5.00398
-5.01266
-5.012
-5.0061
-4.99928
-4.99356
-4.99231
-4.99541
-5.00145
-5.01013
-5.0198
-5.03108
-5.04366
-5.0577
-5.07096
-5.08307
-5.09115
-5.09517
-5.09265
-5.08481
-5.07479
-5.0655
-5.0589
-5.05808
-5.06089
-5.06798
-5.07487
-5.08163
-5.08687
-5.09121
-5.09493
-5.09412
-5.09191
-5.0869
-5.0801
-5.07224
-5.06445
-5.05539
-5.04136
-5.02179
-4.99866
-4.97616
-4.95696
-4.94654
-4.9466
-4.95476
-4.96688
-4.97611
-4.98264
-4.98329
-4.97929
-4.97142
-4.96044
-4.94711
-4.93491
-4.92767
-4.92553
-4.92993
-4.94003
-4.95374
-4.97148
-4.98939
-5.00877
-5.02443
-5.03627
-5.04385
-5.0482
-5.04796
-5.04574
-5.04017
-5.03023
-5.0177
-5.00353
-4.99035
-4.97671
-4.9626
-4.94979
-4.93739
-4.93176
-4.93362
-4.94302
-4.95838
-4.9786
-4.99885
-5.0214
-5.04365
-5.06452
-5.0819
-5.09401
-5.09809
-5.09592
-5.08754
-5.08099
-5.08033
-5.08649
-5.09738
-5.10625
-5.10848
-5.10392
-5.09073
-5.06857
-5.03867
-5.00269
-4.96447
-4.92915
-4.90384
-4.89201
-4.89225
-4.90265
-4.91752
-4.93135
-4.94533
-4.95685
-4.9666
-4.9757
-4.9818
-4.98617
-4.98866
-4.98645
-4.97901
-4.96448
-4.94437
-4.92012
-4.89477
-4.87077
-4.85321
-4.84525
-4.84604
-4.85418
-4.86815
-4.88549
-4.90389
-4.9232
-4.94391
-4.96457
-4.98492
-5.00485
-5.02322
-5.03781
-5.04743
-5.0527
-5.05401
-5.05397
-5.05304
-5.05144
-5.04724
-5.0413
-5.02927
-5.01455
-4.99729
-4.98403
-4.97336
-4.96961
-4.97021
-4.97418
-4.98221
-4.99202
-5.00105
-5.01011
-5.0186
-5.02593
-5.03093
-5.03339
-5.02981
-5.02234
-5.01039
-4.9979
-4.98814
-4.98066
-4.97799
-4.98157
-4.99056
-4.99941
-5.00766
-5.01155
-5.01108
-5.00845
-5.00166
-4.99314
-4.98178
-4.97085
-4.96059
-4.95046
-4.94413
-4.94483
-4.95333
-4.97011
-4.99387
-5.01842
-5.04102
-5.05799
-5.06651
-5.06876
-5.06367
-5.05445
-5.04284
-5.03322
-5.025
-5.02236
-5.02323
-5.0273
-5.03223
-5.03563
-5.03861
-5.03988
-5.04029
-5.03999
-5.03833
-5.03757
-5.04052
-5.04821
-5.05946
-5.07292
-5.08694
-5.09801
-5.10543
-5.1074
-5.10594
-5.10248
-5.09742
-5.09343
-5.09388
-5.09872
-5.10971
-5.12259
-5.1364
-5.14721
-5.15324
-5.15226
-5.14254
-5.12474
-5.10114
-5.07338
-5.04619
-5.02112
-5.00281
-4.9947
-4.9961
-5.00878
-5.03004
-5.05419
-5.07855
-5.09984
-5.11643
-5.12779
-5.13573
-5.14144
-5.14264
-5.13792
-5.12694
-5.1105
-5.09091
-5.07364
-5.05931
-5.04916
-5.04316
-5.04065
-5.04366
-5.05242
-5.06699
-5.0874
-5.11034
-5.1317
-5.15014
-5.16068
-5.16385
-5.15747
-5.14597
-5.1295
-5.11048
-5.09042
-5.07356
-5.06088
-5.05294
-5.04573
-5.03842
-5.03023
-5.02205
-5.01677
-5.01781
-5.02607
-5.04008
-5.05429
-5.06642
-5.07448
-5.07716
-5.07671
-5.07488
-5.07376
-5.07483
-5.07899
-5.08582
-5.09622
-5.10714
-5.11613
-5.12237
-5.12406
-5.1214
-5.11313
-5.10264
-5.08961
-5.07643
-5.06866
-5.06511
-5.06735
-5.07478
-5.08646
-5.10236
-5.11838
-5.12892
-5.12853
-5.11814
-5.10144
-5.08692
-5.07672
-5.07633
-5.08366
-5.09608
-5.10933
-5.12246
-5.1337
-5.14069
-5.1407
-5.13425
-5.11892
-5.09416
-5.06365
-5.03262
-5.01033
-5.00461
-5.01712
-5.04568
-5.08409
-5.12337
-5.15439
-5.17135
-5.17382
-5.16332
-5.14284
-5.11674
-5.09171
-5.07197
-5.06083
-5.05977
-5.06541
-5.07126
-5.07212
-5.06672
-5.05258
-5.03332
-5.01203
-4.99397
-4.98274
-4.98307
-4.99412
-5.01492
-5.03933
-5.06361
-5.08125
-5.08816
-5.08411
-5.06959
-5.04585
-5.01752
-4.98668
-4.9596
-4.93761
-4.92592
-4.92396
-4.93378
-4.95168
-4.97424
-4.99934
-5.02246
-5.04225
-5.0566
-5.06512
-5.06658
-5.06221
-5.05422
-5.04432
-5.03533
-5.02995
-5.02914
-5.03555
-5.04816
-5.06759
-5.09051
-5.11395
-5.1351
-5.15335
-5.16466
-5.17094
-5.17251
-5.16944
-5.16313
-5.15441
-5.14552
-5.1375
-5.13253
-5.13127
-5.13054
-5.13095
-5.13023
-5.12898
-5.12654
-5.12149
-5.11515
-5.10624
-5.09448
-5.07981
-5.06094
-5.03876
-5.01502
-4.996
-4.9885
-4.99458
-5.01472
-5.03702
-5.05423
-5.06253
-5.05969
-5.05031
-5.03664
-5.02617
-5.0222
-5.02534
-5.03221
-5.0423
-5.05056
-5.05589
-5.05808
-5.05755
-5.05425
-5.04821
-5.04251
-5.03838
-5.03759
-5.03952
-5.04763
-5.05795
-5.07111
-5.08416
-5.09813
-5.1099
-5.11805
-5.12132
-5.11845
-5.10921
-5.09481
-5.07839
-5.06379
-5.05424
-5.051
-5.05146
-5.05143
-5.05135
-5.04593
-5.03434
-5.02022
-5.00513
-4.99139
-4.97861
-4.97028
-4.97039
-4.97767
-4.98884
-5.00379
-5.019
-5.03263
-5.04306
-5.0506
-5.05481
-5.05605
-5.05254
-5.04355
-5.02937
-5.01
-4.98469
-4.95551
-4.92753
-4.90479
-4.88863
-4.88248
-4.88713
-4.90119
-4.92106
-4.94434
-4.96602
-4.98726
-5.00445
-5.01625
-5.02142
-5.01983
-5.01311
-5.00187
-4.98747
-4.97444
-4.96557
-4.96127
-4.96441
-4.97455
-4.98839
-5.00248
-5.01865
-5.03265
-5.04512
-5.05676
-5.06497
-5.0716
-5.07776
-5.08201
-5.08442
-5.0855
-5.08573
-5.08571
-5.083
-5.07733
-5.06975
-5.06105
-5.05042
-5.04067
-5.0316
-5.02277
-5.01519
-5.00862
-5.00287
-5.00044
-4.99732
-4.9943
-4.99104
-4.98801
-4.98478
-4.98288
-4.9834
-4.98714
-4.99317
-5.00246
-5.01337
-5.02719
-5.04378
-5.05895
-5.07628
-5.09208
-5.10412
-5.11035
-5.11187
-5.11044
-5.10844
-5.10529
-5.09933
-5.08943
-5.07513
-5.05622
-5.03018
-4.99995
-4.96614
-4.92888
-4.89083
-4.85722
-4.83492
-4.82509
-4.83236
-4.8531
-4.88203
-4.91476
-4.94551
-4.97177
-4.98849
-4.99465
-4.99095
-4.98011
-4.96617
-4.95485
-4.95079
-4.95644
-4.97188
-4.98959
-5.00481
-5.01385
-5.01656
-5.01305
-5.00524
-4.99451
-4.98323
-4.96813
-4.95307
-4.93747
-4.92577
-4.92231
-4.93029
-4.94963
-4.97874
-5.01051
-5.04444
-5.07641
-5.10314
-5.12153
-5.13196
-5.13314
-5.12764
-5.12007
-5.11512
-5.11567
-5.11776
-5.11809
-5.11794
-5.11745
-5.11689
-5.11846
-5.1184
-5.11661
-5.11388
-5.11098
-5.10624
-5.09954
-5.09425
-5.08769
-5.08039
-5.07305
-5.06436
-5.05385
-5.04311
-5.03015
-5.01642
-5.00681
-4.9971
-4.99025
-4.98634
-4.98649
-4.99122
-5.00048
-5.01024
-5.01937
-5.02329
-5.0252
-5.02549
-5.02598
-5.02763
-5.03239
-5.04038
-5.05307
-5.06968
-5.08644
-5.10088
-5.11229
-5.11767
-5.11946
-5.11776
-5.11149
-5.10472
-5.0994
-5.09643
-5.09764
-5.09898
-5.09885
-5.09522
-5.08795
-5.07833
-5.07124
-5.06654
-5.06801
-5.07418
-5.08504
-5.09682
-5.10861
-5.11627
-5.12107
-5.12194
-5.12142
-5.12451
-5.13257
-5.14635
-5.16332
-5.1798
-5.1939
-5.20195
-5.20247
-5.19661
-5.18326
-5.16357
-5.13818
-5.11134
-5.08709
-5.06478
-5.04795
-5.03395
-5.01979
-5.00741
-4.99983
-4.99984
-5.00657
-5.01825
-5.03224
-5.0471
-5.06428
-5.08391
-5.10649
-5.13329
-5.16009
-5.1839
-5.20261
-5.21533
-5.22348
-5.22853
-5.23069
-5.22958
-5.22545
-5.21623
-5.20156
-5.18111
-5.1538
-5.12384
-5.0962
-5.07349
-5.05597
-5.04336
-5.02911
-5.01139
-4.98804
-4.96413
-4.94226
-4.92434
-4.914
-4.90966
-4.90945
-4.91183
-4.91558
-4.91939
-4.92286
-4.92655
-4.92893
-4.93243
-4.94067
-4.95278
-4.9688
-4.98623
-5.00435
-5.02135
-5.03476
-5.04448
-5.04882
-5.05081
-5.04684
-5.04032
-5.03188
-5.02292
-5.01629
-5.01423
-5.01866
-5.0296
-5.0428
-5.05568
-5.06206
-5.0605
-5.05158
-5.03771
-5.0245
-5.01758
-5.02108
-5.03359
-5.05086
-5.0637
-5.06901
-5.06616
-5.0579
-5.04798
-5.03927
-5.03479
-5.03604
-5.03995
-5.04575
-5.05156
-5.05731
-5.06391
-5.06845
-5.07043
-5.06982
-5.06499
-5.06105
-5.05404
-5.04665
-5.03762
-5.02763
-5.01703
-5.00587
-4.99381
-4.98462
-4.98184
-4.98902
-5.00573
-5.03067
-5.05935
-5.0882
-5.1108
-5.12693
-5.13318
-5.13039
-5.11732
-5.09479
-5.06711
-5.03789
-5.00908
-4.98818
-4.97733
-4.97414
-4.97895
-4.98884
-4.99994
-5.00815
-5.01331
-5.01498
-5.01539
-5.01728
-5.02116
-5.02765
-5.03357
-5.03956
-5.04452
-5.04778
-5.05251
-5.05734
-5.06353
-5.07016
-5.07523
-5.07871
-5.07867
-5.07596
-5.07257
-5.0708
-5.07278
-5.08032
-5.09197
-5.10442
-5.11809
-5.12877
-5.13384
-5.1306
-5.11487
-5.08853
-5.05216
-5.01477
-4.98303
-4.96241
-4.95534
-4.96326
-4.97876
-4.99974
-5.02057
-5.03479
-5.03981
-5.03075
-5.01089
-4.98181
-4.95083
-4.92521
-4.90937
-4.90572
-4.91656
-4.93907
-4.9672
-4.99642
-5.02322
-5.04643
-5.06522
-5.07914
-5.08695
-5.08624
-5.07488
-5.05505
-5.02721
-4.99729
-4.97111
-4.95503
-4.95027
-4.95496
-4.96661
-4.97734
-4.98375
-4.98571
-4.9822
-4.97552
-4.9708
-4.96787
-4.97053
-4.9735
-4.97328
-4.96837
-4.95889
-4.94716
-4.93735
-4.9314
-4.93374
-4.94439
-4.96249
-4.98632
-5.01528
-5.04549
-5.07324
-5.09605
-5.11408
-5.12736
-5.13627
-5.14185
-5.14455
-5.14312
-5.13595
-5.1224
-5.10513
-5.08293
-5.0581
-5.03571
-5.01864
-5.00854
-5.00712
-5.00922
-5.01385
-5.01382
-5.00984
-5.00296
-4.99243
-4.98198
-4.97314
-4.96665
-4.96303
-4.96348
-4.96321
-4.96201
-4.96102
-4.96046
-4.96041
-4.96217
-4.96559
-4.97059
-4.97704
-4.98183
-4.9844
-4.98915
-4.99613
-5.00981
-5.02745
-5.04634
-5.0621
-5.07252
-5.07509
-5.07084
-5.06244
-5.0526
-5.04106
-5.0281
-5.01144
-4.99139
-4.9679
-4.94402
-4.9208
-4.90082
-4.88759
-4.88089
-4.88006
-4.88286
-4.88954
-4.90068
-4.91693
-4.93855
-4.96453
-4.99033
-5.01243
-5.02869
-5.03741
-5.0376
-5.03193
-5.02118
-5.00895
-4.99621
-4.98773
-4.98319
-4.98535
-4.99398
-5.00945
-5.03117
-5.0561
-5.083
-5.10686
-5.12715
-5.14197
-5.15301
-5.16469
-5.17697
-5.19417
-5.21149
-5.22696
-5.23921
-5.24563
-5.24727
-5.24404
-5.23799
-5.23013
-5.22138
-5.21206
-5.20506
-5.19733
-5.1877
-5.17517
-5.1609
-5.14266
-5.12177
-5.1005
-5.07808
-5.05741
-5.03743
-5.01753
-4.9974
-4.97676
-4.95659
-4.93978
-4.92973
-4.92895
-4.93752
-4.95562
-4.97965
-5.00579
-5.02999
-5.04946
-5.06307
-5.06653
-5.06107
-5.04925
-5.03046
-5.00959
-4.9895
-4.96983
-4.95344
-4.93927
-4.92751
-4.91789
-4.91165
-4.9084
-4.90844
-4.91441
-4.92765
-4.94624
-4.9713
-4.99948
-5.02873
-5.05828
-5.08692
-5.11241
-5.1326
-5.14666
-5.15803
-5.16513
-5.17201
-5.18003
-5.18695
-5.18927
-5.1878
-5.18021
-5.16757
-5.15254
-5.13514
-5.11711
-5.09912
-5.0806
-5.06102
-5.04046
-5.01901
-4.99868
-4.98297
-4.97448
-4.9755
-4.98665
-5.00612
-5.03357
-5.06601
-5.09818
-5.12778
-5.15135
-5.17104
-5.18451
-5.1916
-5.19618
-5.19804
-5.19403
-5.18487
-5.16739
-5.14235
-5.11054
-5.0719
-5.0318
-4.99363
-4.96109
-4.9373
-4.92278
-4.91644
-4.91622
-4.92263
-4.93377
-4.95252
-4.97306
-4.99311
-5.0124
-5.02401
-5.02757
-5.02187
-5.00696
-4.98415
-4.95638
-4.92943
-4.90783
-4.89587
-4.89537
-4.9038
-4.92178
-4.9474
-4.98237
-5.02576
-5.07619
-5.12474
-5.16555
-5.19396
-5.20432
-5.1965
-5.1722
-5.13404
-5.08869
-5.04704
-5.0159
-5.00047
-4.99739
-5.00135
-5.0047
-5.00603
-5.00614
-5.00438
-5.00124
-4.99967
-5.00121
-5.00639
-5.01545
-5.0281
-5.04213
-5.05241
-5.05484
-5.04883
-5.03857
-5.02639
-5.01721
-5.00988
-5.00526
-5.00081
-4.99307
-4.98028
-4.96416
-4.94578
-4.92868
-4.91711
-4.91274
-4.9156
-4.92302
-4.93124
-4.93981
-4.95013
-4.9638
-4.98176
-5.00161
-5.02138
-5.03575
-5.04368
-5.0444
-5.03713
-5.0296
-5.02531
-5.02518
-5.0314
-5.04633
-5.0674
-5.09252
-5.11927
-5.14427
-5.1645
-5.17704
-5.17751
-5.16606
-5.14532
-5.12077
-5.09504
-5.07018
-5.04612
-5.02435
-5.00618
-4.9913
-4.98113
-4.97771
-4.9788
-4.98429
-4.99258
-5.0016
-5.01063
-5.0179
-5.02384
-5.02566
-5.02515
-5.02335
-5.01927
-5.01584
-5.01193
-5.00842
-5.0069
-5.00735
-5.01031
-5.01471
-5.01956
-5.02431
-5.02938
-5.03217
-5.03432
-5.03434
-5.03351
-5.03448
-5.03372
-5.03138
-5.02576
-5.0153
-5.00494
-4.99512
-4.98806
-4.9825
-4.97959
-4.97456
-4.96776
-4.9576
-4.94316
-4.92953
-4.91872
-4.91541
-4.91936
-4.92677
-4.93796
-4.94758
-4.95259
-4.95425
-4.95394
-4.95505
-4.95839
-4.96497
-4.97865
-4.99534
-5.01516
-5.03337
-5.04972
-5.06169
-5.07083
-5.07663
-5.07971
-5.08059
-5.07995
-5.07803
-5.07289
-5.06691
-5.05935
-5.05038
-5.04071
-5.03128
-5.0239
-5.01732
-5.01397
-5.01388
-5.01745
-5.02728
-5.03774
-5.05126
-5.06449
-5.07766
-5.0872
-5.09304
-5.09479
-5.0921
-5.08491
-5.07217
-5.05374
-5.03215
-5.01027
-4.98725
-4.96896
-4.95786
-4.95468
-4.96171
-4.97822
-5.00188
-5.02916
-5.05592
-5.07846
-5.09459
-5.1063
-5.11255
-5.11475
-5.11395
-5.11065
-5.1044
-5.09443
-5.07767
-5.05668
-5.03361
-5.00988
-4.9882
-4.96932
-4.9573
-4.94927
-4.94704
-4.95107
-4.96213
-4.98047
-5.00231
-5.02625
-5.04288
-5.05276
-5.05348
-5.04328
-5.02282
-4.99693
-4.97264
-4.96005
-4.96369
-4.9805
-5.00388
-5.02879
-5.05022
-5.0692
-5.08437
-5.09727
-5.10535
-5.10924
-5.10647
-5.09633
-5.08025
-5.06299
-5.04623
-5.03225
-5.02261
-5.01602
-5.01129
-5.00653
-5.00213
-4.99903
-4.99902
-5.00091
-5.00493
-5.01049
-5.01722
-5.02654
-5.03724
-5.04961
-5.06322
-5.07846
-5.09261
-5.1021
-5.10494
-5.09981
-5.08903
-5.07423
-5.05718
-5.04284
-5.03195
-5.02364
-5.0162
-5.00776
-4.99779
-4.98895
-4.98138
-4.97686
-4.97569
-4.97914
-4.98704
-5.00004
-5.01635
-5.0346
-5.05176
-5.06496
-5.07183
-5.0747
-5.07264
-5.06929
-5.06545
-5.06488
-5.06781
-5.07446
-5.08455
-5.09718
-5.10749
-5.11215
-5.10867
-5.09489
-5.07376
-5.04699
-5.02111
-5.00235
-4.99375
-4.99418
-4.99982
-5.00416
-5.00611
-5.00454
-4.99998
-4.99499
-4.99256
-4.99668
-5.00556
-5.01716
-5.03165
-5.04568
-5.06028
-5.07356
-5.08616
-5.09704
-5.10818
-5.11951
-5.13041
-5.14072
-5.15116
-5.1597
-5.16729
-5.17398
-5.17851
-5.18185
-5.18712
-5.19234
-5.19798
-5.20073
-5.20205
-5.19716
-5.18788
-5.17359
-5.15625
-5.13723
-5.11975
-5.10203
-5.08571
-5.06678
-5.04702
-5.02575
-5.00163
-4.97878
-4.95928
-4.94451
-4.93619
-4.93371
-4.93723
-4.94404
-4.95351
-4.96587
-4.98118
-5.00119
-5.02368
-5.04552
-5.06831
-5.0865
-5.10078
-5.10832
-5.11031
-5.10756
-5.10106
-5.09074
-5.07591
-5.05937
-5.04073
-5.02306
-5.00932
-5.00333
-5.00335
-5.01145
-5.02501
-5.0424
-5.06074
-5.07616
-5.08724
-5.09278
-5.09953
-5.10832
-5.12028
-5.13722
-5.15448
-5.16776
-5.17273
-5.16636
-5.15139
-5.12743
-5.10065
-5.07354
-5.04983
-5.03239
-5.02186
-5.01849
-5.01995
-5.0227
-5.02672
-5.03189
-5.03755
-5.04555
-5.05208
-5.05751
-5.05988
-5.05789
-5.05342
-5.04613
-5.03772
-5.03016
-5.02451
-5.02106
-5.02
-5.02152
-5.02216
-5.02363
-5.02208
-5.01919
-5.01422
-5.0096
-5.00557
-5.00424
-5.00571
-5.01147
-5.01898
-5.02425
-5.02484
-5.01959
-5.00808
-4.99017
-4.96754
-4.94535
-4.92445
-4.90653
-4.89392
-4.88722
-4.88972
-4.90045
-4.91699
-4.93598
-4.95739
-4.9769
-4.99301
-5.00419
-5.01252
-5.01714
-5.01797
-5.01407
-5.00401
-4.98803
-4.96793
-4.94392
-4.919
-4.89617
-4.87767
-4.86761
-4.86787
-4.87655
-4.89419
-4.91681
-4.93923
-4.95867
-4.97321
-4.98416
-4.99134
-4.99777
-5.00369
-5.01127
-5.02301
-5.03621
-5.04982
-5.06085
-5.06967
-5.07346
-5.07374
-5.06792
-5.05762
-5.04338
-5.02536
-5.00532
-4.9857
-4.96595
-4.95036
-4.93624
-4.92698
-4.91768
-4.91097
-4.9057
-4.90001
-4.89454
-4.88815
-4.88112
-4.87646
-4.87746
-4.88306
-4.89328
-4.90625
-4.92097
-4.93622
-4.94792
-4.95684
-4.96302
-4.96708
-4.97027
-4.97037
-4.96754
-4.96268
-4.95416
-4.9451
-4.94018
-4.93981
-4.94809
-4.96519
-4.98757
-5.01375
-5.036
-5.05214
-5.06103
-5.06011
-5.05087
-5.03349
-5.00911
-4.9801
-4.94915
-4.91975
-4.89699
-4.8832
-4.88262
-4.89426
-4.91311
-4.93232
-4.94723
-4.95719
-4.96343
-4.9692
-4.97334
-4.97486
-4.97213
-4.96482
-4.95507
-4.94357
-4.93247
-4.92128
-4.91218
-4.90461
-4.89512
-4.88513
-4.87594
-4.87073
-4.87392
-4.88673
-4.90769
-4.93339
-4.95572
-4.97108
-4.9767
-4.97678
-4.97466
-4.97684
-4.98697
-5.00471
-5.02889
-5.05842
-5.08691
-5.11246
-5.1338
-5.1507
-5.16197
-5.16856
-5.17097
-5.16991
-5.16468
-5.15544
-5.14539
-5.13309
-5.12053
-5.10821
-5.09335
-5.07582
-5.05488
-5.02985
-5.00252
-4.97465
-4.95103
-4.9359
-4.93037
-4.93707
-4.95363
-4.97837
-5.00804
-5.03891
-5.06622
-5.08619
-5.09471
-5.08917
-5.07245
-5.04297
-5.00448
-4.96163
-4.92046
-4.89023
-4.87637
-4.87709
-4.89075
-4.9126
-4.94182
-4.97518
-5.00917
-5.04188
-5.07092
-5.0887
-5.0963
-5.09309
-5.08385
-5.07101
-5.05834
-5.04837
-5.04056
-5.03531
-5.03138
-5.02942
-5.02983
-5.03351
-5.04276
-5.05705
-5.07539
-5.09739
-5.12144
-5.14271
-5.1629
-5.17732
-5.18364
-5.18402
-5.17457
-5.15982
-5.14105
-5.11962
-5.09556
-5.07215
-5.04753
-5.02345
-4.99804
-4.97156
-4.94646
-4.92304
-4.90558
-4.89579
-4.89747
-4.9098
-4.933
-4.96499
-5.00246
-5.03944
-5.07452
-5.10441
-5.12844
-5.14332
-5.15481
-5.16013
-5.16173
-5.16302
-5.16258
-5.16085
-5.15989
-5.16009
-5.15547
-5.14757
-5.13175
-5.10795
-5.07496
-5.03514
-4.99233
-4.95195
-4.92007
-4.90593
-4.91017
-4.93482
-4.97399
-5.02024
-5.06479
-5.0997
-5.12288
-5.13551
-5.13425
-5.12572
-5.10921
-5.09015
-5.06932
-5.05209
-5.03547
-5.01958
-5.00524
-4.99263
-4.98513
-4.98292
-4.98745
-4.99545
-5.00741
-5.01889
-5.02652
-5.0299
-5.02841
-5.02384
-5.01608
-5.00467
-4.99544
-4.99086
-4.99185
-4.99545
-4.99786
-5.00028
-5.00417
-5.01327
-5.02693
-5.03829
-5.04514
-5.04151
-5.02574
-4.99951
-4.96869
-4.9444
-4.93202
-4.93782
-4.95698
-4.98221
-5.00977
-5.03471
-5.05623
-5.07349
-5.08404
-5.09142
-5.0954
-5.09534
-5.0917
-5.08287
-5.06821
-5.04978
-5.03097
-5.01547
-5.00929
-5.01145
-5.01942
-5.03049
-5.04158
-5.05004
-5.05119
-5.04667
-5.03815
-5.02595
-5.0145
-5.00643
-5.00172
-5.00336
-5.00808
-5.01319
-5.01723
-5.01777
-5.01478
-5.00865
-5.00471
-5.00566
-5.0146
-5.02746
-5.04272
-5.05397
-5.05825
-5.05286
-5.04186
-5.02593
-5.00744
-4.98969
-4.96982
-4.95081
-4.93332
-4.91757
-4.90783
-4.90759
-4.9147
-4.93128
-4.95465
-4.98114
-5.00671
-5.02787
-5.04334
-5.05221
-5.05596
-5.05348
-5.04552
-5.03212
-5.01414
-4.99155
-4.96699
-4.94139
-4.91949
-4.9044
-4.89593
-4.89954
-4.91011
-4.92626
-4.94517
-4.96307
-4.97892
-4.99247
-5.00437
-5.01494
-5.02517
-5.035
-5.04433
-5.05128
-5.05629
-5.05913
-5.05859
-5.05521
-5.05157
-5.04783
-5.04719
-5.04897
-5.05349
-5.05714
-5.06213
-5.06451
-5.06402
-5.06079
-5.05678
-5.05326
-5.0525
-5.05413
-5.05618
-5.05817
-5.05952
-5.06163
-5.0638
-5.06653
-5.06871
-5.06848
-5.06371
-5.05278
-5.03614
-5.01579
-4.99429
-4.97475
-4.95963
-4.9476
-4.93702
-4.92673
-4.91744
-4.91059
-4.90899
-4.91663
-4.93285
-4.95573
-4.98066
-5.00446
-5.02473
-5.03945
-5.05236
-5.06216
-5.07165
-5.07848
-5.08478
-5.09284
-5.09982
-5.10413
-5.103
-5.09434
-5.07709
-5.05166
-5.02081
-4.98815
-4.95702
-4.93058
-4.91038
-4.89996
-4.90033
-4.91543
-4.94173
-4.97393
-5.00591
-5.03048
-5.04759
-5.05648
-5.05679
-5.05083
-5.03952
-5.02487
-5.00724
-4.98928
-4.97179
-4.95851
-4.94749
-4.94251
-4.94123
-4.94398
-4.95045
-4.96013
-4.97443
-4.99158
-5.01136
-5.03122
-5.04862
-5.06319
-5.07176
-5.07422
-5.07271
-5.06855
-5.06473
-5.0613
-5.06014
-5.06062
-5.06503
-5.0736
-5.08406
-5.09468
-5.1061
-5.11928
-5.13231
-5.146
-5.1584
-5.16756
-5.17273
-5.17419
-5.17268
-5.16924
-5.16506
-5.16159
-5.15951
-5.15898
-5.15989
-5.16205
-5.16088
-5.15991
-5.15722
-5.15265
-5.1482
-5.14241
-5.13896
-5.13339
-5.12782
-5.1226
-5.11722
-5.11249
-5.10939
-5.10868
-5.11258
-5.12112
-5.1341
-5.14997
-5.16913
-5.18493
-5.19342
-5.19601
-5.1889
-5.1747
-5.15392
-5.12777
-5.09796
-5.0679
-5.04077
-5.01862
-5.00173
-4.99278
-4.9952
-5.00964
-5.03258
-5.06302
-5.0962
-5.12598
-5.15114
-5.17193
-5.18693
-5.19521
-5.19908
-5.19607
-5.19022
-5.1784
-5.1646
-5.14702
-5.132
-5.12192
-5.121
-5.13181
-5.1538
-5.18574
-5.22159
-5.25353
-5.27552
-5.28683
-5.28444
-5.27152
-5.24807
-5.21857
-5.18369
-5.14421
-5.10442
-5.06792
-5.03557
-5.0125
-4.99772
-4.99273
-4.99575
-5.00341
-5.01271
-5.01852
-5.01882
-5.01412
-5.00903
-5.00562
-5.00729
-5.01692
-5.03356
-5.05205
-5.06924
-5.08226
-5.08596
-5.08284
-5.0725
-5.05745
-5.03993
-5.02461
-5.01477
-5.00869
-5.00912
-5.01286
-5.01407
-5.01247
-5.00389
-4.98873
-4.9709
-4.95337
-4.93966
-4.93317
-4.93198
-4.93289
-4.93446
-4.93409
-4.93445
-4.93178
-4.92798
-4.9218
-4.91378
-4.90631
-4.89807
-4.8921
-4.89335
-4.90461
-4.92526
-4.95484
-4.98881
-5.0245
-5.05771
-5.08698
-5.1093
-5.12442
-5.13244
-5.13204
-5.12327
-5.10788
-5.08489
-5.0581
-5.02781
-4.99701
-4.96608
-4.93512
-4.90448
-4.87483
-4.8497
-4.83479
-4.83748
-4.8607
-4.90193
-4.9518
-4.99827
-5.03625
-5.0627
-5.08073
-5.09321
-5.10174
-5.1095
-5.11673
-5.12327
-5.12984
-5.13688
-5.14482
-5.14977
-5.15394
-5.15714
-5.1605
-5.16259
-5.16411
-5.16496
-5.16382
-5.15768
-5.14619
-5.13234
-5.11529
-5.09589
-5.07692
-5.06054
-5.04834
-5.03816
-5.02904
-5.02062
-5.01217
-5.00423
-4.99961
-4.99671
-4.99512
-4.99416
-4.99477
-4.9979
-5.00277
-5.01146
-5.02638
-5.04553
-5.06702
-5.08623
-5.10155
-5.10995
-5.11092
-5.10566
-5.09304
-5.0763
-5.05752
-5.03839
-5.02382
-5.01563
-5.01641
-5.02755
-5.0481
-5.07602
-5.11077
-5.14586
-5.17955
-5.20619
-5.22489
-5.2341
-5.23546
-5.2268
-5.21048
-5.18821
-5.16141
-5.1361
-5.11657
-5.10466
-5.09884
-5.09728
-5.09719
-5.09819
-5.10073
-5.10258
-5.10673
-5.11034
-5.11515
-5.12071
-5.12761
-5.13562
-5.14635
-5.15812
-5.17374
-5.19089
-5.20746
-5.22351
-5.23423
-5.23878
-5.23561
-5.22572
-5.2076
-5.18547
-5.16263
-5.144
-5.13022
-5.12101
-5.11131
-5.10193
-5.09093
-5.07692
-5.05891
-5.03683
-5.01002
-4.98062
-4.95167
-4.93021
-4.92077
-4.92432
-4.94013
-4.96444
-4.99494
-5.02555
-5.05442
-5.07766
-5.09435
-5.10539
-5.11224
-5.11829
-5.12402
-5.12979
-5.13509
-5.13824
-5.13667
-5.13041
-5.11982
-5.10586
-5.09131
-5.07573
-5.06193
-5.05232
-5.04659
-5.04494
-5.0475
-5.05706
-5.07223
-5.09029
-5.11118
-5.13196
-5.14757
-5.15786
-5.15935
-5.15309
-5.13857
-5.12024
-5.09691
-5.07354
-5.05071
-5.0328
-5.02081
-5.01192
-5.00667
-5.00133
-4.99655
-4.99016
-4.98356
-4.97525
-4.96339
-4.95014
-4.93647
-4.92571
-4.91739
-4.91533
-4.92236
-4.93834
-4.96097
-4.98812
-5.01549
-5.03902
-5.05476
-5.0657
-5.06798
-5.07065
-5.07647
-5.09038
-5.10976
-5.13183
-5.14856
-5.15807
-5.15919
-5.15028
-5.13159
-5.10614
-5.07457
-5.04242
-5.01291
-4.98838
-4.97211
-4.96405
-4.96481
-4.97282
-4.98027
-4.98523
-4.98383
-4.97269
-4.95481
-4.93367
-4.91226
-4.89369
-4.88056
-4.87635
-4.88186
-4.89438
-4.91313
-4.93661
-4.95939
-4.97908
-4.99328
-5.00039
-5.00066
-4.99752
-4.99065
-4.98205
-4.97645
-4.97254
-4.97318
-4.97763
-4.98547
-4.9958
-5.00853
-5.02231
-5.03611
-5.04813
-5.05857
-5.06881
-5.07682
-5.08403
-5.08676
-5.08501
-5.07666
-5.06274
-5.04241
-5.01702
-4.98779
-4.95698
-4.93375
-4.92397
-4.93152
-4.95063
-4.97033
-4.98201
-4.98511
-4.98156
-4.97701
-4.97731
-4.98534
-4.99889
-5.01348
-5.02499
-5.02857
-5.0239
-5.01206
-4.99619
-4.98388
-4.98142
-4.99093
-5.0163
-5.05177
-5.09353
-5.13254
-5.16191
-5.17828
-5.18086
-5.16866
-5.14297
-5.10814
-5.06875
-5.03359
-5.00875
-4.998
-4.99894
-5.00962
-5.02294
-5.03705
-5.04853
-5.05579
-5.05782
-5.05411
-5.04344
-5.02725
-5.00641
-4.98352
-4.96017
-4.93889
-4.92067
-4.90806
-4.90548
-4.91192
-4.92637
-4.94774
-4.97197
-4.99428
-5.01306
-5.02866
-5.04008
-5.05005
-5.0565
-5.06128
-5.06199
-5.05822
-5.05078
-5.04025
-5.02737
-5.01372
-4.9973
-4.97948
-4.9617
-4.94542
-4.93183
-4.92365
-4.92072
-4.92441
-4.9353
-4.95094
-4.96973
-4.99051
-5.01376
-5.03787
-5.0617
-5.08151
-5.09524
-5.09978
-5.09536
-5.08014
-5.05563
-5.02822
-5.00169
-4.98036
-4.96549
-4.95405
-4.94464
-4.93351
-4.92013
-4.9062
-4.89163
-4.87888
-4.871
-4.86951
-4.87696
-4.89161
-4.91579
-4.94404
-4.97427
-5.00281
-5.02951
-5.05096
-5.06628
-5.07584
-5.07814
-5.0765
-5.06742
-5.05269
-5.03466
-5.01564
-4.9985
-4.98685
-4.98266
-4.9868
-4.99939
-5.02116
-5.04802
-5.07381
-5.09692
-5.114
-5.12072
-5.12111
-5.11546
-5.10865
-5.10127
-5.09934
-5.10252
-5.11242
-5.12596
-5.13951
-5.15086
-5.1566
-5.15426
-5.14623
-5.13969
-5.13704
-5.14305
-5.15112
-5.15793
-5.16266
-5.1639
-5.16173
-5.15695
-5.15214
-5.14944
-5.14842
-5.14976
-5.14883
-5.14371
-5.13239
-5.11528
-5.09563
-5.07688
-5.0587
-5.04852
-5.04599
-5.04704
-5.0505
-5.05466
-5.05582
-5.0546
-5.04873
-5.03822
-5.02482
-5.00829
-4.99068
-4.97209
-4.95741
-4.94622
-4.9382
-4.93364
-4.9324
-4.93395
-4.93698
-4.94216
-4.95136
-4.96413
-4.98056
-4.99958
-5.01453
-5.02549
-5.02909
-5.02912
-5.03004
-5.03129
-5.03327
-5.03455
-5.03288
-5.02351
-5.00606
-4.98464
-4.95979
-4.93712
-4.91778
-4.90649
-4.90169
-4.90369
-4.91081
-4.92424
-4.9399
-4.95846
-4.97726
-4.99274
-5.00249
-5.00588
-5.00232
-4.99813
-4.9959
-4.99968
-5.00824
-5.02029
-5.03526
-5.04949
-5.06074
-5.07012
-5.07789
-5.08347
-5.08646
-5.0864
-5.08343
-5.07795
-5.06919
-5.05992
-5.05079
-5.04225
-5.0316
-5.01864
-5.00241
-4.98709
-4.9751
-4.96924
-4.96874
-4.9761
-4.98826
-5.00506
-5.021
-5.03624
-5.05032
-5.06292
-5.07584
-5.09155
-5.1076
-5.12193
-5.1294
-5.1261
-5.11247
-5.08921
-5.06294
-5.03685
-5.01295
-4.99425
-4.98232
-4.97526
-4.9714
-4.97044
-4.96948
-4.9695
-4.96976
-4.97053
-4.97161
-4.97323
-4.97655
-4.98149
-4.98461
-4.98745
-4.98987
-4.99051
-4.99036
-4.98729
-4.98154
-4.97312
-4.96323
-4.95356
-4.94482
-4.94007
-4.9389
-4.94227
-4.95532
-4.9754
-5.00041
-5.02626
-5.04606
-5.05906
-5.06278
-5.06126
-5.05785
-5.05295
-5.05098
-5.05206
-5.05379
-5.05707
-5.05791
-5.05461
-5.04748
-5.0349
-5.0193
-5.002
-4.98498
-4.96825
-4.95457
-4.94493
-4.94161
-4.9481
-4.96482
-4.99256
-5.02895
-5.07107
-5.11326
-5.15156
-5.18341
-5.2069
-5.22258
-5.23109
-5.2315
-5.22662
-5.21504
-5.201
-5.184
-5.16641
-5.14777
-5.13119
-5.1187
-5.11126
-5.11069
-5.11493
-5.12255
-5.13099
-5.14144
-5.15032
-5.15641
-5.16217
-5.1641
-5.16276
-5.15859
-5.15011
-5.14018
-5.12877
-5.11914
-5.11604
-5.11841
-5.12537
-5.13426
-5.14166
-5.14498
-5.14556
-5.14461
-5.14059
-5.13528
-5.1288
-5.1217
-5.11411
-5.10051
-5.08553
-5.06707
-5.05058
-5.04092
-5.03975
-5.05174
-5.07208
-5.09655
-5.119
-5.13534
-5.14434
-5.14245
-5.13456
-5.12176
-5.10787
-5.09473
-5.08348
-5.0761
-5.07202
-5.06793
-5.06097
-5.05325
-5.04499
-5.03981
-5.04075
-5.05079
-5.06658
-5.08587
-5.10213
-5.11455
-5.12
-5.12091
-5.1222
-5.12536
-5.13164
-5.14316
-5.15553
-5.16309
-5.16334
-5.15635
-5.14609
-5.13372
-5.12023
-5.1073
-5.09172
-5.07385
-5.05341
-5.03196
-5.01149
-4.99607
-4.98671
-4.98146
-4.97493
-4.96209
-4.94508
-4.92404
-4.90466
-4.89095
-4.88439
-4.88663
-4.89429
-4.90668
-4.92462
-4.9457
-4.96729
-4.98828
-5.00802
-5.02684
-5.04431
-5.06094
-5.08162
-5.10347
-5.12523
-5.14612
-5.16258
-5.17563
-5.18327
-5.18707
-5.18756
-5.18481
-5.17997
-5.16927
-5.14736
-5.11497
-5.07292
-5.03126
-4.99499
-4.97038
-4.95446
-4.94502
-4.94193
-4.94396
-4.95255
-4.96383
-4.97687
-4.99075
-5.00413
-5.01948
-5.03672
-5.05603
-5.07576
-5.09438
-5.10923
-5.1205
-5.12953
-5.13622
-5.14052
-5.14393
-5.147
-5.15014
-5.15232
-5.15403
-5.15585
-5.15967
-5.16386
-5.16737
-5.16932
-5.16734
-5.15974
-5.14457
-5.12373
-5.09933
-5.07446
-5.0509
-5.03205
-5.01862
-5.00923
-5.00487
-5.00172
-5.00142
-5.00331
-5.00775
-5.01536
-5.02654
-5.04021
-5.0571
-5.07215
-5.08282
-5.08481
-5.07988
-5.06806
-5.05304
-5.03881
-5.02795
-5.02049
-5.01931
-5.02001
-5.02206
-5.02428
-5.02457
-5.02298
-5.02258
-5.02412
-5.02852
-5.03293
-5.03578
-5.03488
-5.02899
-5.01831
-5.00392
-4.98813
-4.97081
-4.95344
-4.93734
-4.92384
-4.91549
-4.91513
-4.92082
-4.93413
-4.95373
-4.97691
-5.001
-5.02376
-5.04498
-5.06204
-5.0769
-5.08925
-5.09979
-5.10978
-5.11782
-5.12335
-5.12482
-5.12259
-5.11748
-5.11272
-5.10922
-5.10627
-5.10415
-5.0992
-5.09096
-5.08025
-5.07123
-5.0636
-5.06017
-5.05902
-5.06048
-5.06187
-5.06465
-5.06566
-5.06548
-5.06747
-5.07095
-5.07534
-5.07932
-5.08059
-5.07751
-5.0746
-5.07208
-5.06998
-5.07143
-5.07085
-5.06788
-5.05889
-5.04331
-5.02086
-4.99591
-4.97172
-4.95231
-4.93883
-4.93151
-4.92955
-4.93298
-4.94253
-4.96017
-4.9818
-5.00439
-5.02448
-5.03925
-5.04715
-5.04794
-5.03979
-5.0261
-5.00803
-4.98961
-4.97604
-4.97016
-4.97634
-4.99056
-5.01032
-5.0305
-5.04745
-5.05979
-5.06636
-5.06809
-5.06656
-5.06395
-5.05939
-5.05591
-5.05496
-5.05287
-5.04751
-5.03807
-5.02552
-5.01188
-4.99854
-4.98731
-4.9788
-4.97552
-4.97518
-4.98134
-4.99166
-5.00637
-5.02488
-5.04461
-5.06286
-5.07731
-5.08644
-5.08605
-5.07677
-5.05999
-5.03881
-5.01656
-4.99477
-4.97369
-4.95551
-4.94339
-4.9383
-4.93876
-4.94575
-4.95824
-4.97337
-4.98947
-5.00814
-5.02568
-5.04219
-5.05492
-5.06489
-5.06938
-5.06888
-5.06588
-5.06023
-5.05238
-5.04113
-5.02727
-5.00996
-4.99304
-4.97814
-4.96543
-4.95651
-4.95148
-4.95032
-4.95286
-4.95847
-4.96867
-4.98098
-4.99278
-5.0027
-5.00944
-5.01128
-5.00991
-5.0072
-5.00619
-5.00818
-5.01699
-5.03327
-5.05441
-5.07703
-5.10101
-5.12162
-5.141
-5.15793
-5.17044
-5.17871
-5.17834
-5.16969
-5.15364
-5.13188
-5.10537
-5.07997
-5.05709
-5.03924
-5.02771
-5.02159
-5.01931
-5.01777
-5.01712
-5.01492
-5.00976
-5.00187
-4.98951
-4.97579
-4.95853
-4.93964
-4.91933
-4.90039
-4.88268
-4.86656
-4.85289
-4.84391
-4.84384
-4.8545
-4.87632
-4.90791
-4.94214
-4.97473
-5.0007
-5.02042
-5.03106
-5.03654
-5.0373
-5.03622
-5.0346
-5.03127
-5.02573
-5.01389
-4.99729
-4.98029
-4.9678
-4.96456
-4.97192
-4.98966
-5.014
-5.04241
-5.07183
-5.09921
-5.12003
-5.13298
-5.13534
-5.12539
-5.10363
-5.07538
-5.04149
-5.00637
-4.97622
-4.95331
-4.9408
-4.94013
-4.94927
-4.96432
-4.9812
-4.99525
-5.00761
-5.01743
-5.02735
-5.03815
-5.05054
-5.06436
-5.07661
-5.08486
-5.08896
-5.08829
-5.08356
-5.076
-5.06573
-5.05628
-5.04527
-5.03299
-5.01791
-4.9986
-4.97979
-4.9653
-4.9614
-4.97089
-4.9935
-5.02242
-5.05202
-5.07898
-5.09846
-5.11355
-5.12386
-5.12956
-5.13198
-5.1319
-5.13005
-5.12916
-5.12754
-5.12568
-5.12399
-5.12174
-5.11911
-5.11326
-5.1055
-5.09523
-5.08109
-5.06016
-5.0331
-5.00292
-4.97627
-4.95993
-4.9591
-4.97307
-4.99566
-5.024
-5.0503
-5.07342
-5.09266
-5.10687
-5.11647
-5.12267
-5.12574
-5.12844
-5.13128
-5.13344
-5.13298
-5.12966
-5.11955
-5.10578
-5.08791
-5.06923
-5.05025
-5.03162
-5.01705
-5.00854
-5.00791
-5.02008
-5.04181
-5.07052
-5.10164
-5.12967
-5.15047
-5.16357
-5.16587
-5.16051
-5.14808
-5.13061
-5.11498
-5.10615
-5.10225
-5.1044
-5.10834
-5.11081
-5.10994
-5.10379
-5.08981
-5.06973
-5.04489
-5.01855
-4.99691
-4.98264
-4.97876
-4.98348
-4.99174
-5.00117
-5.00663
-5.00878
-5.00742
-5.00159
-4.9933
-4.98073
-4.96509
-4.94982
-4.93434
-4.92381
-4.92252
-4.92964
-4.94427
-4.96451
-4.98906
-5.0149
-5.03889
-5.0586
-5.07203
-5.07682
-5.07255
-5.05916
-5.04124
-5.02504
-5.016
-5.01714
-5.03208
-5.05406
-5.07948
-5.10171
-5.12024
-5.13065
-5.13268
-5.12947
-5.12129
-5.11093
-5.10054
-5.0912
-5.08614
-5.08216
-5.07697
-5.06849
-5.05705
-5.04519
-5.03564
-5.0272
-5.01867
-5.01356
-5.01078
-5.01417
-5.02339
-5.03629
-5.05103
-5.06275
-5.06985
-5.06828
-5.06009
-5.04653
-5.02786
-5.00735
-4.98998
-4.98005
-4.98141
-4.99479
-5.01676
-5.04167
-5.06382
-5.07999
-5.08519
-5.08327
-5.07393
-5.05898
-5.04138
-5.02652
-5.01593
-5.01231
-5.01241
-5.01559
-5.01915
-5.02105
-5.02252
-5.02573
-5.03173
-5.0415
-5.05506
-5.06945
-5.08361
-5.09536
-5.10429
-5.10867
-5.10861
-5.10448
-5.09751
-5.08526
-5.06898
-5.04819
-5.02447
-4.99675
-4.96518
-4.93022
-4.88813
-4.84412
-4.79803
-4.75816
-4.72823
-4.71328
-4.71625
-4.73565
-4.76538
-4.80101
-4.8324
-4.85731
-4.87395
-4.88142
-4.88229
-4.88094
-4.8787
-4.87939
-4.8829
-4.8924
-4.90868
-4.93564
-4.97194
-5.01669
-5.06807
-5.12085
-5.16896
-5.20831
-5.23719
-5.25328
-5.25665
-5.24702
-5.22807
-5.20066
-5.16859
-5.1355
-5.10439
-5.0768
-5.0532
-5.0374
-5.02679
-5.02111
-5.0207
-5.02243
-5.02406
-5.02162
-5.01353
-5.00088
-4.9831
-4.96224
-4.93956
-4.91553
-4.89251
-4.87157
-4.85456
-4.84265
-4.83788
-4.84436
-4.8614
-4.88538
-4.91416
-4.94174
-4.9669
-4.98921
-5.00905
-5.02484
-5.03769
-5.04573
-5.04958
-5.05214
-5.05622
-5.06137
-5.06847
-5.07681
-5.08521
-5.08937
-5.08844
-5.08208
-5.06966
-5.05148
-5.03155
-5.01123
-4.99402
-4.98192
-4.97721
-4.9791
-4.98775
-4.99914
-5.01039
-5.01788
-5.01946
-5.01505
-5.00626
-4.9931
-4.97974
-4.96921
-4.96664
-4.97217
-4.98462
-4.99907
-5.01117
-5.01545
-5.01258
-5.00441
-4.99304
-4.97962
-4.96773
-4.95816
-4.95273
-4.9524
-4.95644
-4.96331
-4.97179
-4.98383
-4.99794
-5.01396
-5.03399
-5.05265
-5.06732
-5.07638
-5.0799
-5.07784
-5.07349
-5.07086
-5.0731
-5.08147
-5.09281
-5.10736
-5.12044
-5.12888
-5.13171
-5.12888
-5.11709
-5.1007
-5.08563
-5.07245
-5.06453
-5.06229
-5.06201
-5.06401
-5.06539
-5.06591
-5.06477
-5.06428
-5.06511
-5.06654
-5.07258
-5.08124
-5.09108
-5.09731
-5.09808
-5.08984
-5.07269
-5.04642
-5.01473
-4.98331
-4.95592
-4.93898
-4.93738
-4.95435
-4.98619
-5.0265
-5.06916
-5.10786
-5.13837
-5.15875
-5.16703
-5.16633
-5.15543
-5.14295
-5.12779
-5.11316
-5.10125
-5.09362
-5.08732
-5.08367
-5.08005
-5.07423
-5.06619
-5.05322
-5.03375
-5.00912
-4.98119
-4.95468
-4.93227
-4.91779
-4.91103
-4.90908
-4.91049
-4.91477
-4.92231
-4.93405
-4.95085
-4.96969
-4.98705
-4.99514
-4.99507
-4.9878
-4.97881
-4.97304
-4.97773
-4.9943
-5.02172
-5.05575
-5.0897
-5.11688
-5.13384
-5.14089
-5.14102
-5.13538
-5.12741
-5.11808
-5.11072
-5.104
-5.09997
-5.09775
-5.09732
-5.09664
-5.09225
-5.08712
-5.08092
-5.07527
-5.07286
-5.07211
-5.07583
-5.08407
-5.092
-5.09774
-5.10038
-5.09822
-5.09351
-5.08832
-5.08621
-5.09169
-5.10245
-5.11509
-5.12739
-5.13619
-5.1405
-5.13842
-5.13015
-5.11226
-5.08776
-5.05666
-5.0235
-4.99108
-4.96449
-4.94718
-4.94071
-4.94164
-4.95078
-4.96361
-4.97821
-4.99153
-5.00151
-5.00868
-5.0136
-5.01551
-5.01655
-5.01414
-5.01017
-5.00392
-4.9968
-4.98913
-4.98443
-4.98202
-4.98376
-4.98925
-4.99819
-5.0123
-5.02661
-5.03998
-5.04891
-5.05058
-5.04728
-5.04005
-5.03152
-5.02644
-5.0242
-5.02484
-5.02798
-5.03367
-5.0396
-5.04673
-5.05257
-5.05856
-5.06231
-5.06518
-5.06625
-5.06507
-5.05963
-5.04736
-5.02924
-5.00542
-4.9786
-4.95357
-4.93431
-4.92423
-4.92531
-4.93571
-4.95096
-4.96582
-4.97739
-4.98657
-4.9927
-4.99687
-4.99909
-5.00038
-5.00084
-5.00022
-5.0015
-5.00302
-5.00297
-5.00244
-4.99672
-4.98485
-4.96403
-4.93848
-4.90845
-4.8792
-4.85052
-4.82855
-4.81677
-4.81814
-4.82925
-4.85123
-4.87709
-4.90176
-4.91989
-4.92966
-4.93191
-4.9281
-4.92222
-4.91528
-4.91187
-4.90896
-4.9089
-4.91408
-4.92332
-4.93812
-4.9563
-4.97494
-4.99427
-5.01394
-5.03157
-5.04528
-5.05617
-5.06135
-5.06373
-5.06415
-5.06592
-5.06671
-5.06898
-5.07297
-5.07817
-5.08215
-5.0824
-5.07751
-5.06749
-5.05319
-5.03311
-5.01148
-4.99177
-4.97472
-4.96489
-4.96143
-4.9623
-4.96343
-4.96397
-4.96134
-4.95548
-4.94734
-4.93884
-4.93296
-4.93435
-4.94534
-4.96255
-4.98507
-5.00857
-5.02632
-5.0367
-5.03809
-5.03385
-5.02628
-5.01732
-5.01006
-5.00553
-5.00351
-5.00594
-5.01226
-5.02528
-5.04636
-5.07349
-5.10494
-5.13674
-5.1667
-5.19042
-5.20706
-5.21541
-5.2199
-5.2161
-5.20541
-5.18736
-5.16049
-5.12813
-5.09165
-5.0543
-5.02064
-4.99686
-4.98551
-4.98569
-4.99098
-4.99758
-4.99873
-4.99533
-4.98813
-4.97628
-4.96422
-4.95038
-4.93931
-4.92923
-4.92561
-4.92989
-4.94462
-4.96907
-5.00265
-5.03894
-5.07161
-5.09851
-5.1144
-5.11973
-5.11667
-5.10927
-5.09998
-5.09058
-5.07926
-5.06491
-5.04964
-5.03268
-5.01644
-4.99981
-4.98262
-4.96518
-4.94615
-4.93235
-4.92558
-4.92959
-4.94701
-4.97439
-5.00233
-5.02611
-5.04315
-5.05506
-5.06409
-5.07194
-5.08059
-5.08983
-5.0988
-5.10819
-5.11699
-5.12464
-5.13253
-5.14297
-5.15519
-5.16941
-5.18405
-5.19693
-5.2068
-5.21085
-5.21013
-5.20586
-5.19605
-5.18352
-5.16861
-5.15244
-5.13533
-5.1195
-5.1032
-5.08888
-5.07569
-5.06514
-5.05642
-5.05114
-5.04557
-5.04113
-5.03761
-5.03279
-5.02795
-5.0193
-5.00662
-4.99282
-4.97799
-4.96474
-4.95378
-4.94865
-4.94985
-4.95711
-4.97209
-4.99175
-5.01177
-5.03026
-5.04722
-5.05884
-5.06398
-5.06451
-5.05975
-5.05053
-5.03702
-5.02054
-5.00143
-4.98503
-4.97362
-4.9697
-4.97397
-4.98568
-5.00405
-5.02698
-5.05314
-5.07915
-5.10451
-5.12845
-5.1478
-5.16195
-5.16747
-5.16526
-5.15261
-5.13373
-5.10907
-5.08209
-5.05813
-5.03682
-5.01879
-5.00122
-4.98395
-4.96834
-4.95579
-4.94497
-4.93697
-4.92966
-4.92538
-4.92347
-4.92459
-4.9292
-4.93631
-4.94672
-4.95677
-4.96403
-4.9704
-4.97423
-4.97517
-4.9728
-4.96722
-4.96128
-4.95212
-4.94395
-4.93656
-4.9308
-4.92617
-4.92296
-4.92414
-4.92905
-4.93642
-4.94662
-4.9575
-4.96997
-4.97919
-4.98725
-4.99105
-4.99283
-4.99368
-4.99528
-4.99859
-5.00138
-5.00525
-5.00604
-5.00544
-5.00314
-5.00113
-5.00002
-4.99896
-4.99641
-4.99154
-4.98368
-4.9723
-4.96245
-4.95855
-4.96563
-4.98037
-4.99538
-5.00592
-5.01018
-5.00825
-5.003
-4.99986
-5.00064
-5.00453
-5.00957
-5.01414
-5.01524
-5.01287
-5.00511
-4.99396
-4.97895
-4.96037
-4.93654
-4.91127
-4.88318
-4.85777
-4.83726
-4.82803
-4.82867
-4.84449
-4.8722
-4.90739
-4.94549
-4.98427
-5.01929
-5.04864
-5.07293
-5.09151
-5.10475
-5.11408
-5.12102
-5.12643
-5.13137
-5.13604
-5.1416
-5.14644
-5.15048
-5.1514
-5.15014
-5.14527
-5.13791
-5.12734
-5.11711
-5.10567
-5.09595
-5.08932
-5.08296
-5.07674
-5.06905
-5.05899
-5.04639
-5.03129
-5.01546
-5.00392
-4.99883
-5.00001
-5.00723
-5.01712
-5.02725
-5.03204
-5.02947
-5.01683
-4.99382
-4.96339
-4.92827
-4.89586
-4.87147
-4.8596
-4.86073
-4.87171
-4.88837
-4.90555
-4.9218
-4.93566
-4.9484
-4.95951
-4.96551
-4.96827
-4.96549
-4.95836
-4.95178
-4.95159
-4.96105
-4.98091
-5.00553
-5.03113
-5.05336
-5.07111
-5.08293
-5.08941
-5.08615
-5.07659
-5.06005
-5.04069
-5.0203
-5.00359
-4.99375
-4.9926
-5.00221
-5.01902
-5.04038
-5.06049
-5.07574
-5.08399
-5.08604
-5.08334
-5.07601
-5.06548
-5.05357
-5.04217
-5.03284
-5.02738
-5.02567
-5.02549
-5.02612
-5.02635
-5.02485
-5.02124
-5.01524
-5.00877
-5.00151
-4.99754
-4.99642
-4.99537
-4.99513
-4.99412
-4.9941
-4.99618
-5.00226
-5.01525
-5.03473
-5.05765
-5.08087
-5.10072
-5.11372
-5.11936
-5.11575
-5.10335
-5.08391
-5.05898
-5.0325
-5.00816
-4.9861
-4.96894
-4.95961
-4.95969
-4.96823
-4.98044
-4.99566
-5.00895
-5.01906
-5.02425
-5.02652
-5.02823
-5.03141
-5.03601
-5.04448
-5.05557
-5.06644
-5.07526
-5.08014
-5.08
-5.07786
-5.07006
-5.06127
-5.05153
-5.03878
-5.02633
-5.01364
-5.00292
-4.9968
-4.99738
-5.00661
-5.02445
-5.04513
-5.06792
-5.0891
-5.10628
-5.11824
-5.12422
-5.12534
-5.12404
-5.1206
-5.11658
-5.11413
-5.10992
-5.10462
-5.09638
-5.08647
-5.07688
-5.06582
-5.05932
-5.05813
-5.06364
-5.07439
-5.08922
-5.10372
-5.11636
-5.12587
-5.1312
-5.12935
-5.11988
-5.10422
-5.08535
-5.06559
-5.05134
-5.0434
-5.03768
-5.03394
-5.02908
-5.02536
-5.02381
-5.02601
-5.02661
-5.02385
-5.01626
-5.00484
-4.99181
-4.97685
-4.95995
-4.94252
-4.92915
-4.9242
-4.93154
-4.9513
-4.98034
-5.01889
-5.06014
-5.10342
-5.14283
-5.17496
-5.19903
-5.21251
-5.21841
-5.21601
-5.21033
-5.20309
-5.19568
-5.18639
-5.17742
-5.16597
-5.15051
-5.13016
-5.10591
-5.07705
-5.04685
-5.01821
-4.99699
-4.98415
-4.98286
-4.98844
-5.00262
-5.01776
-5.03329
-5.04612
-5.05694
-5.06321
-5.06572
-5.06446
-5.0594
-5.05441
-5.04967
-5.0474
-5.04885
-5.05527
-5.06561
-5.07764
-5.08723
-5.0931
-5.09317
-5.08694
-5.0768
-5.06451
-5.05247
-5.04372
-5.04053
-5.04399
-5.05345
-5.06565
-5.07738
-5.08509
-5.08801
-5.0846
-5.07392
-5.06069
-5.04644
-5.03484
-5.02804
-5.02945
-5.03713
-5.0481
-5.06001
-5.07077
-5.07592
-5.07828
-5.07615
-5.07122
-5.06352
-5.05406
-5.04378
-5.03625
-5.03139
-5.03176
-5.03982
-5.05389
-5.06905
-5.08023
-5.08259
-5.07645
-5.06234
-5.04391
-5.02307
-5.0031
-4.98676
-4.97281
-4.96434
-4.95814
-4.95408
-4.95293
-4.95423
-4.95862
-4.96655
-4.97668
-4.98645
-4.99755
-5.00685
-5.01594
-5.02471
-5.03334
-5.04259
-5.0544
-5.06557
-5.0805
-5.09753
-5.11439
-5.1311
-5.14507
-5.15508
-5.15864
-5.15451
-5.14033
-5.11906
-5.08941
-5.05556
-5.02251
-4.99494
-4.97959
-4.97614
-4.98497
-5.00233
-5.02004
-5.03363
-5.03844
-5.0319
-5.01376
-4.99027
-4.96652
-4.95169
-4.94938
-4.95816
-4.97382
-4.99217
-5.00881
-5.02249
-5.03342
-5.04034
-5.04617
-5.05187
-5.05894
-5.06587
-5.0749
-5.08559
-5.0942
-5.10284
-5.10929
-5.11483
-5.11984
-5.12255
-5.12157
-5.11892
-5.11245
-5.1041
-5.09498
-5.0848
-5.07419
-5.0648
-5.05275
-5.04168
-5.03159
-5.02349
-5.01952
-5.01716
-5.01657
-5.02084
-5.03079
-5.04768
-5.06835
-5.09063
-5.10855
-5.11886
-5.12117
-5.11343
-5.09722
-5.07481
-5.04656
-5.01589
-4.9864
-4.96079
-4.94218
-4.93054
-4.92631
-4.92487
-4.92476
-4.92332
-4.91946
-4.91647
-4.91867
-4.92767
-4.94257
-4.95883
-4.97209
-4.97861
-4.97933
-4.9732
-4.96198
-4.94804
-4.93457
-4.9238
-4.91797
-4.91926
-4.92906
-4.94811
-4.97408
-5.00707
-5.04247
-5.07799
-5.10999
-5.13683
-5.15637
-5.16916
-5.17256
-5.16947
-5.15984
-5.14244
-5.11849
-5.09186
-5.06131
-5.03085
-5.00405
-4.98422
-4.97191
-4.96653
-4.96629
-4.96955
-4.97337
-4.9773
-4.98192
-4.98931
-4.99715
-5.00648
-5.01591
-5.02535
-5.03402
-5.0411
-5.04701
-5.05192
-5.0556
-5.05907
-5.0598
-5.05848
-5.05813
-5.05751
-5.05844
-5.06087
-5.06492
-5.07018
-5.07767
-5.08252
-5.08307
-5.07899
-5.07287
-5.06406
-5.05534
-5.04616
-5.03784
-5.03046
-5.02553
-5.02899
-5.04038
-5.06036
-5.08578
-5.11665
-5.1452
-5.16787
-5.18181
-5.18788
-5.18809
-5.18293
-5.1739
-5.16418
-5.15087
-5.13492
-5.11632
-5.09533
-5.07513
-5.05836
-5.05269
-5.06059
-5.08093
-5.10543
-5.12617
-5.13694
-5.13493
-5.12177
-5.1028
-5.08323
-5.06868
-5.0645
-5.07555
-5.09913
-5.12612
-5.1458
-5.15513
-5.15381
-5.14547
-5.13347
-5.12244
-5.11441
-5.10929
-5.10581
-5.10344
-5.10021
-5.09395
-5.08416
-5.07256
-5.05976
-5.04524
-5.02878
-5.01214
-4.9954
-4.98083
-4.96932
-4.96219
-4.95868
-4.96021
-4.96509
-4.97289
-4.97948
-4.9827
-4.98124
-4.97603
-4.97027
-4.96493
-4.96138
-4.96099
-4.96546
-4.97171
-4.97976
-4.98831
-4.99596
-5.00074
-5.00191
-5.00127
-4.99951
-5.00064
-5.00633
-5.01758
-5.03154
-5.0475
-5.05913
-5.06454
-5.06268
-5.05387
-5.04057
-5.02258
-5.00561
-4.98885
-4.97477
-4.9679
-4.96893
-4.98165
-5.00109
-5.02485
-5.04979
-5.0713
-5.08815
-5.09704
-5.09838
-5.0939
-5.08292
-5.06967
-5.05679
-5.04402
-5.03362
-5.02111
-5.00571
-4.98711
-4.96586
-4.94795
-4.9373
-4.9339
-4.93988
-4.9519
-4.96901
-4.98904
-5.00923
-5.02838
-5.04328
-5.05416
-5.0592
-5.05906
-5.05484
-5.05033
-5.0461
-5.04691
-5.0533
-5.0647
-5.08216
-5.1018
-5.12332
-5.14713
-5.1711
-5.19143
-5.20729
-5.21603
-5.21514
-5.20148
-5.17747
-5.1434
-5.09853
-5.04665
-4.99272
-4.94384
-4.90769
-4.88853
-4.88824
-4.90551
-4.93552
-4.97307
-5.00954
-5.03997
-5.05751
-5.0625
-5.05521
-5.0375
-5.0146
-4.98835
-4.96637
-4.9511
-4.94632
-4.95131
-4.96667
-4.98897
-5.01373
-5.03647
-5.05687
-5.07202
-5.08543
-5.09324
-5.09594
-5.08976
-5.07336
-5.04503
-5.00648
-4.96455
-4.92748
-4.90425
-4.8978
-4.90625
-4.92525
-4.94598
-4.96655
-4.98329
-4.99684
-5.00504
-5.00831
-5.00948
-5.00903
-5.00683
-5.00369
-5.00149
-5.0051
-5.01642
-5.03523
-5.05796
-5.0788
-5.09552
-5.10482
-5.10867
-5.10617
-5.10024
-5.09374
-5.08573
-5.0809
-5.07932
-5.08308
-5.08867
-5.09874
-5.10918
-5.11821
-5.12618
-5.13008
-5.13022
-5.12154
-5.10856
-5.08898
-5.06501
-5.03825
-5.0118
-4.9871
-4.96518
-4.94672
-4.9329
-4.92374
-4.91653
-4.91256
-4.91244
-4.91366
-4.91617
-4.92024
-4.92392
-4.92973
-4.94204
-4.96164
-4.98731
-5.01218
-5.03387
-5.04485
-5.04767
-5.04749
-5.04705
-5.05216
-5.0646
-5.08419
-5.10542
-5.12279
-5.13317
-5.13471
-5.12763
-5.1154
-5.10421
-5.09626
-5.09337
-5.09793
-5.10643
-5.11842
-5.13184
-5.14303
-5.14855
-5.14975
-5.14522
-5.13446
-5.11806
-5.09615
-5.07447
-5.05589
-5.0448
-5.04012
-5.04307
-5.05077
-5.0595
-5.06749
-5.0693
-5.06328
-5.04787
-5.02265
-4.99144
-4.95923
-4.93157
-4.91399
-4.9081
-4.91034
-4.91979
-4.93235
-4.9462
-4.95729
-4.96874
-4.98229
-5.00254
-5.03457
-5.0746
-5.11652
-5.15375
-5.18162
-5.19933
-5.20804
-5.20847
-5.20342
-5.19532
-5.18868
-5.18501
-5.1855
-5.18997
-5.19723
-5.20217
-5.20325
-5.20473
-5.20265
-5.19978
-5.19851
-5.19828
-5.19837
-5.19562
-5.19078
-5.1812
-5.16743
-5.14808
-5.12401
-5.09853
-5.07144
-5.0445
-5.02164
-5.0058
-4.99756
-4.99778
-5.00419
-5.0154
-5.0279
-5.03808
-5.04502
-5.04688
-5.0468
-5.04615
-5.04818
-5.05255
-5.06303
-5.07701
-5.09649
-5.12032
-5.14792
-5.17817
-5.20615
-5.23117
-5.25118
-5.26551
-5.27369
-5.27805
-5.27831
-5.27561
-5.26721
-5.25249
-5.23237
-5.20562
-5.17433
-5.14204
-5.11039
-5.08394
-5.06483
-5.05048
-5.04274
-5.03692
-5.03363
-5.03022
-5.02669
-5.02036
-5.00951
-4.99461
-4.97632
-4.95847
-4.94281
-4.93418
-4.9355
-4.94763
-4.96981
-4.99747
-5.02646
-5.05369
-5.07594
-5.09107
-5.0995
-5.10098
-5.0981
-5.09361
-5.08834
-5.08665
-5.08561
-5.083
-5.07649
-5.06397
-5.04547
-5.02447
-5.00457
-4.99145
-4.9854
-4.98826
-4.99722
-5.00921
-5.02014
-5.03022
-5.03726
-5.04081
-5.04465
-5.05063
-5.05965
-5.07001
-5.07941
-5.08309
-5.07836
-5.06574
-5.04699
-5.0235
-5.00048
-4.97857
-4.96024
-4.94728
-4.93883
-4.93388
-4.9312
-4.92887
-4.92752
-4.92627
-4.92576
-4.92413
-4.92329
-4.92573
-4.93205
-4.94555
-4.96615
-4.98625
-5.00025
-5.00412
-4.99985
-4.98903
-4.97408
-4.95691
-4.93947
-4.92298
-4.90751
-4.89387
-4.88281
-4.87606
-4.87687
-4.88605
-4.90319
-4.92872
-4.96146
-5.00141
-5.04351
-5.08535
-5.1205
-5.14439
-5.1586
-5.16121
-5.15404
-5.13832
-5.11949
-5.09867
-5.07694
-5.05586
-5.03458
-5.01462
-4.99276
-4.96856
-4.9447
-4.92421
-4.91186
-4.91062
-4.92049
-4.94081
-4.96445
-4.9883
-5.01322
-5.03893
-5.06401
-5.09051
-5.11656
-5.1427
-5.16547
-5.18261
-5.19377
-5.1971
-5.1914
-5.17913
-5.15904
-5.13522
-5.10968
-5.08701
-5.06857
-5.05597
-5.05073
-5.05207
-5.05853
-5.07216
-5.09099
-5.11312
-5.13673
-5.15654
-5.16776
-5.16876
-5.15926
-5.1408
-5.11739
-5.0908
-5.06572
-5.04637
-5.03247
-5.0272
-5.0283
-5.03648
-5.04886
-5.0616
-5.073
-5.08267
-5.08957
-5.0934
-5.09742
-5.10124
-5.10676
-5.11379
-5.11827
-5.11869
-5.11294
-5.10137
-5.08326
-5.06211
-5.03955
-5.02019
-5.00246
-4.98563
-4.96765
-4.94737
-4.92848
-4.91414
-4.9073
-4.90821
-4.91587
-4.92768
-4.94134
-4.95474
-4.96887
-4.97993
-4.9895
-4.99602
-5.00178
-5.00557
-5.00704
-5.00862
-5.01135
-5.01345
-5.01395
-5.00976
-5.00129
-4.9898
-4.97583
-4.96241
-4.95035
-4.93748
-4.9244
-4.90954
-4.89229
-4.87625
-4.8616
-4.85188
-4.85071
-4.85961
-4.87455
-4.89471
-4.91569
-4.93601
-4.9525
-4.96504
-4.97405
-4.9771
-4.97747
-4.97761
-4.97885
-4.98488
-4.99495
-5.0101
-5.02796
-5.04542
-5.05994
-5.07105
-5.07837
-5.07798
-5.07103
-5.0587
-5.04098
-5.01974
-4.99534
-4.96699
-4.93704
-4.90947
-4.89323
-4.88933
-4.89854
-4.91541
-4.93556
-4.95654
-4.97721
-4.99673
-5.01582
-5.03187
-5.04312
-5.04861
-5.0463
-5.03457
-5.01515
-4.98914
-4.95975
-4.93185
-4.91056
-4.89671
-4.8896
-4.88949
-4.89763
-4.91086
-4.92935
-4.95024
-4.96989
-4.98573
-4.99731
-5.00172
-5.00188
-5.00071
-5.00172
-5.00611
-5.01615
-5.03243
-5.05678
-5.08467
-5.1133
-5.1417
-5.16551
-5.18367
-5.19454
-5.19551
-5.18669
-5.17004
-5.14899
-5.12363
-5.09583
-5.06343
-5.0283
-4.99446
-4.96736
-4.94935
-4.9414
-4.94035
-4.9435
-4.94611
-4.95247
-4.96389
-4.98071
-5.0028
-5.02679
-5.04857
-5.0659
-5.0768
-5.08172
-5.07925
-5.07278
-5.06423
-5.05665
-5.0517
-5.04692
-5.04458
-5.03957
-5.03246
-5.02314
-5.01123
-4.99662
-4.97981
-4.96306
-4.94894
-4.93938
-4.93545
-4.93682
-4.94057
-4.94456
-4.94734
-4.94438
-4.93689
-4.92765
-4.91896
-4.91438
-4.91705
-4.92797
-4.94565
-4.96728
-4.98854
-5.00561
-5.01652
-5.02004
-5.01846
-5.01408
-5.00728
-5.00057
-4.99518
-4.99245
-4.99366
-4.99816
-5.00783
-5.01845
-5.03121
-5.04188
-5.04956
-5.05501
-5.05634
-5.05406
-5.05183
-5.05342
-5.06069
-5.07258
-5.08644
-5.09856
-5.10652
-5.10748
-5.10195
-5.09016
-5.077
-5.06328
-5.05626
-5.05943
-5.07263
-5.09299
-5.11567
-5.13992
-5.16091
-5.17711
-5.18377
-5.17873
-5.16271
-5.13605
-5.10064
-5.06103
-5.02259
-4.98896
-4.96868
-4.96374
-4.97432
-4.99584
-5.02328
-5.05192
-5.07775
-5.09887
-5.11218
-5.11765
-5.11658
-5.10891
-5.09854
-5.08509
-5.07079
-5.05842
-5.05006
-5.0491
-5.05718
-5.06707
-5.07471
-5.07609
-5.07235
-5.06698
-5.0615
-5.05978
-5.06208
-5.0707
-5.08242
-5.09527
-5.108
-5.11822
-5.12496
-5.12814
-5.126
-5.11838
-5.10727
-5.09108
-5.06992
-5.04612
-5.01955
-4.98839
-4.95649
-4.92676
-4.90361
-4.89287
-4.89493
-4.9115
-4.93925
-4.97542
-5.01445
-5.0531
-5.08971
-5.12002
-5.14406
-5.16141
-5.174
-5.1803
-5.18135
-5.17838
-5.16778
-5.1509
-5.12739
-5.09809
-5.06548
-5.03178
-5.00241
-4.98176
-4.96905
-4.96476
-4.96345
-4.95928
-4.94687
-4.92785
-4.90396
-4.8811
-4.86721
-4.86979
-4.88504
-4.90648
-4.92928
-4.94785
-4.96601
-4.98502
-5.00765
-5.03258
-5.06044
-5.08495
-5.10553
-5.11817
-5.12367
-5.12314
-5.1152
-5.10262
-5.08487
-5.06457
-5.04254
-5.02254
-5.00587
-4.99463
-4.99048
-4.99269
-4.99932
-5.00917
-5.02004
-5.03134
-5.04454
-5.05647
-5.06798
-5.07818
-5.08909
-5.09866
-5.10811
-5.11682
-5.12288
-5.12636
-5.1246
-5.12147
-5.11245
-5.09947
-5.08507
-5.07072
-5.0593
-5.05001
-5.04475
-5.04142
-5.03965
-5.03934
-5.0377
-5.03531
-5.03207
-5.02619
-5.01839
-5.0114
-5.00475
-5.00271
-5.00886
-5.02498
-5.04735
-5.07226
-5.0928
-5.10568
-5.10691
-5.10007
-5.08705
-5.07293
-5.06147
-5.05317
-5.05023
-5.05019
-5.05175
-5.05726
-5.06536
-5.07772
-5.09375
-5.11285
-5.13527
-5.16017
-5.18605
-5.20999
-5.23075
-5.24758
-5.25812
-5.26499
-5.26816
-5.26794
-5.26639
-5.26207
-5.25534
-5.24507
-5.22953
-5.20772
-5.1851
-5.16237
-5.14315
-5.1314
-5.12853
-5.13328
-5.14494
-5.15845
-5.16968
-5.17534
-5.17464
-5.16779
-5.15579
-5.13973
-5.12012
-5.10015
-5.08054
-5.06243
-5.04818
-5.03636
-5.02658
-5.01845
-5.00804
-4.99801
-4.98436
-4.96952
-4.95805
-4.95186
-4.94977
-4.95512
-4.96458
-4.97587
-4.98764
-4.99971
-5.00769
-5.01422
-5.01794
-5.02052
-5.02162
-5.02372
-5.02889
-5.04007
-5.05636
-5.07232
-5.08554
-5.09379
-5.09419
-5.08779
-5.07755
-5.06814
-5.06172
-5.05954
-5.06477
-5.07327
-5.08476
-5.09662
-5.10926
-5.12113
-5.13161
-5.13915
-5.14223
-5.14112
-5.13332
-5.12233
-5.10794
-5.09233
-5.07734
-5.06512
-5.05571
-5.04935
-5.04699
-5.04856
-5.05255
-5.05407
-5.05278
-5.04426
-5.02904
-5.01054
-4.99041
-4.97126
-4.95661
-4.94901
-4.94882
-4.95356
-4.96336
-4.97375
-4.98196
-4.98469
-4.9837
-4.97754
-4.96643
-4.95114
-4.93428
-4.9186
-4.90881
-4.91067
-4.92759
-4.96054
-5.00032
-5.03733
-5.0644
-5.07874
-5.08325
-5.0904
-5.11155
-5.15184
-5.19938
-5.23992
-5.26366
-5.27205
-5.26765
-5.25392
-5.23483
-5.21439
-5.19499
-5.17655
-5.16127
-5.14563
-5.13135
-5.11769
-5.10188
-5.08302
-5.06369
-5.0415
-5.01782
-4.98912
-4.95778
-4.92592
-4.89873
-4.88261
-4.8801
-4.88834
-4.90126
-4.91441
-4.92511
-4.92973
-4.93343
-4.93308
-4.93158
-4.92831
-4.92705
-4.92749
-4.93202
-4.94183
-4.95744
-4.98062
-5.00996
-5.04328
-5.07879
-5.11339
-5.14176
-5.16355
-5.17624
-5.18212
-5.18132
-5.17372
-5.16234
-5.14813
-5.13477
-5.12523
-5.1225
-5.12987
-5.14616
-5.16984
-5.19565
-5.21963
-5.23752
-5.2482
-5.24998
-5.24322
-5.22759
-5.20557
-5.17712
-5.14414
-5.1085
-5.0723
-5.03657
-5.00472
-4.98168
-4.96724
-4.96246
-4.96937
-4.9833
-4.99939
-5.01359
-5.02173
-5.02308
-5.01889
-5.01303
-5.00724
-5.00345
-5.00147
-5.00028
-5.00035
-5.00184
-5.00364
-5.00599
-5.0084
-5.01078
-5.01131
-5.00887
-5.00209
-4.99
-4.97725
-4.96598
-4.9583
-4.95515
-4.95948
-4.97088
-4.98609
-5.00705
-5.03335
-5.05962
-5.08518
-5.10878
-5.12924
-5.14311
-5.1499
-5.14636
-5.13349
-5.11405
-5.08893
-5.06237
-5.03926
-5.02556
-5.01958
-5.02257
-5.03032
-5.04268
-5.05699
-5.07391
-5.0927
-5.11276
-5.12842
-5.14122
-5.15252
-5.16217
-5.16959
-5.17448
-5.17683
-5.17773
-5.17599
-5.16899
-5.16001
-5.15054
-5.1405
-5.13048
-5.12043
-5.111
-5.10323
-5.09677
-5.09112
-5.08751
-5.08418
-5.08215
-5.08272
-5.08232
-5.08672
-5.09324
-5.10372
-5.11543
-5.12771
-5.13946
-5.15074
-5.15969
-5.16474
-5.16763
-5.16372
-5.15167
-5.13162
-5.10393
-5.07147
-5.03426
-4.99512
-4.95717
-4.92309
-4.89717
-4.88308
-4.8819
-4.891
-4.90706
-4.92632
-4.94504
-4.96007
-4.97223
-4.9824
-4.98716
-4.98903
-4.98608
-4.97679
-4.96371
-4.947
-4.93303
-4.91968
-4.91387
-4.91404
-4.92204
-4.93592
-4.95488
-4.97728
-5.00155
-5.02289
-5.04163
-5.05664
-5.06767
-5.07265
-5.07051
-5.06099
-5.04298
-5.01823
-4.98836
-4.95708
-4.93251
-4.91757
-4.91262
-4.91434
-4.92009
-4.9292
-4.94088
-4.95427
-4.96791
-4.98107
-4.98962
-4.99028
-4.98782
-4.98387
-4.98116
-4.98022
-4.97866
-4.9745
-4.96977
-4.9672
-4.96932
-4.97687
-4.99059
-5.00573
-5.01946
-5.03281
-5.0473
-5.06641
-5.08982
-5.11449
-5.1395
-5.15932
-5.1736
-5.17989
-5.17986
-5.16961
-5.15155
-5.12571
-5.09783
-5.07032
-5.04639
-5.03056
-5.02334
-5.02445
-5.03094
-5.04063
-5.04849
-5.05031
-5.043
-5.02835
-5.00746
-4.98579
-4.96468
-4.94666
-4.93435
-4.92649
-4.92245
-4.9234
-4.92666
-4.93026
-4.93478
-4.938
-4.9392
-4.93936
-4.93754
-4.93686
-4.94042
-4.94946
-4.96333
-4.98104
-5.00018
-5.01906
-5.03683
-5.05251
-5.06513
-5.07333
-5.07731
-5.07669
-5.07574
-5.07456
-5.07576
-5.07938
-5.08381
-5.09154
-5.10265
-5.11622
-5.13011
-5.144
-5.15712
-5.16586
-5.17064
-5.16894
-5.16054
-5.14251
-5.11621
-5.0852
-5.05033
-5.01704
-4.98875
-4.96506
-4.94955
-4.94188
-4.94049
-4.94543
-4.95742
-4.97442
-4.99639
-5.0215
-5.04443
-5.06496
-5.08179
-5.09292
-5.09786
-5.09847
-5.09592
-5.09189
-5.08785
-5.08704
-5.08832
-5.09329
-5.10197
-5.11591
-5.1328
-5.15257
-5.17379
-5.19309
-5.20948
-5.22083
-5.22947
-5.235
-5.23666
-5.23567
-5.23423
-5.2333
-5.23302
-5.23224
-5.2314
-5.22983
-5.22627
-5.21851
-5.208
-5.19621
-5.17989
-5.16334
-5.14508
-5.1307
-5.11949
-5.1129
-5.11016
-5.10899
-5.11013
-5.11201
-5.1135
-5.11463
-5.1131
-5.10781
-5.09808
-5.08507
-5.071
-5.05739
-5.04461
-5.03405
-5.02435
-5.01669
-5.01026
-5.00291
-4.99555
-4.98652
-4.97765
-4.97501
-4.98274
-5.0012
-5.02907
-5.05752
-5.08368
-5.09854
-5.10509
-5.10527
-5.1006
-5.0925
-5.0827
-5.0765
-5.07248
-5.07264
-5.07825
-5.09119
-5.10914
-5.13103
-5.1545
-5.17632
-5.19205
-5.19858
-5.19777
-5.18779
-5.16765
-5.14218
-5.11066
-5.07634
-5.04081
-5.01032
-4.98818
-4.97742
-4.97927
-4.98976
-5.00688
-5.02527
-5.04232
-5.05919
-5.075
-5.08854
-5.10064
-5.11343
-5.1253
-5.13681
-5.14636
-5.15231
-5.15769
-5.1631
-5.16582
-5.16863
-5.17092
-5.17256
-5.17128
-5.16677
-5.15973
-5.15023
-5.13884
-5.12698
-5.11441
-5.10016
-5.08348
-5.06519
-5.04504
-5.024
-5.00262
-4.98712
-4.98057
-4.98372
-4.99685
-5.01873
-5.04293
-5.06428
-5.0823
-5.09694
-5.10848
-5.11546
-5.12024
-5.12126
-5.11823
-5.11212
-5.1012
-5.08814
-5.07285
-5.05393
-5.0306
-5.00519
-4.97869
-4.9535
-4.93602
-4.92879
-4.93458
-4.95299
-4.9832
-5.02172
-5.06302
-5.10113
-5.13333
-5.15965
-5.1769
-5.18643
-5.18735
-5.18242
-5.17261
-5.15826
-5.14142
-5.12135
-5.10381
-5.08854
-5.07732
-5.07088
-5.07031
-5.07477
-5.08118
-5.08704
-5.08873
-5.08396
-5.0728
-5.05587
-5.03389
-5.01245
-4.99218
-4.97464
-4.9637
-4.95557
-4.95194
-4.95313
-4.95942
-4.969
-4.983
-5.00101
-5.02007
-5.03861
-5.05706
-5.07497
-5.09366
-5.11342
-5.13523
-5.15651
-5.17115
-5.17505
-5.16946
-5.15332
-5.12878
-5.10279
-5.07637
-5.05335
-5.03082
-5.00805
-4.98013
-4.94643
-4.91108
-4.87788
-4.85672
-4.85428
-4.8738
-4.91328
-4.96389
-5.01616
-5.06363
-5.10157
-5.12999
-5.14775
-5.15788
-5.16098
-5.15654
-5.14483
-5.12826
-5.10694
-5.08654
-5.06715
-5.04997
-5.03252
-5.01798
-5.00201
-4.98634
-4.9726
-4.96222
-4.95582
-4.95474
-4.96168
-4.97465
-4.99271
-5.01205
-5.03219
-5.05321
-5.07228
-5.0895
-5.1052
-5.11774
-5.12872
-5.1367
-5.14023
-5.14023
-5.13602
-5.12982
-5.12063
-5.109
-5.09602
-5.08085
-5.06397
-5.04684
-5.03156
-5.01758
-5.00959
-5.00842
-5.01303
-5.02078
-5.03015
-5.03549
-5.03674
-5.03222
-5.02379
-5.01335
-5.00345
-4.99846
-4.99954
-5.00572
-5.01677
-5.03111
-5.04783
-5.0655
-5.08277
-5.09989
-5.1146
-5.12527
-5.13076
-5.13181
-5.12858
-5.12009
-5.1096
-5.09645
-5.07954
-5.05961
-5.03827
-5.01781
-5.00026
-4.98749
-4.98129
-4.97754
-4.97356
-4.96802
-4.96127
-4.95428
-4.95227
-4.95725
-4.96574
-4.97823
-4.99025
-4.99712
-5.00037
-4.99931
-4.99405
-4.98678
-4.97896
-4.97177
-4.96816
-4.96527
-4.96773
-4.97373
-4.98101
-4.9896
-4.99848
-5.00596
-5.00882
-5.01166
-5.01424
-5.02003
-5.02784
-5.0383
-5.04941
-5.0599
-5.06981
-5.07612
-5.07678
-5.07108
-5.05833
-5.03658
-5.00934
-4.97478
-4.93765
-4.90383
-4.88011
-4.87076
-4.87799
-4.8971
-4.92514
-4.95686
-4.99242
-5.02769
-5.06008
-5.0891
-5.11211
-5.12768
-5.13464
-5.13415
-5.13002
-5.12427
-5.11654
-5.10758
-5.09544
-5.08006
-5.0644
-5.05018
-5.03989
-5.03437
-5.03615
-5.04308
-5.05472
-5.06846
-5.07978
-5.08943
-5.09832
-5.10656
-5.11406
-5.12274
-5.12835
-5.13115
-5.13018
-5.12474
-5.11475
-5.10266
-5.08806
-5.07235
-5.05346
-5.03406
-5.01551
-4.99745
-4.98119
-4.96827
-4.96339
-4.96557
-4.97772
-4.99745
-5.02161
-5.04503
-5.06379
-5.0743
-5.07666
-5.07155
-5.05861
-5.0422
-5.02618
-5.01434
-5.01232
-5.02099
-5.03827
-5.05975
-5.08247
-5.10306
-5.12084
-5.13368
-5.14288
-5.14774
-5.14567
-5.13676
-5.11828
-5.09105
-5.05833
-5.01986
-4.98292
-4.95211
-4.93416
-4.93108
-4.93826
-4.9468
-4.95152
-4.95089
-4.94975
-4.9507
-4.95877
-4.97774
-5.00568
-5.04055
-5.07643
-5.10534
-5.12717
-5.13789
-5.1386
-5.13019
-5.11708
-5.10205
-5.08935
-5.07922
-5.07235
-5.06584
-5.05987
-5.05108
-5.03881
-5.02371
-5.0066
-4.99169
-4.98207
-4.9803
-4.98338
-4.99087
-4.99993
-5.00961
-5.01471
-5.01926
-5.02141
-5.0249
-5.03182
-5.04572
-5.06516
-5.08942
-5.11517
-5.13857
-5.15792
-5.16944
-5.17589
-5.17935
-5.18274
-5.18606
-5.18803
-5.1898
-5.19154
-5.1936
-5.19294
-5.18444
-5.1665
-5.13856
-5.10112
-5.05936
-5.01909
-4.98518
-4.96509
-4.96128
-4.97474
-5.00031
-5.03303
-5.06683
-5.09746
-5.11951
-5.13167
-5.13224
-5.12348
-5.10592
-5.08364
-5.06112
-5.04039
-5.02496
-5.01611
-5.01532
-5.02055
-5.02883
-5.03971
-5.05244
-5.06332
-5.069
-5.07138
-5.06551
-5.0563
-5.04565
-5.03573
-5.02673
-5.01725
-5.00985
-5.00603
-5.00356
-5.00411
-5.00462
-5.00203
-4.99804
-4.99232
-4.9881
-4.98556
-4.99184
-5.00642
-5.02795
-5.05245
-5.07534
-5.09273
-5.10196
-5.1013
-5.09088
-5.07472
-5.05641
-5.04063
-5.03221
-5.03246
-5.04212
-5.05758
-5.07553
-5.09218
-5.10695
-5.11731
-5.12702
-5.1353
-5.14272
-5.15071
-5.15774
-5.16081
-5.15849
-5.1476
-5.12548
-5.0946
-5.05607
-5.01751
-4.98552
-4.96291
-4.94845
-4.9409
-4.93727
-4.93735
-4.94355
-4.95459
-4.9707
-4.98893
-5.00585
-5.01965
-5.02646
-5.02967
-5.03049
-5.03352
-5.04457
-5.0658
-5.09123
-5.11851
-5.1428
-5.16036
-5.17178
-5.175
-5.16955
-5.15445
-5.13181
-5.10306
-5.0702
-5.03827
-5.01125
-4.99338
-4.98751
-4.99636
-5.01643
-5.04397
-5.07398
-5.10005
-5.12052
-5.13147
-5.13306
-5.12711
-5.11349
-5.09555
-5.07649
-5.06035
-5.04897
-5.04426
-5.04631
-5.05466
-5.07076
-5.09202
-5.11534
-5.14166
-5.16368
-5.18277
-5.19539
-5.20048
-5.19788
-5.18834
-5.17095
-5.14997
-5.12712
-5.10577
-5.0908
-5.08354
-5.08243
-5.08509
-5.09026
-5.09517
-5.09511
-5.08682
-5.06997
-5.0438
-5.01077
-4.97347
-4.93715
-4.90579
-4.8802
-4.86505
-4.85995
-4.86331
-4.87417
-4.89028
-4.90902
-4.92731
-4.94299
-4.95457
-4.96203
-4.96417
-4.96396
-4.96585
-4.97408
-4.98823
-5.00628
-5.02322
-5.03532
-5.04042
-5.03469
-5.01977
-4.99502
-4.96479
-4.93251
-4.9044
-4.88572
-4.88194
-4.89495
-4.91644
-4.94552
-4.97347
-4.99443
-5.00548
-5.00596
-4.99348
-4.97187
-4.94455
-4.91658
-4.89256
-4.877
-4.87157
-4.8735
-4.88417
-4.90392
-4.93223
-4.96591
-4.99959
-5.02533
-5.03664
-5.03563
-5.02327
-5.00234
-4.97736
-4.95473
-4.9377
-4.93049
-4.93481
-4.9508
-4.97351
-4.99888
-5.02251
-5.04081
-5.04892
-5.04815
-5.03762
-5.01745
-4.99061
-4.95975
-4.92885
-4.90417
-4.88784
-4.88315
-4.89119
-4.90863
-4.93462
-4.96624
-5.00248
-5.04165
-5.08026
-5.11822
-5.15385
-5.18294
-5.20291
-5.21347
-5.2123
-5.20146
-5.18439
-5.16297
-5.14313
-5.1231
-5.10493
-5.08544
-5.05996
-5.02866
-4.99017
-4.94918
-4.91237
-4.88434
-4.86881
-4.86489
-4.87231
-4.88938
-4.91233
-4.93646
-4.95831
-4.9731
-4.9782
-4.97297
-4.95759
-4.93439
-4.90765
-4.88382
-4.86603
-4.85829
-4.86128
-4.8743
-4.89437
-4.91712
-4.94067
-4.96256
-4.98223
-4.99978
-5.01584
-5.03311
-5.04751
-5.05661
-5.05703
-5.04737
-5.02793
-5.00033
-4.9685
-4.94238
-4.92809
-4.92819
-4.94245
-4.96461
-4.98635
-5.005
-5.01707
-5.02067
-5.01682
-5.00798
-4.99834
-4.98771
-4.97856
-4.97483
-4.97695
-4.98693
-5.00203
-5.02182
-5.04074
-5.05743
-5.0677
-5.07236
-5.06926
-5.06011
-5.04883
-5.04104
-5.03825
-5.04177
-5.04752
-5.0535
-5.05838
-5.06165
-5.06236
-5.06279
-5.06369
-5.06728
-5.07748
-5.09364
-5.11213
-5.13493
-5.15995
-5.18312
-5.20443
-5.21989
-5.22906
-5.23227
-5.22798
-5.21722
-5.20076
-5.17916
-5.15373
-5.12602
-5.09686
-5.06962
-5.04748
-5.03288
-5.02894
-5.03566
-5.05143
-5.07245
-5.09519
-5.11741
-5.13725
-5.1544
-5.16641
-5.17038
-5.16842
-5.15959
-5.14472
-5.12715
-5.10615
-5.08134
-5.05358
-5.02494
-4.99594
-4.96929
-4.9447
-4.92231
-4.90164
-4.88229
-4.86485
-4.84781
-4.833
-4.82093
-4.81324
-4.81128
-4.81571
-4.82795
-4.84641
-4.87262
-4.90392
-4.93715
-4.97095
-5.00062
-5.02647
-5.04578
-5.05866
-5.06633
-5.06739
-5.06015
-5.04466
-5.02437
-5.0021
-4.981
-4.96146
-4.94282
-4.92876
-4.91887
-4.91769
-4.92343
-4.93512
-4.95322
-4.97301
-4.99381
-5.0122
-5.02614
-5.03374
-5.03482
-5.03238
-5.03044
-5.03065
-5.03423
-5.042
-5.05244
-5.06349
-5.07129
-5.07682
-5.07633
-5.06928
-5.05654
-5.03982
-5.01927
-4.99988
-4.9836
-4.97094
-4.96653
-4.96932
-4.97901
-4.99539
-5.01323
-5.02969
-5.04235
-5.04963
-5.05002
-5.04337
-5.02722
-5.00233
-4.97206
-4.93808
-4.90717
-4.88092
-4.85996
-4.84613
-4.83714
-4.83309
-4.83602
-4.84631
-4.86531
-4.89437
-4.93259
-4.97457
-5.01423
-5.04778
-5.06963
-5.07732
-5.07145
-5.05351
-5.02811
-5.00194
-4.97711
-4.95753
-4.94385
-4.93577
-4.93214
-4.932
-4.93463
-4.94079
-4.9513
-4.9639
-4.97831
-4.99389
-5.00602
-5.01437
-5.01604
-5.0103
-4.99888
-4.98342
-4.96476
-4.94611
-4.93196
-4.92306
-4.92194
-4.92732
-4.93863
-4.9514
-4.96806
-4.98627
-5.00539
-5.02535
-5.04608
-5.06606
-5.08501
-5.09663
-5.10078
-5.09722
-5.08674
-5.07229
-5.05812
-5.04562
-5.0349
-5.02175
-5.00523
-4.98808
-4.96803
-4.94836
-4.93027
-4.9152
-4.90271
-4.8937
-4.88847
-4.88508
-4.88391
-4.88701
-4.89258
-4.90137
-4.91135
-4.92037
-4.92672
-4.92755
-4.92661
-4.92318
-4.92107
-4.92425
-4.93049
-4.94301
-4.95841
-4.97634
-4.99747
-5.01767
-5.03714
-5.05443
-5.06754
-5.07704
-5.08137
-5.07944
-5.07551
-5.07237
-5.07132
-5.07371
-5.08064
-5.09078
-5.10393
-5.11946
-5.13702
-5.1565
-5.17456
-5.19112
-5.20348
-5.20946
-5.21007
-5.20559
-5.19613
-5.18453
-5.17105
-5.15747
-5.14216
-5.12528
-5.10721
-5.08754
-5.06561
-5.04493
-5.02677
-5.01419
-5.00884
-5.01248
-5.0279
-5.05387
-5.08596
-5.1181
-5.14544
-5.164
-5.17567
-5.17818
-5.17463
-5.16353
-5.14625
-5.12342
-5.09385
-5.06442
-5.03888
-5.02235
-5.0191
-5.02421
-5.03262
-5.0387
-5.03542
-5.02431
-5.00507
-4.98038
-4.95582
-4.93358
-4.91712
-4.908
-4.9074
-4.91481
-4.93093
-4.95352
-4.97916
-5.00601
-5.03032
-5.04989
-5.06576
-5.07662
-5.08334
-5.08372
-5.07745
-5.06628
-5.0508
-5.03256
-5.01583
-4.99976
-4.98705
-4.97438
-4.96128
-4.94917
-4.93361
-4.91879
-4.90331
-4.89301
-4.8957
-4.91628
-4.94997
-4.98584
-5.01686
-5.0371
-5.05022
-5.05989
-5.06835
-5.07853
-5.08892
-5.10109
-5.11386
-5.12536
-5.13375
-5.1372
-5.13462
-5.12873
-5.12181
-5.11328
-5.10636
-5.10103
-5.09631
-5.08805
-5.07619
-5.06536
-5.0543
-5.04829
-5.04782
-5.05316
-5.06285
-5.07194
-5.07991
-5.08255
-5.07986
-5.07358
-5.06439
-5.05362
-5.04396
-5.03533
-5.02937
-5.02498
-5.01762
-5.00444
-4.98542
-4.962
-4.93827
-4.91751
-4.90716
-4.9072
-4.91911
-4.93921
-4.96764
-5.00179
-5.04048
-5.0803
-5.11608
-5.14463
-5.16228
-5.17166
-5.17031
-5.15924
-5.1424
-5.12411
-5.1049
-5.09022
-5.08193
-5.08099
-5.08583
-5.09423
-5.10344
-5.10683
-5.10333
-5.09161
-5.07245
-5.04837
-5.02481
-5.00602
-4.99599
-4.99673
-5.00938
-5.02957
-5.05171
-5.07502
-5.09761
-5.11729
-5.13338
-5.1424
-5.14363
-5.13932
-5.12571
-5.10804
-5.08989
-5.07405
-5.06386
-5.05951
-5.06052
-5.06534
-5.07244
-5.08157
-5.09112
-5.10018
-5.1119
-5.12573
-5.14284
-5.15947
-5.174
-5.18456
-5.18955
-5.18706
-5.18006
-5.16753
-5.15262
-5.13684
-5.12206
-5.10969
-5.09922
-5.09099
-5.08227
-5.07048
-5.05677
-5.04079
-5.02774
-5.01751
-5.01244
-5.01322
-5.01732
-5.02284
-5.02856
-5.03099
-5.03079
-5.02627
-5.02051
-5.01321
-5.00325
-4.9943
-4.98484
-4.9775
-4.9726
-4.9697
-4.97076
-4.97371
-4.98264
-4.99542
-5.01012
-5.0266
-5.0396
-5.0476
-5.05115
-5.05183
-5.05166
-5.05036
-5.04715
-5.04246
-5.03675
-5.0338
-5.03503
-5.04273
-5.05344
-5.06355
-5.07049
-5.07459
-5.07476
-5.07157
-5.06663
-5.06106
-5.05822
-5.05846
-5.06431
-5.07592
-5.09011
-5.1035
-5.11368
-5.11959
-5.12377
-5.12462
-5.12481
-5.12331
-5.12393
-5.12464
-5.12713
-5.13048
-5.13414
-5.13817
-5.14364
-5.15076
-5.1573
-5.16204
-5.16696
-5.16753
-5.16488
-5.15662
-5.14578
-5.13135
-5.11203
-5.09184
-5.0717
-5.05669
-5.04884
-5.0476
-5.0501
-5.0535
-5.0522
-5.04765
-5.0396
-5.0286
-5.01554
-5.00033
-4.98377
-4.96783
-4.95394
-4.94556
-4.9397
-4.93869
-4.94067
-4.94482
-4.95223
-4.96104
-4.97069
-4.97764
-4.98134
-4.98296
-4.98384
-4.98542
-4.99151
-5.00434
-5.0253
-5.05087
-5.07779
-5.10258
-5.12175
-5.13384
-5.1378
-5.13474
-5.12379
-5.10801
-5.08996
-5.07128
-5.05397
-5.0403
-5.03069
-5.02503
-5.02246
-5.0214
-5.02254
-5.0259
-5.03042
-5.03732
-5.0444
-5.0508
-5.05361
-5.05564
-5.05894
-5.06551
-5.07572
-5.08918
-5.10236
-5.11397
-5.12258
-5.12691
-5.12834
-5.12546
-5.12183
-5.11586
-5.11092
-5.10475
-5.10034
-5.09518
-5.08642
-5.07327
-5.05493
-5.03252
-5.00563
-4.97816
-4.95368
-4.93747
-4.93203
-4.93642
-4.94744
-4.96297
-4.97683
-4.98845
-4.99797
-5.00548
-5.01207
-5.01833
-5.02293
-5.02728
-5.02907
-5.02889
-5.03016
-5.03368
-5.03695
-5.04209
-5.05072
-5.05814
-5.06418
-5.06541
-5.05981
-5.05056
-5.04004
-5.02891
-5.02105
-5.01516
-5.0104
-5.01038
-5.0135
-5.01851
-5.02459
-5.02917
-5.03262
-5.03482
-5.036
-5.03478
-5.0313
-5.02542
-5.02228
-5.02124
-5.02614
-5.03622
-5.05057
-5.06559
-5.07728
-5.08248
-5.0774
-5.06647
-5.04937
-5.02907
-5.00872
-4.99376
-4.98421
-4.98081
-4.98068
-4.98305
-4.98839
-4.99228
-4.9941
-4.99006
-4.98025
-4.96384
-4.94287
-4.92155
-4.90044
-4.88481
-4.87535
-4.87008
-4.87111
-4.87832
-4.89134
-4.90851
-4.92947
-4.95096
-4.97324
-4.99078
-5.00532
-5.01589
-5.02241
-5.02736
-5.02914
-5.0272
-5.02137
-5.0114
-4.99716
-4.98031
-4.96362
-4.94933
-4.942
-4.94242
-4.95149
-4.96818
-4.9901
-5.01268
-5.03437
-5.05078
-5.0615
-5.06532
-5.06226
-5.05522
-5.04373
-5.02876
-5.01305
-5.00015
-4.99319
-4.9933
-4.99902
-5.00945
-5.02496
-5.04352
-5.06856
-5.09633
-5.12582
-5.15413
-5.1763
-5.18948
-5.19242
-5.18361
-5.16224
-5.13454
-5.10528
-5.08034
-5.0636
-5.05769
-5.06066
-5.06465
-5.06507
-5.05744
-5.03919
-5.01415
-4.98075
-4.94418
-4.9077
-4.87213
-4.84011
-4.8131
-4.79261
-4.78021
-4.77799
-4.78606
-4.80564
-4.83654
-4.87642
-4.92261
-4.97108
-5.01817
-5.06051
-5.09478
-5.1217
-5.13707
-5.14228
-5.13955
-5.12888
-5.1113
-5.08684
-5.05877
-5.02838
-4.99845
-4.97405
-4.96056
-4.95879
-4.96618
-4.97883
-4.98868
-4.99285
-4.98898
-4.97569
-4.95573
-4.93498
-4.91423
-4.89601
-4.88405
-4.87773
-4.87731
-4.88084
-4.88732
-4.89717
-4.91224
-4.93206
-4.95792
-4.98771
-5.01888
-5.04589
-5.06607
-5.07722
-5.07654
-5.06642
-5.04735
-5.02154
-4.99449
-4.96975
-4.955
-4.95034
-4.95635
-4.97276
-4.9914
-5.00929
-5.02189
-5.02536
-5.02069
-5.00674
-4.98757
-4.96558
-4.94388
-4.92585
-4.91323
-4.90775
-4.91157
-4.92849
-4.95479
-4.98937
-5.02487
-5.05714
-5.08419
-5.1004
-5.10683
-5.10059
-5.08074
-5.05085
-5.01184
-4.97053
-4.93611
-4.91497
-4.90934
-4.91877
-4.9356
-4.95538
-4.97333
-4.98684
-4.99623
-5.00092
-5.00263
-5.00121
-4.99865
-4.99369
-4.98655
-4.97673
-4.96567
-4.95651
-4.94928
-4.94493
-4.94214
-4.93916
-4.93532
-4.93198
-4.93113
-4.93486
-4.94362
-4.95736
-4.97485
-4.99545
-5.01833
-5.0396
-5.05864
-5.07517
-5.08511
-5.08901
-5.08484
-5.0757
-5.06102
-5.04654
-5.02902
-5.01412
-5.00163
-4.99382
-4.98888
-4.98691
-4.98776
-4.99141
-4.99695
-5.00445
-5.0165
-5.0336
-5.05482
-5.08076
-5.10821
-5.13632
-5.1625
