-3.41219
-3.41174
-3.41159
-3.41113
-3.41128
-3.41143
-3.41098
-3.40947
-3.40992
-3.40932
-3.40902
-3.40886
-3.40932
-3.40902
-3.40992
-3.41068
-3.41099
-3.41053
-3.41008
-3.41054
-3.41054
-3.41084
-3.41084
-3.41053
-3.41053
-3.41174
-3.41159
-3.41113
-3.41037
-3.40977
-3.41068
-3.41023
-3.40932
-3.40993
-3.41023
-3.40978
-3.40993
-3.40963
-3.40948
-3.41023
-3.41008
-3.40993
-3.41099
-3.41159
-3.41219
-3.41204
-3.41189
-3.41114
-3.41083
-3.41038
-3.41114
-3.41054
-3.41008
-3.41114
-3.41113
-3.41159
-3.41128
-3.41189
-3.41234
-3.41204
-3.41159
-3.41083
-3.41053
-3.41053
-3.41053
-3.41023
-3.40947
-3.41038
-3.41129
-3.41159
-3.41129
-3.41024
-3.41099
-3.4116
-3.41175
-3.4122
-3.41099
-3.40993
-3.41038
-3.40947
-3.40917
-3.40962
-3.40872
-3.40736
-3.40645
-3.40691
-3.40782
-3.40842
-3.40843
-3.40828
-3.40812
-3.40797
-3.40857
-3.40661
-3.4057
-3.4066
-3.40766
-3.40827
-3.40857
-3.40917
-3.40992
-3.40841
-3.40841
-3.40962
-3.40993
-3.41038
-3.40993
-3.41038
-3.41083
-3.41083
-3.41068
-3.41098
-3.41159
-3.41219
-3.41295
-3.41325
-3.4131
-3.4131
-3.41158
-3.41113
-3.41144
-3.41083
-3.41144
-3.41159
-3.41114
-3.41068
-3.41144
-3.41144
-3.41205
-3.41144
-3.41068
-3.41053
-3.41038
-3.41068
-3.41159
-3.41174
-3.41129
-3.41068
-3.41069
-3.41099
-3.41084
-3.41129
-3.41114
-3.41189
-3.41099
-3.41189
-3.41084
-3.41084
-3.41144
-3.41053
-3.41023
-3.41007
-3.41053
-3.41083
-3.41068
-3.41113
-3.41219
-3.41204
-3.41204
-3.41356
-3.4131
-3.41265
-3.4122
-3.4125
-3.4122
-3.4122
-3.41205
-3.41204
-3.41249
-3.41249
-3.41234
-3.41173
-3.41067
-3.41007
-3.40977
-3.40872
-3.40842
-3.40857
-3.40827
-3.40872
-3.40887
-3.40933
-3.40933
-3.40902
-3.41008
-3.40962
-3.40886
-3.40886
-3.40932
-3.41023
-3.40962
-3.40796
-3.40751
-3.40736
-3.40797
-3.40842
-3.40782
-3.40842
-3.40766
-3.40826
-3.40781
-3.40796
-3.40842
-3.40857
-3.40902
-3.40827
-3.40948
-3.41023
-3.41053
-3.41007
-3.41022
-3.41053
-3.41053
-3.40978
-3.40963
-3.40887
-3.40933
-3.40933
-3.40947
-3.40962
-3.40932
-3.40917
-3.40977
-3.41053
-3.40977
-3.40917
-3.40962
-3.40932
-3.40962
-3.40841
-3.40886
-3.41022
-3.41083
-3.41038
-3.41098
-3.41083
-3.41174
-3.4128
-3.41219
-3.4128
-3.41279
-3.41249
-3.41219
-3.41188
-3.41158
-3.41158
-3.41113
-3.41143
-3.41204
-3.41144
-3.41189
-3.41234
-3.41295
-3.41279
-3.41204
-3.41189
-3.41158
-3.41128
-3.41174
-3.41219
-3.41295
-3.41325
-3.41204
-3.41279
-3.41279
-3.41143
-3.41218
-3.41173
-3.41143
-3.41053
-3.41174
-3.41159
-3.41174
-3.41129
-3.41008
-3.40947
-3.40887
-3.40932
-3.40886
-3.40992
-3.41022
-3.40992
-3.40917
-3.40917
-3.40765
-3.40901
-3.40977
-3.40917
-3.40856
-3.40811
-3.40902
-3.40856
-3.40811
-3.40766
-3.40751
-3.40811
-3.40781
-3.40841
-3.40811
-3.4078
-3.40796
-3.4075
-3.4078
-3.40856
-3.40976
-3.41022
-3.41052
-3.41068
-3.41023
-3.41008
-3.41053
-3.41143
-3.41098
-3.41128
-3.41113
-3.41143
-3.41144
-3.41128
-3.41159
-3.41173
-3.41098
-3.40992
-3.40901
-3.40901
-3.40856
-3.40917
-3.40992
-3.40872
-3.40962
-3.40962
-3.41128
-3.41098
-3.41173
-3.41143
-3.41203
-3.41113
-3.41082
-3.41022
-3.40992
-3.40962
-3.40902
-3.40857
-3.40857
-3.40887
-3.40917
-3.40902
-3.40916
-3.40901
-3.41052
-3.41098
-3.41038
-3.41053
-3.41114
-3.41008
-3.41068
-3.41083
-3.41173
-3.41249
-3.41384
-3.4143
-3.41505
-3.41641
-3.41672
-3.41687
-3.41626
-3.41732
-3.41777
-3.41868
-3.41853
-3.41733
-3.41687
-3.41642
-3.41551
-3.414
-3.414
-3.41354
-3.41173
-3.41203
-3.41203
-3.41173
-3.41113
-3.41173
-3.41173
-3.41204
-3.41159
-3.41189
-3.41219
-3.41279
-3.41415
-3.41399
-3.41399
-3.4143
-3.41445
-3.41445
-3.41385
-3.41279
-3.41279
-3.41295
-3.41295
-3.41325
-3.41294
-3.41325
-3.41294
-3.41264
-3.41264
-3.41219
-3.41143
-3.41143
-3.41173
-3.41294
-3.41264
-3.41234
-3.41294
-3.41204
-3.41355
-3.41249
-3.4134
-3.41386
-3.41491
-3.41521
-3.41521
-3.41445
-3.4143
-3.4143
-3.41431
-3.41431
-3.41476
-3.41476
-3.41325
-3.41234
-3.41249
-3.41279
-3.41249
-3.41279
-3.4134
-3.4128
-3.41264
-3.41295
-3.41219
-3.41219
-3.41249
-3.41128
-3.41113
-3.41068
-3.41159
-3.41083
-3.41083
-3.41007
-3.40886
-3.41022
-3.41098
-3.41007
-3.41022
-3.41128
-3.41219
-3.41219
-3.41204
-3.41234
-3.41189
-3.41159
-3.41249
-3.41098
-3.41099
-3.41129
-3.40932
-3.41068
-3.41023
-3.41037
-3.41128
-3.41083
-3.41113
-3.41174
-3.41144
-3.41235
-3.41159
-3.40993
-3.40962
-3.40947
-3.40902
-3.40902
-3.40917
-3.41023
-3.40993
-3.40963
-3.40963
-3.41038
-3.41023
-3.40992
-3.40917
-3.40962
-3.40932
-3.40826
-3.40736
-3.4066
-3.40659
-3.40675
-3.4066
-3.40615
-3.4063
-3.40675
-3.40615
-3.40826
-3.40811
-3.40796
-3.40826
-3.40781
-3.40857
-3.40917
-3.40948
-3.41099
-3.41084
-3.41053
-3.41038
-3.41008
-3.40932
-3.4075
-3.40705
-3.40751
-3.40691
-3.40646
-3.40616
-3.40525
-3.40555
-3.40661
-3.4063
-3.4066
-3.4069
-3.40614
-3.40705
-3.40796
-3.4063
-3.40691
-3.40858
-3.40873
-3.40827
-3.40873
-3.40857
-3.40796
-3.40781
-3.40811
-3.40887
-3.40796
-3.40736
-3.40752
-3.40722
-3.40752
-3.40752
-3.40797
-3.40903
-3.40781
-3.40887
-3.40842
-3.40932
-3.40947
-3.40887
-3.40842
-3.40812
-3.40902
-3.40948
-3.40963
-3.41099
-3.40902
-3.40857
-3.40902
-3.40902
-3.40902
-3.41053
-3.41038
-3.41098
-3.41114
-3.41084
-3.41084
-3.41053
-3.40978
-3.41023
-3.41083
-3.41008
-3.41008
-3.40978
-3.41084
-3.41084
-3.41023
-3.40932
-3.40978
-3.40932
-3.40811
-3.40887
-3.40993
-3.40963
-3.40948
-3.40902
-3.40962
-3.40977
-3.41053
-3.41143
-3.41294
-3.41325
-3.41249
-3.41371
-3.41325
-3.41325
-3.4131
-3.41386
-3.41491
-3.41461
-3.41355
-3.41325
-3.414
-3.4131
-3.41294
-3.41294
-3.41295
-3.41234
-3.41068
-3.40962
-3.41038
-3.40978
-3.41023
-3.41008
-3.40978
-3.41023
-3.40993
-3.40811
-3.40826
-3.40811
-3.40811
-3.40841
-3.40826
-3.40781
-3.40721
-3.40766
-3.40721
-3.40705
-3.40766
-3.40841
-3.40902
-3.40947
-3.41008
-3.41083
-3.41083
-3.41098
-3.41159
-3.41204
-3.41128
-3.41204
-3.41189
-3.41204
-3.41143
-3.41023
-3.41068
-3.41129
-3.41084
-3.41008
-3.41008
-3.41038
-3.41022
-3.41037
-3.41007
-3.40962
-3.40902
-3.40902
-3.40842
-3.40857
-3.40902
-3.40948
-3.40902
-3.41008
-3.40978
-3.41023
-3.40962
-3.40962
-3.40977
-3.41023
-3.41068
-3.41023
-3.41023
-3.40992
-3.41022
-3.41022
-3.41067
-3.41083
-3.41083
-3.41053
-3.41053
-3.41189
-3.41144
-3.41325
-3.41416
-3.41431
-3.41295
-3.41279
-3.4134
-3.41294
-3.41219
-3.41234
-3.41249
-3.41219
-3.41158
-3.41128
-3.41158
-3.41203
-3.41279
-3.41204
-3.41234
-3.41174
-3.41295
-3.4131
-3.4128
-3.4137
-3.4134
-3.41325
-3.4134
-3.41506
-3.41596
-3.41581
-3.41581
-3.41566
-3.41582
-3.41536
-3.41521
-3.4131
-3.41385
-3.4137
-3.4137
-3.4143
-3.41354
-3.41445
-3.41279
-3.41355
-3.41249
-3.41173
-3.41173
-3.41204
-3.41158
-3.41249
-3.41309
-3.41264
-3.41234
-3.41219
-3.41249
-3.41294
-3.41234
-3.41249
-3.41264
-3.41355
-3.41189
-3.41174
-3.41219
-3.41189
-3.41173
-3.41249
-3.41264
-3.41264
-3.41219
-3.41189
-3.41053
-3.40977
-3.41008
-3.41068
-3.41068
-3.41114
-3.41099
-3.41129
-3.41234
-3.41174
-3.41279
-3.41279
-3.41234
-3.41279
-3.41279
-3.41295
-3.414
-3.4143
-3.41445
-3.41566
-3.41596
-3.41521
-3.41567
-3.41521
-3.41491
-3.41476
-3.41385
-3.41355
-3.41264
-3.414
-3.41446
-3.4143
-3.41325
-3.4134
-3.41355
-3.41294
-3.41309
-3.41415
-3.41476
-3.414
-3.41385
-3.41385
-3.41249
-3.41113
-3.41249
-3.41249
-3.41234
-3.41204
-3.41189
-3.41234
-3.41189
-3.41144
-3.41038
-3.41053
-3.41113
-3.41083
-3.41128
-3.41128
-3.41113
-3.41098
-3.41007
-3.41023
-3.41023
-3.41068
-3.40993
-3.41008
-3.40978
-3.40978
-3.40947
-3.40901
-3.40916
-3.40947
-3.40932
-3.40917
-3.40841
-3.40842
-3.40842
-3.40812
-3.40842
-3.40872
-3.40932
-3.40993
-3.40887
-3.40886
-3.40811
-3.40886
-3.40887
-3.40856
-3.40735
-3.40675
-3.40675
-3.40629
-3.40645
-3.40615
-3.4054
-3.40525
-3.4054
-3.4066
-3.40645
-3.40675
-3.4066
-3.40766
-3.40735
-3.4072
-3.40826
-3.40887
-3.40902
-3.40932
-3.40978
-3.41008
-3.41008
-3.40917
-3.40977
-3.40962
-3.40887
-3.40751
-3.40766
-3.40705
-3.40584
-3.40614
-3.40705
-3.40735
-3.40675
-3.40691
-3.40661
-3.40631
-3.40646
-3.40676
-3.40721
-3.40811
-3.40796
-3.4069
-3.40705
-3.40691
-3.40721
-3.40766
-3.40766
-3.40796
-3.40857
-3.40978
-3.40917
-3.40842
-3.40842
-3.40826
-3.40871
-3.40871
-3.40811
-3.40735
-3.40675
-3.40509
-3.40524
-3.40524
-3.40464
-3.40494
-3.40524
-3.4054
-3.40479
-3.4054
-3.4057
-3.4066
-3.4066
-3.40554
-3.40554
-3.40509
-3.40493
-3.40524
-3.40448
-3.40463
-3.40569
-3.40751
-3.40887
-3.40947
-3.40962
-3.40963
-3.41068
-3.41038
-3.41144
-3.41174
-3.41144
-3.41038
-3.41007
-3.40976
-3.40991
-3.40917
-3.41038
-3.41023
-3.41099
-3.41129
-3.41205
-3.41083
-3.41113
-3.41174
-3.41309
-3.41249
-3.41112
-3.41188
-3.41083
-3.41007
-3.40992
-3.40887
-3.40887
-3.40887
-3.40826
-3.40796
-3.40856
-3.40872
-3.40887
-3.41023
-3.41038
-3.41023
-3.41053
-3.41053
-3.40917
-3.40841
-3.40872
-3.40811
-3.40947
-3.40947
-3.40962
-3.40826
-3.40947
-3.40901
-3.40886
-3.40947
-3.40856
-3.40841
-3.40766
-3.40932
-3.40917
-3.40811
-3.40751
-3.40751
-3.40706
-3.4057
-3.4063
-3.40645
-3.40675
-3.40675
-3.40735
-3.40735
-3.40735
-3.40886
-3.40796
-3.40841
-3.40887
-3.40918
-3.40872
-3.40918
-3.40963
-3.41098
-3.41083
-3.41144
-3.41159
-3.41204
-3.4131
-3.41355
-3.41386
-3.4137
-3.4143
-3.4143
-3.4137
-3.41264
-3.41279
-3.41264
-3.41204
-3.4131
-3.41295
-3.4128
-3.41325
-3.4134
-3.41159
-3.41189
-3.41265
-3.41295
-3.4128
-3.4125
-3.41295
-3.41279
-3.41173
-3.41188
-3.41159
-3.4125
-3.4134
-3.4134
-3.41295
-3.4134
-3.41355
-3.41325
-3.41355
-3.41416
-3.41416
-3.41416
-3.41355
-3.41355
-3.41355
-3.4131
-3.41295
-3.41385
-3.41401
-3.41492
-3.41582
-3.41522
-3.41566
-3.41551
-3.41611
-3.41611
-3.41551
-3.41506
-3.41446
-3.41415
-3.41446
-3.41476
-3.41446
-3.41522
-3.41506
-3.41431
-3.41597
-3.41612
-3.41612
-3.41642
-3.41597
-3.41642
-3.41581
-3.41596
-3.41536
-3.41597
-3.41627
-3.41506
-3.41491
-3.41522
-3.41491
-3.41567
-3.41506
-3.41522
-3.41552
-3.41612
-3.41672
-3.41702
-3.41672
-3.41627
-3.41688
-3.41673
-3.41688
-3.41734
-3.41673
-3.41718
-3.41658
-3.41567
-3.41522
-3.41461
-3.41476
-3.41521
-3.41521
-3.41445
-3.41475
-3.4152
-3.41536
-3.41581
-3.41476
-3.41506
-3.41582
-3.41567
-3.41537
-3.41703
-3.41673
-3.41688
-3.41597
-3.41597
-3.41733
-3.41658
-3.41703
-3.41643
-3.41627
-3.41612
-3.41536
-3.41506
-3.41551
-3.4146
-3.41445
-3.4143
-3.41461
-3.41461
-3.41537
-3.41492
-3.41492
-3.41417
-3.41492
-3.41447
-3.41462
-3.41492
-3.41537
-3.41506
-3.41476
-3.41491
-3.41431
-3.41386
-3.41401
-3.41401
-3.41446
-3.4134
-3.41234
-3.41159
-3.41144
-3.41204
-3.41204
-3.4131
-3.41371
-3.4134
-3.41386
-3.41416
-3.41476
-3.41537
-3.41582
-3.41612
-3.41567
-3.41612
-3.41567
-3.41582
-3.41567
-3.41461
-3.41476
-3.41521
-3.41491
-3.41476
-3.41355
-3.4131
-3.41265
-3.41295
-3.41234
-3.41204
-3.41219
-3.41204
-3.41159
-3.41265
-3.4131
-3.4134
-3.41249
-3.4131
-3.41189
-3.41204
-3.41189
-3.41098
-3.41189
-3.41204
-3.41279
-3.41234
-3.41249
-3.41325
-3.41234
-3.4131
-3.41235
-3.41159
-3.4122
-3.4125
-3.41159
-3.41189
-3.41113
-3.41143
-3.41189
-3.41053
-3.41129
-3.41114
-3.4125
-3.4125
-3.41174
-3.41129
-3.41023
-3.41068
-3.41023
-3.41023
-3.41007
-3.41052
-3.41022
-3.40992
-3.41008
-3.41053
-3.41068
-3.41099
-3.41174
-3.41159
-3.41159
-3.41069
-3.41054
-3.41084
-3.41099
-3.41068
-3.40978
-3.41068
-3.41053
-3.41083
-3.41159
-3.41264
-3.4131
-3.4131
-3.41295
-3.4122
-3.41174
-3.4122
-3.4125
-3.4125
-3.41144
-3.41144
-3.41174
-3.41295
-3.41189
-3.41128
-3.41159
-3.41159
-3.41174
-3.4125
-3.41295
-3.41416
-3.41401
-3.41431
-3.41341
-3.4125
-3.41175
-3.41175
-3.41175
-3.41114
-3.41068
-3.40992
-3.40977
-3.41023
-3.41069
-3.41008
-3.41069
-3.41039
-3.41084
-3.41114
-3.4119
-3.41159
-3.41159
-3.41069
-3.41099
-3.41069
-3.41114
-3.41129
-3.4131
-3.41371
-3.41356
-3.41401
-3.41431
-3.41477
-3.41462
-3.41462
-3.41341
-3.41356
-3.4131
-3.41401
-3.41492
-3.41462
-3.41522
-3.41583
-3.41583
-3.41553
-3.41583
-3.41447
-3.41492
-3.41522
-3.41537
-3.41597
-3.41643
-3.41597
-3.41613
-3.41567
-3.41431
-3.41356
-3.41386
-3.41401
-3.41296
-3.41175
-3.4128
-3.41356
-3.41325
-3.41325
-3.41265
-3.4131
-3.4128
-3.41356
-3.4128
-3.41235
-3.41355
-3.41355
-3.4134
-3.4134
-3.41159
-3.41114
-3.41129
-3.41129
-3.41159
-3.41098
-3.4128
-3.4128
-3.4122
-3.41235
-3.4122
-3.4122
-3.4122
-3.41159
-3.41129
-3.41129
-3.41084
-3.40963
-3.40963
-3.40887
-3.40887
-3.40933
-3.40918
-3.41008
-3.40918
-3.40888
-3.40918
-3.40918
-3.41069
-3.41144
-3.41235
-3.41235
-3.41371
-3.41295
-3.4116
-3.41205
-3.41311
-3.41326
-3.41311
-3.41295
-3.41371
-3.41492
-3.41567
-3.41507
-3.41492
-3.41447
-3.41387
-3.41492
-3.41492
-3.41447
-3.41356
-3.41341
-3.41386
-3.41416
-3.41356
-3.41341
-3.4125
-3.41205
-3.41295
-3.41265
-3.41355
-3.41401
-3.41371
-3.41326
-3.41235
-3.4116
-3.4116
-3.41144
-3.4116
-3.41265
-3.41235
-3.41235
-3.41311
-3.41205
-3.41175
-3.4119
-3.41235
-3.41251
-3.4119
-3.41251
-3.41145
-3.41175
-3.41265
-3.4125
-3.4122
-3.41356
-3.41326
-3.41417
-3.41416
-3.41462
-3.41416
-3.41386
-3.41386
-3.41341
-3.41295
-3.41296
-3.41205
-3.4116
-3.41114
-3.41129
-3.41114
-3.41099
-3.41205
-3.41266
-3.41235
-3.41175
-3.4116
-3.41129
-3.41144
-3.4131
-3.41234
-3.41235
-3.41205
-3.41281
-3.41341
-3.41311
-3.41462
-3.41522
-3.41462
-3.41507
-3.41522
-3.41567
-3.41491
-3.41446
-3.41552
-3.41461
-3.41507
-3.41537
-3.41477
-3.41568
-3.41583
-3.41522
-3.41432
-3.41401
-3.41341
-3.41401
-3.41507
-3.41476
-3.41522
-3.41537
-3.41491
-3.41582
-3.41612
-3.41567
-3.41597
-3.41506
-3.41446
-3.41356
-3.41341
-3.41326
-3.41251
-3.41266
-3.41266
-3.41356
-3.41341
-3.41355
-3.41325
-3.41295
-3.4134
-3.4134
-3.4131
-3.41325
-3.41219
-3.41234
-3.41234
-3.41265
-3.41311
-3.41326
-3.41326
-3.41281
-3.41296
-3.41371
-3.41431
-3.41552
-3.41552
-3.41522
-3.41461
-3.41386
-3.41386
-3.4134
-3.41265
-3.41325
-3.41295
-3.41295
-3.41159
-3.41099
-3.41053
-3.40978
-3.40902
-3.40933
-3.40918
-3.40872
-3.40902
-3.40782
-3.40721
-3.40767
-3.40706
-3.40691
-3.40781
-3.40721
-3.40781
-3.40796
-3.40857
-3.40796
-3.40857
-3.40872
-3.40827
-3.40766
-3.40751
-3.40736
-3.40736
-3.40706
-3.40736
-3.40978
-3.40978
-3.40978
-3.40993
-3.41068
-3.41129
-3.41144
-3.41114
-3.41204
-3.41204
-3.41099
-3.41129
-3.41129
-3.41144
-3.41189
-3.41144
-3.41159
-3.41235
-3.41204
-3.4131
-3.41234
-3.41265
-3.4131
-3.41264
-3.41295
-3.41325
-3.4128
-3.4128
-3.4128
-3.41175
-3.4122
-3.41129
-3.41144
-3.41129
-3.41023
-3.40978
-3.41099
-3.41038
-3.40978
-3.40993
-3.40993
-3.41084
-3.41069
-3.41099
-3.4122
-3.4119
-3.41144
-3.41265
-3.4131
-3.4134
-3.4134
-3.41295
-3.4125
-3.41159
-3.4122
-3.41205
-3.41145
-3.41129
-3.41129
-3.41174
-3.41219
-3.41249
-3.41265
-3.41234
-3.4131
-3.41235
-3.41326
-3.41371
-3.41144
-3.41205
-3.41174
-3.41144
-3.41204
-3.41129
-3.41099
-3.41114
-3.41129
-3.41129
-3.41159
-3.41054
-3.40963
-3.40888
-3.40842
-3.40963
-3.41039
-3.40933
-3.40993
-3.40963
-3.41008
-3.40993
-3.40887
-3.41023
-3.41069
-3.41099
-3.41175
-3.41084
-3.41039
-3.41009
-3.41039
-3.41069
-3.41099
-3.41054
-3.40887
-3.40887
-3.40963
-3.40918
-3.40933
-3.41038
-3.40993
-3.40842
-3.40842
-3.40812
-3.40782
-3.40767
-3.40827
-3.40917
-3.40857
-3.40842
-3.40963
-3.40963
-3.40993
-3.41069
-3.41069
-3.41069
-3.41024
-3.41054
-3.41039
-3.41084
-3.41023
-3.41023
-3.41129
-3.41054
-3.41039
-3.41069
-3.41009
-3.41114
-3.4122
-3.41189
-3.41159
-3.41098
-3.41068
-3.41068
-3.40917
-3.40963
-3.40857
-3.40902
-3.40993
-3.40947
-3.40887
-3.40933
-3.40887
-3.40963
-3.40963
-3.40948
-3.40948
-3.41084
-3.41084
-3.41008
-3.41174
-3.41235
-3.4128
-3.41219
-3.41174
-3.41098
-3.41159
-3.41129
-3.41114
-3.41099
-3.41084
-3.41069
-3.41069
-3.40978
-3.41099
-3.41084
-3.41054
-3.40964
-3.41009
-3.41009
-3.40918
-3.40872
-3.40917
-3.41023
-3.40978
-3.41069
-3.41039
-3.40963
-3.40993
-3.41129
-3.4119
-3.41235
-3.4122
-3.41281
-3.41266
-3.41205
-3.41205
-3.41235
-3.41205
-3.41144
-3.41159
-3.41129
-3.41099
-3.41099
-3.411
-3.4113
-3.4107
-3.41069
-3.41009
-3.40978
-3.41099
-3.41099
-3.41099
-3.41084
-3.41144
-3.41145
-3.41069
-3.41009
-3.41069
-3.41115
-3.41039
-3.40918
-3.40918
-3.40918
-3.40963
-3.41039
-3.40948
-3.41008
-3.41069
-3.41205
-3.41099
-3.41069
-3.41054
-3.4113
-3.41099
-3.41099
-3.41129
-3.40948
-3.40993
-3.41039
-3.41024
-3.40903
-3.40888
-3.40948
-3.40918
-3.40737
-3.40707
-3.40843
-3.40873
-3.40797
-3.40873
-3.40858
-3.40888
-3.40873
-3.40813
-3.40888
-3.40948
-3.40918
-3.40887
-3.40812
-3.40751
-3.40751
-3.40676
-3.40737
-3.40737
-3.40692
-3.40677
-3.40677
-3.40631
-3.40586
-3.4054
-3.40571
-3.40571
-3.40692
-3.40661
-3.40707
-3.40707
-3.40722
-3.40782
-3.40888
-3.40888
-3.40872
-3.40918
-3.40918
-3.40902
-3.40932
-3.40978
-3.40933
-3.40948
-3.40888
-3.40918
-3.41054
-3.40993
-3.41039
-3.41024
-3.41024
-3.41024
-3.41054
-3.40873
-3.40933
-3.40857
-3.40812
-3.40918
-3.40948
-3.40963
-3.40963
-3.41008
-3.41038
-3.41144
-3.41159
-3.41083
-3.41129
-3.41174
-3.41174
-3.4128
-3.41311
-3.41371
-3.41235
-3.41205
-3.41159
-3.41174
-3.4128
-3.41295
-3.4131
-3.41159
-3.41129
-3.41009
-3.40979
-3.40994
-3.41024
-3.40978
-3.40947
-3.40977
-3.40947
-3.40962
-3.40978
-3.40933
-3.40994
-3.40979
-3.41099
-3.41145
-3.41129
-3.41295
-3.41235
-3.41249
-3.4134
-3.41265
-3.41265
-3.41174
-3.4122
-3.41175
-3.41341
-3.41251
-3.4125
-3.41356
-3.4128
-3.4125
-3.41265
-3.4131
-3.4137
-3.41385
-3.41385
-3.41386
-3.41386
-3.41341
-3.41296
-3.41265
-3.41295
-3.41522
-3.41401
-3.41355
-3.4137
-3.41431
-3.41461
-3.41567
-3.41506
-3.41507
-3.41567
-3.41613
-3.41538
-3.41553
-3.41508
-3.41477
-3.41431
-3.41356
-3.4128
-3.41355
-3.41401
-3.4131
-3.41265
-3.4128
-3.4128
-3.4125
-3.41159
-3.41129
-3.41144
-3.41281
-3.41417
-3.41447
-3.41417
-3.41538
-3.41598
-3.41568
-3.41507
-3.41492
-3.41371
-3.41432
-3.41371
-3.41401
-3.4131
-3.41219
-3.41234
-3.4128
-3.4125
-3.4131
-3.4125
-3.41129
-3.41129
-3.41114
-3.41084
-3.41069
-3.41099
-3.41099
-3.41129
-3.41053
-3.41038
-3.41083
-3.41053
-3.40978
-3.41083
-3.41083
-3.41159
-3.41234
-3.4125
-3.41265
-3.4119
-3.41205
-3.41174
-3.41174
-3.41174
-3.41083
-3.41113
-3.41037
-3.41113
-3.41067
-3.40962
-3.40978
-3.40888
-3.40888
-3.40797
-3.40918
-3.40948
-3.41023
-3.41129
-3.41114
-3.41159
-3.41114
-3.41054
-3.41008
-3.41008
-3.41008
-3.40932
-3.40917
-3.40917
-3.40887
-3.40977
-3.40962
-3.40993
-3.40872
-3.40872
-3.40812
-3.40812
-3.40706
-3.40766
-3.40811
-3.40781
-3.40781
-3.40857
-3.40917
-3.40781
-3.40826
-3.40766
-3.40721
-3.40766
-3.40842
-3.40812
-3.40963
-3.40918
-3.40873
-3.40903
-3.40903
-3.40812
-3.40797
-3.40812
-3.40751
-3.40872
-3.40721
-3.4066
-3.40706
-3.40721
-3.40751
-3.40797
-3.40782
-3.40782
-3.40842
-3.40933
-3.40842
-3.40963
-3.40918
-3.40978
-3.41069
-3.41144
-3.41099
-3.41174
-3.41159
-3.41174
-3.41129
-3.41068
-3.41053
-3.41068
-3.41099
-3.41084
-3.41038
-3.41008
-3.41008
-3.40993
-3.41038
-3.41099
-3.41204
-3.41189
-3.41189
-3.41129
-3.41144
-3.41114
-3.41129
-3.41129
-3.41175
-3.41235
-3.41281
-3.41401
-3.41386
-3.41476
-3.41461
-3.41415
-3.4143
-3.41521
-3.41415
-3.41476
-3.41461
-3.41522
-3.41401
-3.41447
-3.41537
-3.41522
-3.41583
-3.41689
-3.41749
-3.41779
-3.41764
-3.41748
-3.41839
-3.41854
-3.41808
-3.41612
-3.41612
-3.41537
-3.41597
-3.41597
-3.41582
-3.41567
-3.41537
-3.41552
-3.41462
-3.41477
-3.41523
-3.41478
-3.41613
-3.41613
-3.41553
-3.41597
-3.41718
-3.41687
-3.41642
-3.41446
-3.41416
-3.41492
-3.41508
-3.41583
-3.41598
-3.41507
-3.41462
-3.41401
-3.41386
-3.41356
-3.41326
-3.41356
-3.41386
-3.41371
-3.41325
-3.41371
-3.41371
-3.41235
-3.41174
-3.41099
-3.41023
-3.41008
-3.40993
-3.41054
-3.41039
-3.41054
-3.41039
-3.41129
-3.41205
-3.4119
-3.4116
-3.41084
-3.41008
-3.41023
-3.40978
-3.40917
-3.40963
-3.40918
-3.40933
-3.40872
-3.40933
-3.40887
-3.41009
-3.41115
-3.41281
-3.41221
-3.41266
-3.41205
-3.41175
-3.4122
-3.41175
-3.41114
-3.40978
-3.41144
-3.41159
-3.41189
-3.41265
-3.41311
-3.41371
-3.41372
-3.41311
-3.41266
-3.41205
-3.41296
-3.41251
-3.41266
-3.4116
-3.41205
-3.41144
-3.41099
-3.40994
-3.41084
-3.41039
-3.40948
-3.40994
-3.41008
-3.41069
-3.41159
-3.41144
-3.41174
-3.4125
-3.41205
-3.41265
-3.41114
-3.4113
-3.411
-3.41115
-3.41145
-3.41221
-3.41326
-3.41311
-3.41311
-3.41311
-3.41296
-3.41296
-3.41356
-3.41356
-3.41311
-3.41326
-3.41357
-3.41326
-3.41342
-3.41341
-3.41281
-3.41371
-3.41326
-3.41326
-3.41401
-3.41537
-3.41492
-3.41461
-3.41462
-3.41401
-3.41447
-3.41447
-3.41372
-3.41372
-3.41296
-3.41296
-3.41326
-3.41296
-3.41296
-3.41462
-3.41553
-3.41643
-3.41598
-3.41613
-3.41598
-3.41522
-3.41431
-3.41371
-3.41432
-3.41402
-3.41296
-3.41311
-3.41386
-3.41447
-3.41568
-3.41659
-3.41628
-3.41598
-3.41598
-3.41553
-3.41552
-3.41492
-3.41447
-3.41461
-3.41401
-3.41386
-3.4134
-3.4137
-3.41355
-3.41219
-3.41144
-3.41204
-3.41159
-3.41159
-3.41235
-3.4119
-3.41295
-3.41296
-3.41356
-3.41295
-3.41341
-3.41341
-3.41401
-3.41355
-3.4128
-3.4131
-3.41371
-3.41386
-3.41416
-3.41431
-3.41326
-3.41311
-3.41281
-3.4125
-3.41235
-3.4116
-3.41205
-3.4125
-3.4122
-3.41175
-3.4119
-3.41175
-3.4119
-3.41084
-3.41024
-3.41069
-3.41039
-3.40993
-3.40933
-3.40918
-3.41009
-3.40933
-3.40797
-3.40736
-3.40766
-3.40842
-3.40872
-3.41008
-3.41039
-3.4104
-3.41025
-3.40934
-3.40843
-3.40812
-3.40873
-3.40827
-3.40767
-3.40797
-3.40857
-3.40917
-3.40978
-3.41008
-3.41039
-3.4116
-3.4122
-3.41235
-3.41084
-3.41099
-3.40948
-3.40933
-3.40933
-3.40873
-3.40797
-3.40827
-3.40858
-3.40963
-3.40843
-3.40722
-3.40556
-3.40571
-3.4051
-3.40495
-3.40465
-3.40434
-3.40389
-3.40449
-3.4051
-3.4051
-3.4054
-3.40601
-3.40646
-3.40631
-3.40677
-3.40767
-3.40707
-3.40782
-3.40737
-3.40812
-3.40888
-3.40797
-3.40782
-3.40782
-3.40827
-3.40782
-3.40857
-3.40948
-3.40948
-3.41008
-3.40993
-3.40993
-3.40948
-3.40993
-3.41008
-3.40978
-3.40888
-3.40918
-3.40857
-3.40857
-3.40782
-3.40752
-3.40767
-3.40752
-3.40813
-3.40827
-3.40767
-3.40842
-3.40767
-3.40782
-3.40706
-3.40767
-3.40767
-3.40767
-3.40707
-3.40676
-3.40631
-3.40631
-3.40721
-3.40782
-3.40812
-3.40828
-3.40813
-3.40873
-3.40979
-3.40994
-3.40994
-3.41009
-3.40827
-3.40812
-3.40843
-3.40707
-3.40677
-3.40677
-3.40678
-3.40632
-3.40556
-3.40632
-3.40662
-3.40601
-3.40661
-3.40722
-3.40707
-3.40616
-3.40571
-3.40601
-3.40541
-3.40587
-3.40632
-3.40602
-3.40616
-3.40601
-3.40631
-3.40646
-3.40555
-3.40555
-3.40556
-3.4045
-3.40511
-3.40511
-3.40421
-3.40466
-3.40481
-3.40526
-3.40557
-3.40647
-3.40722
-3.40692
-3.40767
-3.40631
-3.40646
-3.40601
-3.40631
-3.40647
-3.40616
-3.40586
-3.40797
-3.40813
-3.40752
-3.40813
-3.40768
-3.40889
-3.4095
-3.40889
-3.40859
-3.40934
-3.40919
-3.40888
-3.40873
-3.40903
-3.40858
-3.40934
-3.40858
-3.40828
-3.40783
-3.40798
-3.40753
-3.40798
-3.40753
-3.40828
-3.40859
-3.40964
-3.40904
-3.40949
-3.40889
-3.40919
-3.4101
-3.4107
-3.4104
-3.41131
-3.4101
-3.41025
-3.41055
-3.41116
-3.41071
-3.41146
-3.41161
-3.41085
-3.41025
-3.40964
-3.4101
-3.4104
-3.41131
-3.4101
-3.41025
-3.4101
-3.41055
-3.41131
-3.41191
-3.41191
-3.41176
-3.41206
-3.41161
-3.41161
-3.41055
-3.41025
-3.411
-3.41116
-3.41071
-3.41026
-3.40996
-3.4095
-3.40996
-3.4086
-3.4092
-3.40859
-3.40843
-3.40767
-3.40843
-3.40858
-3.40919
-3.40814
-3.40799
-3.40754
-3.40739
-3.40723
-3.40648
-3.40647
-3.40662
-3.40707
-3.40617
-3.40602
-3.40526
-3.40496
-3.40587
-3.40557
-3.40633
-3.40557
-3.40512
-3.40557
-3.40526
-3.40541
-3.40572
-3.40572
-3.40617
-3.40602
-3.40602
-3.40602
-3.40662
-3.40662
-3.40723
-3.40738
-3.40859
-3.40904
-3.40919
-3.4098
-3.4104
-3.40995
-3.41025
-3.40979
-3.41085
-3.41055
-3.41025
-3.40934
-3.40904
-3.4101
-3.4092
-3.4098
-3.41025
-3.41055
-3.4104
-3.41086
-3.41192
-3.41177
-3.41101
-3.41086
-3.41222
-3.41267
-3.41297
-3.41312
-3.41297
-3.41312
-3.41161
-3.41176
-3.41146
-3.41161
-3.41206
-3.41236
-3.41161
-3.411
-3.41176
-3.41191
-3.41206
-3.41206
-3.41131
-3.41191
-3.41161
-3.41327
-3.41327
-3.41282
-3.41207
-3.41192
-3.41071
-3.41101
-3.41161
-3.41131
-3.41101
-3.4104
-3.41116
-3.41146
-3.41131
-3.41207
-3.41131
-3.41252
-3.41357
-3.41357
-3.41267
-3.41282
-3.41161
-3.41237
-3.41282
-3.41282
-3.41222
-3.41177
-3.41071
-3.41101
-3.40995
-3.4101
-3.4101
-3.4095
-3.4098
-3.40981
-3.40905
-3.40951
-3.40996
-3.40996
-3.40996
-3.4098
-3.4098
-3.40965
-3.4104
-3.41146
-3.41146
-3.41222
-3.41298
-3.41207
-3.41283
-3.41328
-3.41388
-3.41524
-3.41479
-3.41419
-3.41434
-3.41389
-3.41374
-3.41283
-3.41253
-3.41268
-3.41328
-3.41282
-3.41252
-3.41312
-3.41343
-3.41343
-3.41388
-3.41449
-3.41449
-3.41449
-3.41524
-3.41539
-3.41509
-3.41509
-3.41555
-3.4157
-3.4154
-3.4154
-3.41509
-3.41539
-3.41539
-3.41524
-3.41434
-3.41525
-3.41449
-3.41464
-3.41358
-3.41494
-3.41463
-3.41554
-3.41509
-3.41358
-3.41358
-3.41449
-3.41464
-3.41494
-3.41479
-3.41419
-3.41343
-3.41404
-3.41343
-3.41343
-3.41192
-3.41086
-3.41146
-3.41116
-3.41056
-3.4104
-3.41116
-3.41026
-3.41041
-3.40995
-3.4095
-3.41071
-3.41071
-3.41116
-3.4104
-3.41116
-3.41267
-3.41267
-3.41236
-3.41251
-3.41236
-3.41267
-3.41433
-3.41479
-3.41524
-3.41524
-3.41388
-3.41388
-3.41343
-3.41388
-3.41418
-3.41554
-3.41493
-3.41554
-3.41584
-3.4169
-3.4178
-3.4172
-3.4169
-3.41614
-3.41614
-3.4169
-3.41675
-3.41614
-3.41599
-3.41629
-3.41629
-3.41629
-3.4169
-3.4166
-3.41614
-3.41448
-3.41358
-3.41388
-3.41388
-3.41372
-3.41433
-3.41418
-3.41508
-3.41448
-3.41418
-3.41343
-3.41328
-3.41343
-3.41298
-3.41222
-3.41207
-3.41176
-3.41282
-3.41297
-3.41312
-3.41372
-3.41266
-3.41236
-3.41282
-3.41237
-3.41252
-3.41313
-3.41388
-3.41388
-3.41388
-3.41479
-3.41524
-3.41524
-3.41494
-3.41403
-3.41237
-3.41252
-3.41282
-3.41327
-3.41357
-3.41297
-3.41297
-3.41297
-3.41252
-3.41252
-3.41222
-3.41116
-3.41162
-3.41116
-3.41147
-3.41011
-3.41026
-3.41025
-3.41025
-3.40919
-3.40889
-3.40889
-3.40995
-3.4098
-3.40965
-3.40965
-3.4095
-3.40919
-3.40919
-3.40935
-3.40995
-3.40935
-3.4092
-3.40965
-3.40935
-3.4092
-3.4092
-3.40965
-3.41025
-3.41056
-3.40995
-3.41041
-3.41071
-3.41041
-3.41041
-3.41026
-3.41086
-3.41086
-3.41252
-3.41327
-3.41267
-3.41372
-3.41387
-3.41433
-3.41448
-3.41357
-3.41312
-3.41313
-3.41358
-3.41328
-3.41343
-3.41357
-3.41538
-3.41478
-3.41463
-3.41418
-3.41418
-3.41357
-3.41357
-3.41388
-3.41358
-3.41176
-3.41101
-3.41056
-3.40995
-3.4101
-3.40994
-3.40994
-3.41009
-3.40903
-3.40783
-3.40798
-3.40935
-3.41026
-3.40965
-3.4089
-3.40859
-3.40859
-3.40843
-3.40903
-3.40918
-3.40873
-3.40903
-3.40994
-3.41025
-3.40995
-3.411
-3.41131
-3.41221
-3.41266
-3.41296
-3.4122
-3.41235
-3.4122
-3.41296
-3.41281
-3.41342
-3.41357
-3.41297
-3.41297
-3.41342
-3.41327
-3.41387
-3.41356
-3.41477
-3.41507
-3.41643
-3.41628
-3.41673
-3.41628
-3.41492
-3.41417
-3.41281
-3.41221
-3.41206
-3.41281
-3.41311
-3.41311
-3.41326
-3.41311
-3.41311
-3.41356
-3.41326
-3.41326
-3.4122
-3.41205
-3.4122
-3.41281
-3.41357
-3.41538
-3.41493
-3.41447
-3.41432
-3.41402
-3.41387
-3.41311
-3.4122
-3.41069
-3.40993
-3.41069
-3.41054
-3.41115
-3.41115
-3.4116
-3.41205
-3.4113
-3.41115
-3.411
-3.41115
-3.4119
-3.4119
-3.41145
-3.41024
-3.40993
-3.41069
-3.41024
-3.4116
-3.4113
-3.4107
-3.41101
-3.41085
-3.41221
-3.4122
-3.4125
-3.4125
-3.41235
-3.41115
-3.41175
-3.41176
-3.4116
-3.4116
-3.41206
-3.41236
-3.4116
-3.41145
-3.4113
-3.4113
-3.40994
-3.41084
-3.41084
-3.4116
-3.41115
-3.4116
-3.4113
-3.4107
-3.4104
-3.41055
-3.411
-3.4113
-3.4113
-3.41099
-3.41069
-3.41084
-3.41069
-3.40949
-3.41085
-3.41115
-3.40964
-3.40888
-3.40888
-3.41009
-3.40994
-3.40948
-3.41069
-3.41175
-3.41084
-3.41069
-3.41069
-3.41115
-3.41145
-3.41205
-3.41236
-3.41281
-3.41236
-3.41145
-3.41145
-3.41266
-3.41326
-3.41281
-3.4128
-3.41341
-3.41265
-3.41189
-3.41159
-3.41175
-3.41145
-3.4116
-3.41024
-3.41085
-3.41145
-3.4119
-3.41175
-3.41115
-3.4113
-3.41145
-3.41069
-3.41069
-3.41129
-3.41069
-3.41084
-3.4119
-3.41235
-3.41099
-3.4116
-3.41114
-3.41084
-3.4116
-3.41084
-3.41039
-3.4113
-3.41205
-3.41251
-3.41281
-3.41311
-3.41417
-3.41432
-3.41402
-3.41432
-3.41523
-3.41477
-3.41492
-3.41508
-3.41462
-3.41432
-3.41356
-3.4119
-3.41205
-3.4107
-3.40949
-3.40873
-3.40888
-3.40873
-3.40873
-3.40903
-3.40979
-3.40964
-3.40964
-3.40873
-3.40888
-3.41024
-3.40888
-3.40949
-3.41039
-3.41145
-3.4116
-3.4113
-3.41069
-3.41069
-3.41054
-3.40979
-3.40903
-3.40903
-3.40994
-3.40903
-3.40888
-3.40964
-3.41009
-3.40993
-3.40963
-3.41053
-3.40963
-3.41023
-3.41069
-3.41009
-3.40948
-3.40843
-3.40888
-3.40889
-3.40873
-3.40858
-3.40873
-3.40903
-3.40963
-3.40978
-3.40918
-3.40978
-3.40964
-3.40979
-3.40994
-3.41054
-3.41054
-3.41009
-3.40918
-3.40978
-3.40873
-3.40948
-3.40948
-3.40947
-3.40947
-3.40962
-3.40962
-3.41038
-3.40872
-3.40827
-3.40842
-3.40873
-3.40828
-3.40873
-3.40873
-3.40857
-3.40827
-3.40767
-3.40812
-3.40827
-3.40797
-3.40888
-3.40948
-3.40903
-3.41023
-3.41039
-3.40993
-3.40963
-3.41023
-3.41023
-3.40948
-3.41099
-3.41159
-3.41159
-3.41205
-3.4122
-3.4119
-3.4125
-3.41144
-3.40948
-3.41084
-3.41069
-3.41114
-3.41114
-3.41084
-3.41069
-3.4119
-3.41266
-3.41417
-3.41326
-3.41311
-3.41296
-3.41296
-3.4125
-3.41235
-3.41175
-3.41205
-3.41341
-3.41402
-3.41387
-3.41432
-3.41342
-3.41357
-3.41417
-3.41296
-3.41236
-3.41205
-3.41115
-3.41145
-3.411
-3.411
-3.41115
-3.41115
-3.41039
-3.41099
-3.41024
-3.41039
-3.40994
-3.41024
-3.40979
-3.41024
-3.40964
-3.41024
-3.41024
-3.40964
-3.40993
-3.40993
-3.41024
-3.41054
-3.41039
-3.41085
-3.41055
-3.40964
-3.41009
-3.4107
-3.41145
-3.41084
-3.41024
-3.41069
-3.40948
-3.40994
-3.41085
-3.41069
-3.41084
-3.41129
-3.4116
-3.41054
-3.40933
-3.40873
-3.40843
-3.40873
-3.40812
-3.40676
-3.40737
-3.40828
-3.40903
-3.40918
-3.40843
-3.40782
-3.40797
-3.40828
-3.40812
-3.40843
-3.40843
-3.40903
-3.41024
-3.40979
-3.40903
-3.40903
-3.40903
-3.40843
-3.40933
-3.40934
-3.40979
-3.40888
-3.40918
-3.40948
-3.40842
-3.40827
-3.40812
-3.40782
-3.40767
-3.40782
-3.40783
-3.40783
-3.40858
-3.40813
-3.40752
-3.40843
-3.40858
-3.40828
-3.40692
-3.40631
-3.40677
-3.40707
-3.40767
-3.40707
-3.40828
-3.40752
-3.40767
-3.40812
-3.40827
-3.40842
-3.40827
-3.40827
-3.40888
-3.40858
-3.40904
-3.40843
-3.40813
-3.40874
-3.40949
-3.41024
-3.41039
-3.41054
-3.41069
-3.41221
-3.41221
-3.4116
-3.41054
-3.40979
-3.40963
-3.40918
-3.40887
-3.40963
-3.40948
-3.40948
-3.40903
-3.40857
-3.40933
-3.40918
-3.40873
-3.40873
-3.40752
-3.40948
-3.40979
-3.41054
-3.41039
-3.41024
-3.41069
-3.4116
-3.41129
-3.41084
-3.41023
-3.41023
-3.40993
-3.41039
-3.41115
-3.41296
-3.41296
-3.41357
-3.41312
-3.41342
-3.41327
-3.41236
-3.41251
-3.41356
-3.41296
-3.41386
-3.41552
-3.41492
-3.41417
-3.41372
-3.41357
-3.41281
-3.41281
-3.41251
-3.41205
-3.41205
-3.41205
-3.41311
-3.41311
-3.41356
-3.41372
-3.41266
-3.41296
-3.41266
-3.41281
-3.41311
-3.41281
-3.41326
-3.41326
-3.41311
-3.41296
-3.41265
-3.41235
-3.41311
-3.41401
-3.41326
-3.41341
-3.41296
-3.41251
-3.41266
-3.41161
-3.4116
-3.41039
-3.41069
-3.41129
-3.41144
-3.41114
-3.4128
-3.4122
-3.4119
-3.4119
-3.41145
-3.41251
-3.41236
-3.41327
-3.41266
-3.4119
-3.41205
-3.41235
-3.4119
-3.41235
-3.41326
-3.41326
-3.41296
-3.41266
-3.41296
-3.41357
-3.41447
-3.41568
-3.41659
-3.41644
-3.41719
-3.41674
-3.41613
-3.41507
-3.41476
-3.41431
-3.41356
-3.41447
-3.41447
-3.41432
-3.41568
-3.41658
-3.41628
-3.41628
-3.41416
-3.41416
-3.41387
-3.41326
-3.41311
-3.41326
-3.41341
-3.41386
-3.41295
-3.41295
-3.41326
-3.41341
-3.41296
-3.41356
-3.41447
-3.41507
-3.41492
-3.41477
-3.41432
-3.41341
-3.41281
-3.41311
-3.41356
-3.41326
-3.41205
-3.4125
-3.41235
-3.41159
-3.41189
-3.41235
-3.41204
-3.4128
-3.4122
-3.41326
-3.4122
-3.41145
-3.4119
-3.41129
-3.41129
-3.41144
-3.41114
-3.41054
-3.4116
-3.41114
-3.41039
-3.41084
-3.4119
-3.4122
-3.4119
-3.41084
-3.41024
-3.4116
-3.41266
-3.4122
-3.41265
-3.41159
-3.41205
-3.4119
-3.41145
-3.41054
-3.41055
-3.41039
-3.41024
-3.41039
-3.4113
-3.41175
-3.41251
-3.41251
-3.41281
-3.41281
-3.41356
-3.41326
-3.41175
-3.41099
-3.41069
-3.41114
-3.41114
-3.41114
-3.41099
-3.41054
-3.41024
-3.41099
-3.41145
-3.41145
-3.4116
-3.41176
-3.41115
-3.41145
-3.41145
-3.4122
-3.4119
-3.41281
-3.41266
-3.41296
-3.41296
-3.41311
-3.41356
-3.41311
-3.41342
-3.41281
-3.41327
-3.41342
-3.41326
-3.41417
-3.41341
-3.41462
-3.41462
-3.41432
-3.41478
-3.41463
-3.41493
-3.41478
-3.41493
-3.41493
-3.41447
-3.41311
-3.41372
-3.41387
-3.41342
-3.41251
-3.41312
-3.41312
-3.41312
-3.41402
-3.41357
-3.41372
-3.41342
-3.41282
-3.41251
-3.41236
-3.41206
-3.41191
-3.41221
-3.41296
-3.41326
-3.41417
-3.41448
-3.41388
-3.41237
-3.41101
-3.41162
-3.41131
-3.41116
-3.41222
-3.41146
-3.41116
-3.41176
-3.41116
-3.41131
-3.41101
-3.41071
-3.41025
-3.41055
-3.41055
-3.40965
-3.40935
-3.40995
-3.40935
-3.4098
-3.40995
-3.40965
-3.4095
-3.40965
-3.4098
-3.40981
-3.40965
-3.41161
-3.41161
-3.41146
-3.41191
-3.41207
-3.41071
-3.41056
-3.40995
-3.40935
-3.40995
-3.4101
-3.41025
-3.41056
-3.41071
-3.41071
-3.41086
-3.41056
-3.40995
-3.4098
-3.4098
-3.4101
-3.41055
-3.40995
-3.40995
-3.41086
-3.41116
-3.41177
-3.41117
-3.41222
-3.41237
-3.41086
-3.41101
-3.41252
-3.41283
-3.41373
-3.41328
-3.41298
-3.41328
-3.41237
-3.41237
-3.41237
-3.41192
-3.41146
-3.41116
-3.41116
-3.41071
-3.41071
-3.40935
-3.41041
-3.41026
-3.40966
-3.41132
-3.41102
-3.41057
-3.41027
-3.41042
-3.41087
-3.41102
-3.41147
-3.41131
-3.41101
-3.41132
-3.41086
-3.41177
-3.41222
-3.41282
-3.41252
-3.41328
-3.41268
-3.41208
-3.41254
-3.41194
-3.41148
-3.41193
-3.41208
-3.41162
-3.41222
-3.41222
-3.41298
-3.41343
-3.41419
-3.41314
-3.41193
-3.41208
-3.41223
-3.41162
-3.41178
-3.41268
-3.41328
-3.41283
-3.41193
-3.41193
-3.41254
-3.41299
-3.41284
-3.41344
-3.41313
-3.41359
-3.41253
-3.41208
-3.41223
-3.41208
-3.41133
-3.41148
-3.41147
-3.41132
-3.41147
-3.41147
-3.41192
-3.41268
-3.41253
-3.41207
-3.41192
-3.41207
-3.41283
-3.41313
-3.41419
-3.41434
-3.41495
-3.41555
-3.41359
-3.41358
-3.41524
-3.41585
-3.41524
-3.41539
-3.41509
-3.41464
-3.41434
-3.41389
-3.41374
-3.4145
-3.41435
-3.41389
-3.41328
-3.41359
-3.41343
-3.41313
-3.41253
-3.41283
-3.41403
-3.41418
-3.41358
-3.41388
-3.41328
-3.41267
-3.41207
-3.41116
-3.41086
-3.41056
-3.41131
-3.41056
-3.40995
-3.41011
-3.40935
-3.4098
-3.4095
-3.40859
-3.40814
-3.40784
-3.40814
-3.40829
-3.40799
-3.40769
-3.40875
-3.40905
-3.41011
-3.40981
-3.40875
-3.4095
-3.40936
-3.40981
-3.41011
-3.40845
-3.4083
-3.40799
-3.40814
-3.40724
-3.40769
-3.40694
-3.40724
-3.40769
-3.40633
-3.40573
-3.40467
-3.40512
-3.40603
-3.40512
-3.40588
-3.40634
-3.40573
-3.40573
-3.40618
-3.40769
-3.40829
-3.40724
-3.40814
-3.40799
-3.4089
-3.40845
-3.40845
-3.40769
-3.408
-3.4083
-3.40845
-3.4083
-3.4083
-3.40875
-3.40784
-3.40799
-3.4083
-3.40845
-3.40845
-3.40829
-3.40875
-3.40769
-3.40693
-3.40618
-3.40558
-3.40769
-3.40724
-3.40754
-3.40679
-3.40709
-3.40664
-3.40649
-3.40679
-3.40739
-3.40845
-3.40906
-3.40875
-3.40905
-3.41087
-3.41056
-3.41086
-3.41132
-3.41056
-3.41011
-3.40996
-3.41011
-3.41057
-3.41102
-3.41102
-3.41027
-3.41102
-3.41132
-3.41132
-3.41117
-3.41132
-3.41193
-3.41298
-3.41193
-3.41102
-3.41102
-3.41102
-3.41102
-3.40981
-3.41056
-3.41011
-3.40981
-3.4092
-3.40845
-3.40845
-3.40785
-3.40906
-3.40694
-3.40589
-3.40604
-3.40649
-3.40664
-3.40709
-3.40708
-3.40753
-3.40784
-3.40739
-3.40664
-3.40694
-3.40649
-3.40694
-3.40664
-3.40724
-3.40709
-3.40815
-3.40906
-3.40921
-3.40875
-3.40981
-3.41071
-3.41101
-3.41132
-3.41132
-3.41162
-3.41147
-3.41132
-3.41132
-3.41238
-3.41283
-3.41298
-3.41268
-3.41192
-3.41223
-3.41207
-3.41147
-3.41026
-3.41011
-3.41057
-3.41072
-3.41072
-3.41012
-3.41042
-3.41087
-3.40996
-3.40981
-3.40996
-3.41027
-3.41072
-3.41072
-3.40981
-3.40981
-3.40966
-3.40996
-3.41011
-3.41056
-3.41056
-3.41071
-3.41026
-3.41011
-3.41027
-3.41057
-3.40997
-3.41057
-3.40996
-3.40981
-3.4089
-3.4092
-3.40951
-3.40936
-3.40906
-3.40981
-3.41012
-3.41027
-3.41057
-3.40997
-3.41027
-3.40951
-3.40875
-3.4086
-3.4089
-3.40936
-3.41027
-3.40997
-3.41057
-3.41163
-3.41223
-3.41223
-3.41162
-3.41238
-3.41253
-3.41147
-3.41147
-3.41087
-3.41162
-3.41208
-3.41268
-3.41208
-3.41193
-3.41193
-3.41147
-3.41072
-3.41087
-3.41042
-3.41057
-3.41132
-3.41102
-3.40996
-3.41057
-3.41057
-3.41102
-3.41012
-3.41117
-3.41087
-3.41148
-3.41163
-3.41163
-3.41102
-3.41163
-3.41117
-3.41178
-3.41057
-3.41042
-3.41103
-3.41027
-3.41042
-3.41102
-3.41102
-3.41072
-3.40966
-3.40951
-3.40951
-3.41012
-3.41132
-3.41208
-3.41329
-3.41329
-3.41102
-3.41102
-3.41042
-3.41148
-3.41178
-3.41208
-3.41238
-3.41299
-3.41344
-3.41283
-3.41344
-3.41328
-3.41283
-3.41207
-3.41253
-3.41147
-3.41132
-3.41102
-3.41147
-3.41268
-3.41329
-3.41329
-3.41117
-3.41162
-3.41238
-3.41207
-3.41268
-3.41283
-3.41314
-3.41344
-3.41269
-3.41329
-3.41253
-3.41298
-3.41298
-3.41253
-3.41207
-3.41162
-3.41238
-3.41374
-3.41389
-3.41389
-3.41389
-3.41314
-3.41374
-3.41299
-3.41299
-3.41329
-3.41314
-3.41389
-3.41404
-3.41389
-3.41404
-3.41434
-3.41434
-3.41419
-3.4148
-3.41389
-3.4145
-3.41374
-3.41374
-3.41329
-3.41359
-3.41314
-3.41238
-3.41072
-3.41027
-3.41042
-3.40997
-3.40921
-3.40891
-3.40922
-3.40906
-3.408
-3.40846
-3.40861
-3.408
-3.4074
-3.40619
-3.40679
-3.40815
-3.40906
-3.40861
-3.40967
-3.41042
-3.41088
-3.41012
-3.41027
-3.41042
-3.41073
-3.41088
-3.41027
-3.40967
-3.41043
-3.41103
-3.41163
-3.41208
-3.41178
-3.41238
-3.41374
-3.41329
-3.41344
-3.4142
-3.4145
-3.4145
-3.41375
-3.41375
-3.41329
-3.41359
-3.41284
-3.41163
-3.41193
-3.41178
-3.41178
-3.41088
-3.41103
-3.41042
-3.41103
-3.41042
-3.41012
-3.41027
-3.41027
-3.41057
-3.41178
-3.41133
-3.41208
-3.41087
-3.41163
-3.41027
-3.41012
-3.41057
-3.41042
-3.41103
-3.41148
-3.41118
-3.41118
-3.41269
-3.41344
-3.41374
-3.41314
-3.41269
-3.41329
-3.41254
-3.41193
-3.41133
-3.41073
-3.41103
-3.41042
-3.40982
-3.41042
-3.40982
-3.40906
-3.40981
-3.40921
-3.40906
-3.40936
-3.40891
-3.41027
-3.41012
-3.40982
-3.41043
-3.41028
-3.41073
-3.41103
-3.41088
-3.41073
-3.41073
-3.41088
-3.41178
-3.41117
-3.41057
-3.41027
-3.41043
-3.41058
-3.41043
-3.41013
-3.40922
-3.40937
-3.40967
-3.41058
-3.41149
-3.41194
-3.413
-3.4139
-3.41526
-3.41526
-3.41557
-3.41632
-3.41557
-3.41541
-3.41571
-3.41601
-3.41662
-3.41662
-3.41632
-3.41753
-3.41829
-3.41935
-3.41904
-3.41934
-3.41888
-3.41888
-3.41918
-3.41858
-3.41767
-3.41858
-3.41828
-3.41753
-3.41677
-3.41662
-3.41602
-3.41556
-3.41526
-3.41541
-3.41496
-3.4136
-3.41375
-3.41299
-3.41254
-3.41284
-3.41194
-3.41103
-3.41058
-3.41013
-3.41013
-3.40937
-3.40876
-3.40891
-3.40846
-3.40906
-3.40891
-3.40831
-3.40741
-3.40696
-3.40696
-3.40772
-3.40802
-3.40681
-3.40741
-3.40741
-3.40802
-3.40877
-3.40816
-3.4077
-3.4083
-3.40831
-3.40891
-3.40861
-3.40922
-3.40982
-3.40952
-3.40968
-3.41164
-3.41119
-3.41119
-3.41043
-3.41088
-3.41103
-3.41103
-3.41134
-3.41103
-3.41118
-3.41118
-3.41164
-3.41209
-3.41209
-3.41269
-3.41284
-3.41209
-3.41164
-3.41209
-3.41088
-3.41179
-3.41194
-3.41058
-3.41104
-3.40952
-3.40937
-3.40967
-3.40967
-3.40831
-3.40861
-3.40861
-3.40982
-3.41028
-3.41013
-3.41088
-3.41073
-3.41103
-3.41057
-3.41103
-3.41072
-3.41057
-3.41073
-3.41133
-3.41043
-3.41028
-3.41028
-3.41119
-3.40982
-3.41118
-3.41118
-3.41073
-3.41178
-3.41163
-3.40997
-3.40891
-3.40997
-3.40907
-3.40998
-3.40998
-3.41028
-3.40982
-3.40952
-3.40967
-3.40981
-3.4089
-3.40981
-3.4092
-3.40906
-3.40816
-3.40771
-3.40816
-3.40801
-3.40817
-3.41013
-3.40937
-3.41043
-3.40982
-3.40997
-3.40891
-3.41027
-3.41057
-3.41012
-3.40967
-3.40846
-3.4083
-3.408
-3.40861
-3.408
-3.40906
-3.41012
-3.41012
-3.40997
-3.40937
-3.40997
-3.41118
-3.41088
-3.41133
-3.41118
-3.41088
-3.41103
-3.41103
-3.41148
-3.41072
-3.41042
-3.41118
-3.41027
-3.41058
-3.41043
-3.41028
-3.41027
-3.41012
-3.41117
-3.41011
-3.41056
-3.41132
-3.41117
-3.41163
-3.41118
-3.41103
-3.41133
-3.40982
-3.40967
-3.40997
-3.40967
-3.40952
-3.40891
-3.40801
-3.408
-3.40875
-3.40875
-3.40981
-3.41011
-3.40951
-3.40906
-3.40921
-3.41012
-3.40891
-3.40785
-3.40785
-3.40724
-3.40769
-3.4089
-3.40875
-3.40966
-3.40966
-3.40876
-3.40846
-3.40846
-3.40906
-3.40875
-3.40905
-3.4086
-3.4086
-3.40694
-3.40679
-3.40664
-3.4068
-3.40544
-3.40559
-3.40573
-3.40588
-3.4077
-3.40755
-3.408
-3.40875
-3.408
-3.40739
-3.4083
-3.40769
-3.408
-3.4083
-3.4083
-3.40815
-3.4077
-3.4074
-3.40679
-3.40724
-3.40739
-3.4077
-3.40785
-3.40815
-3.4077
-3.40769
-3.40694
-3.40724
-3.40829
-3.40708
-3.40814
-3.40784
-3.40784
-3.4086
-3.40875
-3.4086
-3.4083
-3.4083
-3.4083
-3.40875
-3.40936
-3.41026
-3.41027
-3.41057
-3.41148
-3.41178
-3.41132
-3.41132
-3.41041
-3.41056
-3.41056
-3.41117
-3.40996
-3.41072
-3.41087
-3.41072
-3.40996
-3.40936
-3.40875
-3.40936
-3.41057
-3.41087
-3.41057
-3.40966
-3.40966
-3.40966
-3.41011
-3.41057
-3.41072
-3.41042
-3.40966
-3.40921
-3.40936
-3.40951
-3.40951
-3.41011
-3.41042
-3.41042
-3.41011
-3.40996
-3.40951
-3.40875
-3.4092
-3.40966
-3.41026
-3.41027
-3.41027
-3.41027
-3.40891
-3.40936
-3.40936
-3.41072
-3.41027
-3.40951
-3.41057
-3.41132
-3.41193
-3.41208
-3.41209
-3.41209
-3.41193
-3.41193
-3.41208
-3.41223
-3.41283
-3.41313
-3.41373
-3.41253
-3.41222
-3.41177
-3.41148
-3.41163
-3.41012
-3.40967
-3.41012
-3.41027
-3.41087
-3.41117
-3.41163
-3.41117
-3.41102
-3.41042
-3.41147
-3.41087
-3.41178
-3.41208
-3.41253
-3.41299
-3.41268
-3.41284
-3.41208
-3.41163
-3.41118
-3.41072
-3.41193
-3.41269
-3.41269
-3.41284
-3.41268
-3.41344
-3.41359
-3.41389
-3.41298
-3.41283
-3.41389
-3.41449
-3.41359
-3.41238
-3.41223
-3.41162
-3.41208
-3.41268
-3.41268
-3.41223
-3.41178
-3.41148
-3.41117
-3.41072
-3.41042
-3.41026
-3.41026
-3.41072
-3.41223
-3.41117
-3.41178
-3.41223
-3.41193
-3.41223
-3.41117
-3.41238
-3.41163
-3.41132
-3.41178
-3.41208
-3.41223
-3.41223
-3.41177
-3.41208
-3.41238
-3.41238
-3.41162
-3.41299
-3.41314
-3.41148
-3.41178
-3.41118
-3.41178
-3.41253
-3.41253
-3.41132
-3.41026
-3.41057
-3.41208
-3.41253
-3.41192
-3.41162
-3.41177
-3.41057
-3.41057
-3.41133
-3.41058
-3.40967
-3.41012
-3.41073
-3.41027
-3.41073
-3.40937
-3.41012
-3.40952
-3.41057
-3.40952
-3.40966
-3.40966
-3.40996
-3.41042
-3.40996
-3.41012
-3.41058
-3.41043
-3.40937
-3.40983
-3.40937
-3.40997
-3.40967
-3.41072
-3.41163
-3.41087
-3.41012
-3.41011
-3.4089
-3.40921
-3.40845
-3.40785
-3.40724
-3.40679
-3.4077
-3.40831
-3.40831
-3.40785
-3.40906
-3.40996
-3.40996
-3.41011
-3.41087
-3.41072
-3.41072
-3.41148
-3.41012
-3.40997
-3.40982
-3.40996
-3.40951
-3.40981
-3.41132
-3.41072
-3.41102
-3.41148
-3.41027
-3.41103
-3.41163
-3.41178
-3.41223
-3.41177
-3.41056
-3.41072
-3.41117
-3.41087
-3.41057
-3.40921
-3.41012
-3.40951
-3.40921
-3.40815
-3.4071
-3.408
-3.4077
-3.40633
-3.40558
-3.40573
-3.40543
-3.40573
-3.40543
-3.40589
-3.40649
-3.40815
-3.40906
-3.40952
-3.41012
-3.41012
-3.40982
-3.41042
-3.40967
-3.40967
-3.40906
-3.40936
-3.40982
-3.40997
-3.40997
-3.40966
-3.40951
-3.4092
-3.4092
-3.4089
-3.40921
-3.41012
-3.40982
-3.40982
-3.40892
-3.40861
-3.40876
-3.40815
-3.40815
-3.40815
-3.4077
-3.4074
-3.4077
-3.40921
-3.40846
-3.408
-3.4077
-3.4083
-3.408
-3.40755
-3.4077
-3.40846
-3.40816
-3.4071
-3.408
-3.40891
-3.40891
-3.40876
-3.40891
-3.41012
-3.41057
-3.41057
-3.41087
-3.41087
-3.41027
-3.41102
-3.41148
-3.41178
-3.41178
-3.41238
-3.41374
-3.41374
-3.41313
-3.41374
-3.41434
-3.41525
-3.41495
-3.41495
-3.4145
-3.4142
-3.41511
-3.41495
-3.4151
-3.41525
-3.41434
-3.41434
-3.41419
-3.41419
-3.41449
-3.41434
-3.41343
-3.41419
-3.41389
-3.41465
-3.4142
-3.41405
-3.4139
-3.41541
-3.41571
-3.41601
-3.41631
-3.4151
-3.41419
-3.41374
-3.41374
-3.41374
-3.41435
-3.41465
-3.4151
-3.41631
-3.41601
-3.41722
-3.41707
-3.41722
-3.41707
-3.41707
-3.41676
-3.41737
-3.41676
-3.41752
-3.41782
-3.41707
-3.41752
-3.41677
-3.41601
-3.41511
-3.41556
-3.41495
-3.41465
-3.41374
-3.41344
-3.41314
-3.41374
-3.41239
-3.41193
-3.41193
-3.41209
-3.41224
-3.41284
-3.41299
-3.41299
-3.41208
-3.41223
-3.41329
-3.41374
-3.41344
-3.41178
-3.41103
-3.40982
-3.41012
-3.41043
-3.41058
-3.41057
-3.40997
-3.40997
-3.40966
-3.40936
-3.40967
-3.41042
-3.41027
-3.40982
-3.40921
-3.40861
-3.40936
-3.40921
-3.40906
-3.40966
-3.40966
-3.40891
-3.4074
-3.40785
-3.40891
-3.40861
-3.40876
-3.40936
-3.40861
-3.40906
-3.40876
-3.40891
-3.408
-3.40876
-3.40785
-3.40785
-3.40679
-3.40679
-3.4077
-3.40724
-3.4077
-3.40709
-3.40725
-3.40664
-3.40725
-3.40815
-3.40785
-3.408
-3.40815
-3.40936
-3.4086
-3.40754
-3.4077
-3.40875
-3.40951
-3.41042
-3.41103
-3.41133
-3.41042
-3.41224
-3.41117
-3.41193
-3.41177
-3.41223
-3.41177
-3.41238
-3.41133
-3.41057
-3.41087
-3.41102
-3.41057
-3.41087
-3.40996
-3.41011
-3.41086
-3.41117
-3.41162
-3.41086
-3.41011
-3.41072
-3.40951
-3.40951
-3.41042
-3.40997
-3.40981
-3.41041
-3.41102
-3.41117
-3.41056
-3.41071
-3.41162
-3.41117
-3.41056
-3.41132
-3.41133
-3.41118
-3.41072
-3.40967
-3.4083
-3.40891
-3.40906
-3.4083
-3.40921
-3.4089
-3.40936
-3.40966
-3.40981
-3.40966
-3.40996
-3.41027
-3.41057
-3.40997
-3.40921
-3.40981
-3.40981
-3.41117
-3.41133
-3.41163
-3.41103
-3.41103
-3.41072
-3.41087
-3.41118
-3.41011
-3.40996
-3.4089
-3.40845
-3.40891
-3.40937
-3.40876
-3.40891
-3.40936
-3.41011
-3.41072
-3.41087
-3.41027
-3.40982
-3.41073
-3.41133
-3.41193
-3.41193
-3.41072
-3.41041
-3.41132
-3.41086
-3.41162
-3.41087
-3.41133
-3.41163
-3.41133
-3.41103
-3.41148
-3.41148
-3.41073
-3.41042
-3.40966
-3.40951
-3.4089
-3.40875
-3.4086
-3.41042
-3.41072
-3.41087
-3.41027
-3.40967
-3.40967
-3.41042
-3.41042
-3.41012
-3.40921
-3.40906
-3.40951
-3.41072
-3.41102
-3.41041
-3.41117
-3.41117
-3.41026
-3.41026
-3.41102
-3.41117
-3.41102
-3.41132
-3.41057
-3.41087
-3.41012
-3.41057
-3.41042
-3.40951
-3.40845
-3.4074
-3.40664
-3.4074
-3.40724
-3.40694
-3.40694
-3.40724
-3.40724
-3.40785
-3.40754
-3.40724
-3.408
-3.40845
-3.4083
-3.40754
-3.40754
-3.40754
-3.40785
-3.40709
-3.40619
-3.40483
-3.40498
-3.40483
-3.40377
-3.40392
-3.40376
-3.40361
-3.40392
-3.40377
-3.40483
-3.40543
-3.40558
-3.40634
-3.40619
-3.40573
-3.40588
-3.40588
-3.40648
-3.40543
-3.40618
-3.40588
-3.40558
-3.40453
-3.40483
-3.40468
-3.40423
-3.40438
-3.40377
-3.40559
-3.40589
-3.40559
-3.40543
-3.40528
-3.40513
-3.40573
-3.40664
-3.40694
-3.40619
-3.40649
-3.40725
-3.4068
-3.40756
-3.40892
-3.40771
-3.40771
-3.4074
-3.40861
-3.40815
-3.4086
-3.4077
-3.4074
-3.4071
-3.4068
-3.40785
-3.40937
-3.40936
-3.408
-3.40785
-3.40679
-3.40845
-3.40891
-3.40861
-3.40906
-3.40951
-3.40966
-3.40921
-3.40891
-3.40906
-3.40861
-3.40951
-3.40982
-3.41027
-3.41027
-3.40982
-3.40997
-3.41087
-3.40876
-3.40876
-3.41012
-3.41012
-3.40982
-3.40997
-3.40907
-3.40937
-3.40937
-3.40891
-3.40906
-3.40861
-3.40831
-3.40665
-3.4068
-3.4071
-3.4068
-3.40649
-3.4068
-3.40785
-3.40846
-3.40861
-3.40906
-3.40876
-3.40861
-3.40997
-3.40952
-3.40997
-3.40876
-3.40816
-3.40967
-3.41027
-3.41012
-3.40997
-3.41073
-3.41013
-3.40846
-3.40861
-3.40816
-3.40891
-3.40846
-3.40936
-3.40951
-3.40982
-3.40951
-3.41057
-3.40982
-3.40952
-3.40952
-3.40937
-3.40922
-3.40937
-3.40786
-3.4077
-3.40755
-3.40861
-3.40891
-3.40846
-3.40906
-3.40921
-3.40801
-3.4071
-3.40695
-3.4071
-3.4074
-3.40771
-3.40816
-3.40876
-3.40786
-3.40725
-3.4071
-3.40816
-3.40861
-3.40891
-3.4077
-3.4074
-3.4077
-3.40876
-3.40815
-3.4083
-3.40755
-3.40816
-3.4074
-3.40755
-3.40861
-3.40891
-3.40831
-3.40846
-3.40831
-3.40922
-3.40998
-3.40952
-3.40892
-3.4071
-3.4071
-3.40785
-3.4077
-3.4074
-3.40785
-3.40785
-3.40725
-3.4074
-3.4068
-3.4071
-3.40755
-3.408
-3.40785
-3.40725
-3.4077
-3.40967
-3.41012
-3.41088
-3.41193
-3.41224
-3.41329
-3.4136
-3.41375
-3.4136
-3.4136
-3.4142
-3.4145
-3.41586
-3.41616
-3.41465
-3.4151
-3.4151
-3.41541
-3.41677
-3.41692
-3.41768
-3.41662
-3.41601
-3.41647
-3.41556
-3.41556
-3.41571
-3.4142
-3.4139
-3.41329
-3.41269
-3.4133
-3.41299
-3.41284
-3.41254
-3.41269
-3.41224
-3.41269
-3.41314
-3.41329
-3.41389
-3.41359
-3.41329
-3.41299
-3.41375
-3.41451
-3.41511
-3.41541
-3.41466
-3.41375
-3.4133
-3.41194
-3.41179
-3.41043
-3.41088
-3.41133
-3.41269
-3.41284
-3.41299
-3.41314
-3.41269
-3.41299
-3.41284
-3.41254
-3.41148
-3.41239
-3.41269
-3.41179
-3.41254
-3.41194
-3.41118
-3.41134
-3.41103
-3.41209
-3.41208
-3.41102
-3.41102
-3.41042
-3.41012
-3.41058
-3.41118
-3.41088
-3.41118
-3.41254
-3.41239
-3.41178
-3.41073
-3.41043
-3.41209
-3.41118
-3.41239
-3.41193
-3.41178
-3.41223
-3.41102
-3.41163
-3.41163
-3.41194
-3.41209
-3.41239
-3.4139
-3.4133
-3.4139
-3.41405
-3.41435
-3.4139
-3.41239
-3.41178
-3.41269
-3.41345
-3.41254
-3.41239
-3.41178
-3.41133
-3.41057
-3.41072
-3.40982
-3.40982
-3.40892
-3.40937
-3.40877
-3.40801
-3.40891
-3.40952
-3.40891
-3.40982
-3.41118
-3.41149
-3.41103
-3.41013
-3.41088
-3.41179
-3.41194
-3.41269
-3.41209
-3.41194
-3.41224
-3.41284
-3.41239
-3.41163
-3.41088
-3.41103
-3.41149
-3.41088
-3.41194
-3.41209
-3.41254
-3.41314
-3.41314
-3.41404
-3.41359
-3.41254
-3.41314
-3.41435
-3.4148
-3.41465
-3.41435
-3.4148
-3.4151
-3.41435
-3.41586
-3.41631
-3.41571
-3.41556
-3.4145
-3.4148
-3.41465
-3.41495
-3.41511
-3.41435
-3.41465
-3.41526
-3.41466
-3.41511
-3.4142
-3.4145
-3.41344
-3.4139
-3.41375
-3.41284
-3.41223
-3.41118
-3.41178
-3.41148
-3.41103
-3.41088
-3.41012
-3.41043
-3.41058
-3.41073
-3.41088
-3.41164
-3.41164
-3.41133
-3.41179
-3.41239
-3.41239
-3.41254
-3.41284
-3.41345
-3.4133
-3.41284
-3.41239
-3.41345
-3.41436
-3.41481
-3.41557
-3.41632
-3.41708
-3.41662
-3.41617
-3.41572
-3.41541
-3.4142
-3.4136
-3.4136
-3.41314
-3.41405
-3.41345
-3.4136
-3.4139
-3.41405
-3.4139
-3.41345
-3.41224
-3.413
-3.4136
-3.41466
-3.41421
-3.41466
-3.41466
-3.41481
-3.41526
-3.41541
-3.4139
-3.4142
-3.41375
-3.41405
-3.41541
-3.41617
-3.41571
-3.41571
-3.41556
-3.41602
-3.41572
-3.41572
-3.41617
-3.41678
-3.41708
-3.41678
-3.41693
-3.41662
-3.41647
-3.41647
-3.41602
-3.41556
-3.41617
-3.41511
-3.4145
-3.41466
-3.41511
-3.41556
-3.41572
-3.41662
-3.41617
-3.41617
-3.41572
-3.41496
-3.41496
-3.41481
-3.41496
-3.41466
-3.41421
-3.41315
-3.41284
-3.41284
-3.41254
-3.4136
-3.41406
-3.41406
-3.4133
-3.4136
-3.41254
-3.41209
-3.41088
-3.41043
-3.40937
-3.41028
-3.41043
-3.40967
-3.40998
-3.40998
-3.41013
-3.41119
-3.4124
-3.41194
-3.41269
-3.41284
-3.41133
-3.41179
-3.41058
-3.41013
-3.40937
-3.40907
-3.40831
-3.40861
-3.40891
-3.40921
-3.40891
-3.40861
-3.40831
-3.40786
-3.4071
-3.40786
-3.40771
-3.40695
-3.4059
-3.40484
-3.40424
-3.40469
-3.40424
-3.40499
-3.40544
-3.40559
-3.40589
-3.40513
-3.40604
-3.40604
-3.40635
-3.4062
-3.4056
-3.40545
-3.40545
-3.40605
-3.40726
-3.40907
-3.40862
-3.40801
-3.40922
-3.41013
-3.41028
-3.40968
-3.40892
-3.40877
-3.40892
-3.40952
-3.40982
-3.41133
-3.41103
-3.41209
-3.41224
-3.41224
-3.41255
-3.41225
-3.41119
-3.41029
-3.41104
-3.41119
-3.41134
-3.41104
-3.41058
-3.41073
-3.41119
-3.41073
-3.40997
-3.41028
-3.41118
-3.41073
-3.41058
-3.41118
-3.41118
-3.41013
-3.41073
-3.41043
-3.41074
-3.41028
-3.41119
-3.41119
-3.41043
-3.41058
-3.41073
-3.41119
-3.41119
-3.41179
-3.41134
-3.41179
-3.41255
-3.41225
-3.41194
-3.41179
-3.41179
-3.41164
-3.41073
-3.41134
-3.4124
-3.41315
-3.41391
-3.41451
-3.41376
-3.41285
-3.41209
-3.41194
-3.41073
-3.41012
-3.41043
-3.41073
-3.41028
-3.41134
-3.41043
-3.41028
-3.41028
-3.40968
-3.41043
-3.40998
-3.40983
-3.41058
-3.41194
-3.41164
-3.41194
-3.41133
-3.41058
-3.41043
-3.41058
-3.41088
-3.41013
-3.41043
-3.41088
-3.41104
-3.41149
-3.41043
-3.41073
-3.40983
-3.40907
-3.40786
-3.40801
-3.40846
-3.40877
-3.40861
-3.40816
-3.40846
-3.40831
-3.40755
-3.40786
-3.40756
-3.40786
-3.40756
-3.40877
-3.40862
-3.40952
-3.40952
-3.40922
-3.40907
-3.40907
-3.41089
-3.41149
-3.41103
-3.41012
-3.40891
-3.4083
-3.408
-3.40861
-3.40876
-3.40891
-3.40907
-3.40937
-3.40877
-3.40907
-3.40967
-3.40952
-3.40831
-3.40907
-3.40921
-3.40876
-3.40921
-3.4086
-3.4074
-3.40664
-3.40649
-3.40695
-3.40801
-3.40786
-3.40861
-3.40861
-3.40876
-3.40831
-3.4077
-3.40801
-3.40831
-3.40801
-3.40801
-3.40786
-3.40771
-3.40786
-3.40725
-3.40831
-3.40831
-3.40831
-3.40831
-3.40741
-3.40801
-3.40846
-3.40875
-3.4083
-3.40846
-3.40786
-3.4071
-3.40741
-3.40605
-3.40635
-3.4071
-3.4074
-3.40755
-3.4074
-3.4068
-3.4077
-3.40786
-3.40755
-3.40755
-3.40786
-3.40937
-3.40952
-3.40967
-3.40982
-3.41028
-3.40998
-3.40967
-3.40922
-3.40906
-3.40876
-3.40891
-3.40921
-3.40816
-3.40876
-3.40801
-3.40756
-3.40801
-3.40846
-3.40892
-3.40952
-3.40907
-3.40876
-3.40846
-3.40816
-3.40786
-3.40907
-3.40847
-3.40862
-3.40786
-3.40816
-3.40861
-3.40816
-3.40831
-3.40846
-3.40755
-3.40846
-3.40831
-3.40801
-3.40816
-3.40817
-3.40741
-3.40756
-3.40651
-3.40711
-3.40801
-3.40741
-3.40725
-3.40846
-3.40786
-3.40816
-3.40816
-3.40771
-3.40756
-3.40786
-3.40726
-3.40741
-3.40771
-3.40756
-3.40816
-3.40785
-3.408
-3.40846
-3.40801
-3.40847
-3.40771
-3.40771
-3.40832
-3.40816
-3.40907
-3.40922
-3.40937
-3.41118
-3.41088
-3.40997
-3.41012
-3.40982
-3.40922
-3.40846
-3.40861
-3.40907
-3.40922
-3.40922
-3.40953
-3.40968
-3.40998
-3.40922
-3.40846
-3.40831
-3.40815
-3.40695
-3.40801
-3.40786
-3.40816
-3.40741
-3.40862
-3.40892
-3.40817
-3.40862
-3.40892
-3.40952
-3.40982
-3.40876
-3.40922
-3.40967
-3.41043
-3.41088
-3.41058
-3.40997
-3.41028
-3.41028
-3.40922
-3.40997
-3.40952
-3.40967
-3.40952
-3.40861
-3.40861
-3.40847
-3.40937
-3.40862
-3.40831
-3.40892
-3.40907
-3.40922
-3.41012
-3.41102
-3.41163
-3.41163
-3.41088
-3.40998
-3.40953
-3.41043
-3.40922
-3.40953
-3.40983
-3.40982
-3.40937
-3.41012
-3.41027
-3.41103
-3.41012
-3.40967
-3.40967
-3.40922
-3.40876
-3.40861
-3.40816
-3.40786
-3.40846
-3.40846
-3.40846
-3.40786
-3.40756
-3.4068
-3.4062
-3.40605
-3.40726
-3.40711
-3.4068
-3.4059
-3.40575
-3.40514
-3.40454
-3.40514
-3.40348
-3.40363
-3.40227
-3.40272
-3.40286
-3.40271
-3.40286
-3.40332
-3.40302
-3.40439
-3.40378
-3.40363
-3.40424
-3.40424
-3.40393
-3.40453
-3.40438
-3.40498
-3.40468
-3.40513
-3.40513
-3.40634
-3.40619
-3.40498
-3.40468
-3.40529
-3.40575
-3.4059
-3.40665
-3.40711
-3.40771
-3.40741
-3.40801
-3.40771
-3.40725
-3.40725
-3.40785
-3.40815
-3.40695
-3.4074
-3.4071
-3.40634
-3.40664
-3.40695
-3.40786
-3.40816
-3.40801
-3.40877
-3.40892
-3.40907
-3.40907
-3.40816
-3.40755
-3.4071
-3.40725
-3.4074
-3.40709
-3.40785
-3.4083
-3.40755
-3.40816
-3.40801
-3.40771
-3.40725
-3.40725
-3.40665
-3.4071
-3.4068
-3.40559
-3.40483
-3.40543
-3.40543
-3.40528
-3.40513
-3.40574
-3.40514
-3.40454
-3.40469
-3.40484
-3.40408
-3.40438
-3.40453
-3.40513
-3.40543
-3.40574
-3.40483
-3.40438
-3.40363
-3.40363
-3.40393
-3.40408
-3.40423
-3.40514
-3.40498
-3.40513
-3.40483
-3.40543
-3.40544
-3.40559
-3.40574
-3.40665
-3.4062
-3.4059
-3.4065
-3.40786
-3.40846
-3.40937
-3.40937
-3.40906
-3.40922
-3.40967
-3.40982
-3.40907
-3.40952
-3.40952
-3.40892
-3.41073
-3.41149
-3.41119
-3.41058
-3.41088
-3.41103
-3.41118
-3.41118
-3.41088
-3.41073
-3.40922
-3.40952
-3.40998
-3.40998
-3.41043
-3.41225
-3.41164
-3.41073
-3.41179
-3.41164
-3.41149
-3.41194
-3.41119
-3.41164
-3.41179
-3.41194
-3.41134
-3.41179
-3.41285
-3.41224
-3.41285
-3.413
-3.41345
-3.41285
-3.41285
-3.4124
-3.4124
-3.41164
-3.41104
-3.41179
-3.41178
-3.41118
-3.41012
-3.41042
-3.41088
-3.41058
-3.41028
-3.40998
-3.40998
-3.41059
-3.41013
-3.41058
-3.40862
-3.41012
-3.41103
-3.41163
-3.41208
-3.41314
-3.41239
-3.41254
-3.41269
-3.41224
-3.41269
-3.41269
-3.41164
-3.41073
-3.40997
-3.41027
-3.40997
-3.41027
-3.41118
-3.41178
-3.41254
-3.41345
-3.4139
-3.41344
-3.41299
-3.41239
-3.413
-3.41149
-3.41073
-3.40997
-3.40997
-3.40936
-3.40966
-3.40936
-3.40876
-3.40876
-3.40937
-3.40967
-3.40937
-3.40907
-3.40982
-3.40997
-3.41027
-3.40967
-3.41012
-3.40936
-3.40906
-3.40876
-3.40967
-3.41118
-3.41073
-3.41118
-3.41133
-3.41133
-3.41223
-3.41118
-3.41072
-3.41193
-3.41209
-3.41179
-3.41209
-3.41194
-3.41224
-3.41193
-3.41087
-3.41133
-3.41148
-3.41073
-3.41043
-3.41028
-3.41103
-3.41164
-3.41285
-3.41179
-3.41149
-3.41073
-3.41103
-3.41088
-3.41087
-3.41117
-3.41208
-3.41088
-3.41058
-3.40967
-3.40937
-3.40922
-3.40862
-3.40831
-3.40831
-3.40741
-3.40786
-3.40756
-3.40846
-3.40922
-3.40997
-3.40967
-3.41058
-3.41103
-3.41194
-3.41209
-3.41088
-3.41103
-3.40998
-3.40983
-3.40998
-3.40907
-3.40892
-3.40846
-3.4074
-3.40801
-3.40831
-3.40816
-3.4077
-3.40786
-3.40725
-3.40771
-3.4074
-3.40816
-3.4077
-3.40755
-3.40725
-3.4074
-3.40756
-3.40665
-3.4065
-3.4065
-3.40665
-3.40725
-3.40725
-3.40634
-3.40574
-3.40604
-3.40695
-3.40725
-3.4065
-3.40635
-3.40589
-3.40559
-3.40499
-3.40484
-3.40483
-3.40408
-3.40483
-3.40529
-3.40453
-3.40559
-3.40605
-3.40681
-3.40575
-3.4062
-3.4062
-3.40786
-3.4074
-3.40725
-3.40755
-3.40906
-3.40831
-3.40906
-3.40937
-3.40998
-3.41013
-3.41013
-3.41043
-3.41028
-3.41073
-3.41013
-3.41133
-3.41058
-3.40952
-3.40952
-3.40877
-3.40922
-3.40997
-3.40952
-3.40922
-3.40982
-3.41013
-3.40952
-3.41013
-3.40922
-3.40892
-3.40862
-3.41013
-3.40982
-3.40937
-3.40907
-3.40952
-3.41013
-3.41028
-3.40998
-3.40998
-3.41104
-3.41058
-3.41058
-3.41133
-3.41043
-3.41043
-3.41058
-3.41088
-3.41028
-3.41058
-3.41073
-3.41088
-3.41088
-3.41043
-3.40937
-3.40907
-3.40982
-3.40877
-3.40832
-3.40907
-3.40892
-3.40907
-3.40832
-3.40847
-3.40907
-3.40907
-3.40922
-3.40937
-3.40892
-3.40937
-3.40907
-3.40907
-3.40952
-3.40907
-3.40877
-3.40862
-3.40998
-3.41073
-3.41103
-3.40983
-3.41149
-3.41179
-3.41239
-3.413
-3.41179
-3.41103
-3.41028
-3.40982
-3.40952
-3.40966
-3.40906
-3.40861
-3.40786
-3.40892
-3.40847
-3.40847
-3.40907
-3.40801
-3.40816
-3.40665
-3.4068
-3.40529
-3.40529
-3.40544
-3.40604
-3.40589
-3.40665
-3.4068
-3.40605
-3.40741
-3.40832
-3.40892
-3.40892
-3.40907
-3.40922
-3.41013
-3.41028
-3.40922
-3.40922
-3.40877
-3.40922
-3.40907
-3.40862
-3.40862
-3.40695
-3.40771
-3.40816
-3.40755
-3.4074
-3.40846
-3.40847
-3.40832
-3.40756
-3.40711
-3.4071
-3.40695
-3.4071
-3.4071
-3.40665
-3.4071
-3.40756
-3.40695
-3.40589
-3.40589
-3.40574
-3.40589
-3.40589
-3.40544
-3.40529
-3.40408
-3.40348
-3.40438
-3.40393
-3.40393
-3.40378
-3.40378
-3.40347
-3.40438
-3.40408
-3.40438
-3.40393
-3.40393
-3.40363
-3.40483
-3.40408
-3.40317
-3.40272
-3.40166
-3.40257
-3.40257
-3.40151
-3.40151
-3.40121
-3.40136
-3.40075
-3.40105
-3.4012
-3.4003
-3.4006
-3.40106
-3.40015
-3.39894
-3.39985
-3.40046
-3.4
-3.40015
-3.39985
-3.3997
-3.39955
-3.39985
-3.39909
-3.39969
-3.4006
-3.40166
-3.40241
-3.40256
-3.40287
-3.40317
-3.40393
-3.40347
-3.40302
-3.40363
-3.40408
-3.40559
-3.4062
-3.40786
-3.40801
-3.40967
-3.41043
-3.40982
-3.40997
-3.40952
-3.40997
-3.40967
-3.40876
-3.40801
-3.40816
-3.4077
-3.40816
-3.4077
-3.40846
-3.40891
-3.40891
-3.40876
-3.40816
-3.40922
-3.40967
-3.40831
-3.40801
-3.40786
-3.40801
-3.40816
-3.40801
-3.40952
-3.40876
-3.40891
-3.40891
-3.40907
-3.40846
-3.40695
-3.4071
-3.40786
-3.40786
-3.40786
-3.4068
-3.40725
-3.4062
-3.4071
-3.40725
-3.40801
-3.40876
-3.40952
-3.41043
-3.40982
-3.41073
-3.41028
-3.41043
-3.40998
-3.40967
-3.40952
-3.40922
-3.40862
-3.40847
-3.40892
-3.40846
-3.40846
-3.40785
-3.40816
-3.40816
-3.40711
-3.40666
-3.40756
-3.40847
-3.40846
-3.40906
-3.40982
-3.40997
-3.40952
-3.40952
-3.40922
-3.40967
-3.40907
-3.40906
-3.40891
-3.40891
-3.4074
-3.4077
-3.4068
-3.4071
-3.40664
-3.40754
-3.40558
-3.40558
-3.40619
-3.40649
-3.40604
-3.4065
-3.4065
-3.40604
-3.4065
-3.40695
-3.40695
-3.4068
-3.4068
-3.40665
-3.40649
-3.40604
-3.40649
-3.4068
-3.4077
-3.4077
-3.40831
-3.40831
-3.40861
-3.40785
-3.40861
-3.40815
-3.4083
-3.40981
-3.40997
-3.40967
-3.40906
-3.40891
-3.40967
-3.41027
-3.40981
-3.41011
-3.41087
-3.41102
-3.41132
-3.41102
-3.41133
-3.41058
-3.41012
-3.40952
-3.40891
-3.40937
-3.40921
-3.40966
-3.40981
-3.41011
-3.41057
-3.41087
-3.41133
-3.41088
-3.41057
-3.40982
-3.40997
-3.41073
-3.40952
-3.40952
-3.40922
-3.40876
-3.40891
-3.40921
-3.4083
-3.4077
-3.40695
-3.4074
-3.40755
-3.40755
-3.4071
-3.40816
-3.40725
-3.40755
-3.4068
-3.40664
-3.40589
-3.40589
-3.40634
-3.40618
-3.40664
-3.40619
-3.40664
-3.4071
-3.4074
-3.40695
-3.40665
-3.40725
-3.4077
-3.40785
-3.4077
-3.40725
-3.40649
-3.40634
-3.40664
-3.40619
-3.40589
-3.40619
-3.40679
-3.40755
-3.4077
-3.40815
-3.4071
-3.40725
-3.40785
-3.4071
-3.40725
-3.4074
-3.40846
-3.40936
-3.40936
-3.40951
-3.40951
-3.40876
-3.408
-3.40755
-3.40695
-3.4074
-3.40755
-3.40725
-3.40679
-3.40573
-3.40558
-3.40724
-3.40784
-3.40724
-3.40633
-3.40618
-3.40709
-3.40694
-3.4083
-3.40906
-3.40981
-3.40936
-3.40906
-3.40966
-3.41102
-3.41117
-3.41177
-3.41238
-3.41223
-3.41193
-3.41147
-3.41057
-3.41193
-3.41087
-3.41102
-3.41177
-3.41087
-3.41132
-3.41162
-3.41192
-3.41207
-3.41162
-3.41131
-3.41207
-3.41086
-3.41056
-3.41072
-3.41117
-3.41177
-3.41177
-3.41147
-3.41192
-3.41192
-3.41177
-3.41298
-3.41253
-3.41207
-3.41086
-3.41056
-3.41222
-3.41177
-3.41237
-3.41252
-3.41297
-3.41328
-3.41434
-3.41404
-3.41313
-3.41238
-3.41253
-3.41193
-3.41072
-3.40966
-3.40935
-3.40814
-3.40859
-3.40995
-3.40965
-3.41011
-3.4095
-3.4092
-3.40875
-3.40996
-3.40981
-3.40921
-3.408
-3.40694
-3.40754
-3.4089
-3.41011
-3.41026
-3.40996
-3.4092
-3.4089
-3.40875
-3.40739
-3.40799
-3.40724
-3.40815
-3.40845
-3.408
-3.4083
-3.40769
-3.40845
-3.40769
-3.40769
-3.40784
-3.40829
-3.40739
-3.40814
-3.4089
-3.4092
-3.40905
-3.40981
-3.40996
-3.41041
-3.41025
-3.41116
-3.41101
-3.41207
-3.41101
-3.41237
-3.41177
-3.41162
-3.41102
-3.41192
-3.41222
-3.41252
-3.41237
-3.41101
-3.41116
-3.41131
-3.41161
-3.41146
-3.41146
-3.41161
-3.41222
-3.41222
-3.41283
-3.41313
-3.41253
-3.41222
-3.41207
-3.41207
-3.41237
-3.41252
-3.41222
-3.41177
-3.41102
-3.41057
-3.40996
-3.41026
-3.41057
-3.40936
-3.40951
-3.4095
-3.40935
-3.40814
-3.40814
-3.40844
-3.40845
-3.4086
-3.40936
-3.40815
-3.40875
-3.40935
-3.41071
-3.41147
-3.41132
-3.41011
-3.41041
-3.41056
-3.41056
-3.41086
-3.41101
-3.41102
-3.41163
-3.41163
-3.41193
-3.41147
-3.41132
-3.41056
-3.40996
-3.41041
-3.40965
-3.41071
-3.41087
-3.41056
-3.41071
-3.41056
-3.41041
-3.41086
-3.41147
-3.41087
-3.41177
-3.41162
-3.41207
-3.41268
-3.41298
-3.41298
-3.41388
-3.41207
-3.41192
-3.41222
-3.41162
-3.41147
-3.41087
-3.41057
-3.41011
-3.40996
-3.40875
-3.40936
-3.40905
-3.4089
-3.4092
-3.40904
-3.41025
-3.4101
-3.4101
-3.41086
-3.41026
-3.40996
-3.41012
-3.41057
-3.41026
-3.41101
-3.41056
-3.41055
-3.41056
-3.41026
-3.40996
-3.41041
-3.41056
-3.41071
-3.41132
-3.41056
-3.41041
-3.41071
-3.41192
-3.41177
-3.41222
-3.41328
-3.41222
-3.41222
-3.41162
-3.41162
-3.41237
-3.41237
-3.41101
-3.41101
-3.41026
-3.40995
-3.4101
-3.40965
-3.4092
-3.41071
-3.41025
-3.41056
-3.41025
-3.4095
-3.41041
-3.41071
-3.4101
-3.41025
-3.41025
-3.41071
-3.41025
-3.41071
-3.41071
-3.41041
-3.41102
-3.41071
-3.41041
-3.41101
-3.41071
-3.4101
-3.40965
-3.40904
-3.40904
-3.40874
-3.40965
-3.4098
-3.41086
-3.41207
-3.41207
-3.41161
-3.41161
-3.41161
-3.41177
-3.41147
-3.41101
-3.40996
-3.41041
-3.41071
-3.41086
-3.41086
-3.41116
-3.41131
-3.41116
-3.41101
-3.41101
-3.41146
-3.41071
-3.41086
-3.41041
-3.41056
-3.41071
-3.41132
-3.41147
-3.41238
-3.41162
-3.41208
-3.41328
-3.41343
-3.41283
-3.41404
-3.41373
-3.41298
-3.41192
-3.41116
-3.41026
-3.4095
-3.4092
-3.40996
-3.41026
-3.40996
-3.4092
-3.40966
-3.40905
-3.4089
-3.4086
-3.40875
-3.40905
-3.4089
-3.40875
-3.40875
-3.40875
-3.40996
-3.40996
-3.40921
-3.41011
-3.41056
-3.41147
-3.41192
-3.41162
-3.41057
-3.41132
-3.41133
-3.41087
-3.41027
-3.41102
-3.41057
-3.41027
-3.40936
-3.40936
-3.40951
-3.4089
-3.41026
-3.41071
-3.41071
-3.40936
-3.41072
-3.41163
-3.41223
-3.41178
-3.41132
-3.41163
-3.41132
-3.41041
-3.41132
-3.41117
-3.41117
-3.41132
-3.41117
-3.41177
-3.41147
-3.41207
-3.41192
-3.41162
-3.41072
-3.41057
-3.41118
-3.41133
-3.41057
-3.41012
-3.41027
-3.41102
-3.41116
-3.41102
-3.41057
-3.41042
-3.40967
-3.40982
-3.40997
-3.41027
-3.40981
-3.40966
-3.40981
-3.40996
-3.40996
-3.41087
-3.41208
-3.41223
-3.41117
-3.41057
-3.41072
-3.41072
-3.40997
-3.40966
-3.40906
-3.40921
-3.40966
-3.41057
-3.41042
-3.41057
-3.41027
-3.41118
-3.41193
-3.41269
-3.41299
-3.41284
-3.41329
-3.41314
-3.41223
-3.41132
-3.41208
-3.41178
-3.41132
-3.41087
-3.41087
-3.41087
-3.41072
-3.41133
-3.41117
-3.41147
-3.41162
-3.41208
-3.41163
-3.41284
-3.41299
-3.41299
-3.41299
-3.41284
-3.41344
-3.41254
-3.41374
-3.41404
-3.41329
-3.41313
-3.41193
-3.41283
-3.41253
-3.41193
-3.41178
-3.41103
-3.41118
-3.41073
-3.41073
-3.41209
-3.41209
-3.41208
-3.41223
-3.41118
-3.41193
-3.41209
-3.41269
-3.4136
-3.41314
-3.41344
-3.4145
-3.41404
-3.41435
-3.4139
-3.4139
-3.41405
-3.41345
-3.41315
-3.41224
-3.41254
-3.41269
-3.41269
-3.41193
-3.41193
-3.41072
-3.41087
-3.41163
-3.41208
-3.41374
-3.41359
-3.41238
-3.41193
-3.41208
-3.41148
-3.41179
-3.41254
-3.413
-3.41134
-3.41073
-3.41134
-3.41103
-3.41058
-3.40997
-3.40966
-3.41027
-3.41057
-3.41042
-3.41027
-3.40997
-3.41073
-3.41104
-3.4124
-3.41225
-3.41255
-3.41285
-3.4127
-3.41375
-3.41329
-3.41405
-3.4142
-3.4148
-3.4142
-3.41405
-3.41405
-3.41405
-3.4133
-3.41345
-3.41209
-3.41285
-3.41255
-3.4133
-3.41361
-3.41421
-3.41421
-3.41345
-3.41314
-3.41268
-3.41253
-3.41208
-3.41193
-3.41329
-3.41284
-3.41284
-3.41239
-3.41345
-3.4139
-3.41345
-3.4139
-3.41481
-3.41526
-3.41496
-3.4139
-3.4142
-3.41525
-3.41646
-3.41707
-3.41617
-3.41587
-3.41496
-3.41526
-3.41466
-3.4145
-3.41586
-3.41556
-3.41601
-3.41571
-3.41631
-3.41495
-3.41556
-3.41541
-3.4142
-3.41405
-3.41375
-3.41511
-3.4139
-3.41465
-3.41435
-3.4139
-3.41314
-3.41314
-3.41329
-3.41299
-3.41208
-3.41178
-3.41253
-3.41208
-3.41193
-3.41284
-3.41269
-3.41223
-3.41269
-3.41223
-3.41163
-3.41193
-3.41178
-3.41193
-3.41103
-3.41239
-3.41164
-3.41088
-3.41178
-3.41178
-3.41178
-3.41133
-3.41178
-3.41209
-3.41209
-3.4127
-3.41345
-3.4133
-3.41239
-3.41284
-3.41314
-3.41268
-3.41329
-3.41253
-3.41223
-3.41299
-3.4136
-3.41254
-3.41254
-3.41299
-3.4136
-3.4142
-3.41299
-3.41253
-3.41208
-3.41299
-3.41268
-3.41284
-3.41269
-3.41178
-3.41209
-3.41164
-3.41149
-3.41149
-3.41073
-3.41027
-3.41012
-3.40981
-3.41011
-3.41087
-3.40981
-3.40921
-3.40861
-3.40937
-3.40922
-3.41057
-3.41132
-3.41057
-3.41042
-3.40982
-3.40952
-3.40967
-3.40952
-3.40937
-3.40967
-3.40952
-3.40936
-3.40876
-3.40906
-3.40906
-3.4086
-3.4083
-3.40936
-3.40936
-3.40831
-3.41042
-3.41042
-3.40951
-3.40906
-3.40861
-3.40861
-3.40755
-3.4077
-3.4074
-3.4077
-3.40725
-3.40649
-3.4077
-3.40876
-3.40876
-3.4086
-3.40875
-3.40845
-3.4086
-3.40815
-3.408
-3.40785
-3.4074
-3.40786
-3.4074
-3.40755
-3.4074
-3.40815
-3.408
-3.40966
-3.40981
-3.41011
-3.40981
-3.40966
-3.41072
-3.41057
-3.41072
-3.41072
-3.41057
-3.40966
-3.40966
-3.40966
-3.41072
-3.41072
-3.41012
-3.41057
-3.41057
-3.41057
-3.41117
-3.41056
-3.41041
-3.41132
-3.41072
-3.41162
-3.41102
-3.41102
-3.41041
-3.41072
-3.41087
-3.41057
-3.41072
-3.41087
-3.41208
-3.41222
-3.41207
-3.41162
-3.41101
-3.41132
-3.41162
-3.41193
-3.41268
-3.41314
-3.41269
-3.41238
-3.41163
-3.41148
-3.41208
-3.41147
-3.41238
-3.41238
-3.41178
-3.41148
-3.41148
-3.41133
-3.41132
-3.41042
-3.41026
-3.40905
-3.4089
-3.40906
-3.40936
-3.40861
-3.40906
-3.40936
-3.40845
-3.40815
-3.408
-3.40785
-3.40755
-3.40846
-3.40952
-3.41012
-3.41072
-3.41133
-3.41072
-3.41132
-3.41132
-3.41132
-3.41208
-3.41268
-3.41298
-3.41314
-3.41253
-3.41253
-3.41253
-3.41329
-3.41299
-3.41283
-3.41328
-3.41192
-3.41026
-3.41042
-3.41057
-3.41087
-3.41012
-3.40997
-3.40997
-3.41011
-3.41011
-3.41011
-3.41026
-3.41026
-3.41057
-3.41072
-3.41041
-3.41086
-3.41162
-3.41177
-3.41177
-3.41086
-3.41071
-3.40966
-3.41012
-3.41042
-3.40936
-3.40997
-3.41012
-3.41012
-3.40891
-3.40921
-3.40966
-3.40951
-3.40936
-3.40845
-3.40921
-3.40951
-3.40921
-3.40951
-3.40981
-3.41026
-3.41041
-3.41011
-3.41163
-3.41193
-3.41102
-3.41102
-3.41163
-3.41102
-3.41117
-3.41072
-3.41147
-3.41178
-3.41148
-3.41208
-3.41284
-3.41269
-3.41329
-3.41208
-3.41132
-3.41057
-3.41132
-3.41192
-3.41192
-3.41222
-3.41253
-3.41192
-3.41253
-3.41253
-3.41162
-3.41163
-3.41193
-3.41178
-3.41178
-3.41178
-3.41163
-3.41238
-3.41223
-3.41222
-3.41343
-3.41328
-3.41373
-3.41268
-3.41238
-3.41253
-3.41208
-3.41163
-3.41208
-3.41253
-3.41193
-3.41223
-3.41177
-3.41192
-3.41313
-3.41314
-3.41283
-3.41223
-3.41268
-3.41268
-3.41313
-3.41223
-3.41223
-3.41162
-3.41162
-3.41193
-3.41132
-3.41117
-3.41116
-3.41147
-3.41147
-3.41132
-3.41071
-3.40981
-3.4086
-3.40951
-3.40936
-3.40981
-3.4092
-3.40981
-3.41026
-3.40966
-3.40935
-3.40966
-3.40936
-3.40936
-3.4086
-3.4083
-3.40875
-3.40845
-3.40845
-3.40875
-3.40769
-3.40724
-3.40694
-3.40618
-3.40694
-3.40648
-3.40512
-3.40421
-3.40482
-3.40437
-3.40467
-3.40422
-3.40407
-3.40301
-3.40226
-3.40286
-3.40211
-3.40195
-3.40256
-3.40255
-3.40331
-3.40301
-3.40331
-3.40392
-3.40437
-3.40437
-3.40498
-3.40679
-3.40664
-3.40604
-3.40589
-3.40543
-3.40574
-3.40679
-3.4074
-3.4077
-3.40663
-3.40693
-3.40618
-3.40648
-3.40664
-3.40649
-3.40634
-3.40634
-3.40619
-3.40709
-3.4074
-3.40694
-3.40679
-3.40679
-3.40649
-3.4074
-3.40845
-3.4089
-3.40875
-3.4092
-3.40935
-3.4086
-3.40784
-3.40875
-3.4086
-3.40875
-3.40875
-3.4083
-3.408
-3.40921
-3.40891
-3.4083
-3.40769
-3.40784
-3.40754
-3.40724
-3.40663
-3.40799
-3.4086
-3.4083
-3.4089
-3.4086
-3.40876
-3.40981
-3.41042
-3.41042
-3.40996
-3.41011
-3.40951
-3.40996
-3.40951
-3.40875
-3.4083
-3.4089
-3.4092
-3.40966
-3.40981
-3.41057
-3.4089
-3.4083
-3.40814
-3.40784
-3.4083
-3.4089
-3.40891
-3.40906
-3.40936
-3.41087
-3.41132
-3.41192
-3.41177
-3.41147
-3.41162
-3.41026
-3.41117
-3.41072
-3.41042
-3.41057
-3.41087
-3.41102
-3.41072
-3.41056
-3.41071
-3.41071
-3.41041
-3.41011
-3.40921
-3.4086
-3.40966
-3.40951
-3.40936
-3.41011
-3.41071
-3.41101
-3.41132
-3.41162
-3.41162
-3.41162
-3.41162
-3.41178
-3.41238
-3.41238
-3.41268
-3.41359
-3.41358
-3.41358
-3.41343
-3.41328
-3.41358
-3.41328
-3.41449
-3.41389
-3.41419
-3.41313
-3.41177
-3.41223
-3.41268
-3.41207
-3.41117
-3.41071
-3.41086
-3.41117
-3.41147
-3.41132
-3.41133
-3.41072
-3.41072
-3.41042
-3.41162
-3.41056
-3.40981
-3.40981
-3.41026
-3.41071
-3.40981
-3.41026
-3.41042
-3.41178
-3.41223
-3.41148
-3.41118
-3.41133
-3.41178
-3.41298
-3.41464
-3.41403
-3.41418
-3.41403
-3.41434
-3.41419
-3.41374
-3.41329
-3.41284
-3.41329
-3.41314
-3.41284
-3.41314
-3.41268
-3.41359
-3.41359
-3.41313
-3.41298
-3.41238
-3.41192
-3.41329
-3.41344
-3.4139
-3.41374
-3.41359
-3.41419
-3.41389
-3.41389
-3.41298
-3.41343
-3.41344
-3.41314
-3.41329
-3.41299
-3.41238
-3.41238
-3.41193
-3.41102
-3.41133
-3.41072
-3.40906
-3.40876
-3.40966
-3.40936
-3.40966
-3.40981
-3.40951
-3.41026
-3.40996
-3.41026
-3.41011
-3.41057
-3.41027
-3.40982
-3.41072
-3.41087
-3.41118
-3.41102
-3.41163
-3.41087
-3.40982
-3.41027
-3.40936
-3.40906
-3.40906
-3.40921
-3.40966
-3.40906
-3.4086
-3.40921
-3.40876
-3.40936
-3.40997
-3.41013
-3.40877
-3.40907
-3.41027
-3.41117
-3.41057
-3.41057
-3.40982
-3.40907
-3.40982
-3.40907
-3.40982
-3.41072
-3.41208
-3.41208
-3.41329
-3.41284
-3.41345
-3.41315
-3.4133
-3.4145
-3.4145
-3.41511
-3.4148
-3.41495
-3.41465
-3.41525
-3.4154
-3.41495
-3.4145
-3.41389
-3.41299
-3.41269
-3.41239
-3.41223
-3.4139
-3.4142
-3.4142
-3.41329
-3.41374
-3.41359
-3.41405
-3.4148
-3.41465
-3.41465
-3.41314
-3.41465
-3.41465
-3.4142
-3.41405
-3.41344
-3.41344
-3.41238
-3.41238
-3.41208
-3.41193
-3.41254
-3.41178
-3.41103
-3.41103
-3.41057
-3.41027
-3.41163
-3.41178
-3.41163
-3.41162
-3.41238
-3.41223
-3.41254
-3.41239
-3.41315
-3.4127
-3.41345
-3.41375
-3.4142
-3.4148
-3.4142
-3.41465
-3.41465
-3.41359
-3.41374
-3.41314
-3.41299
-3.41268
-3.41208
-3.41208
-3.41268
-3.41359
-3.41359
-3.41329
-3.41344
-3.41239
-3.41254
-3.41299
-3.41284
-3.41329
-3.41284
-3.41269
-3.41299
-3.41299
-3.41163
-3.41253
-3.41298
-3.41253
-3.41192
-3.41132
-3.41042
-3.41117
-3.41208
-3.41254
-3.41209
-3.41148
-3.41118
-3.41133
-3.41163
-3.41102
-3.41117
-3.41132
-3.41117
-3.41193
-3.41178
-3.41117
-3.41163
-3.41118
-3.41344
-3.41389
-3.41314
-3.41329
-3.41404
-3.41298
-3.41359
-3.41389
-3.41359
-3.41329
-3.41435
-3.41329
-3.41329
-3.41314
-3.41404
-3.41434
-3.41434
-3.41359
-3.41359
-3.41435
-3.41359
-3.41299
-3.4136
-3.4139
-3.41405
-3.4142
-3.41525
-3.41585
-3.4151
-3.41585
-3.41525
-3.41495
-3.41404
-3.41404
-3.41404
-3.4142
-3.4142
-3.41405
-3.41511
-3.41495
-3.41601
-3.41631
-3.41616
-3.41586
-3.41631
-3.41661
-3.41631
-3.41601
-3.41616
-3.41692
-3.41616
-3.41662
-3.41601
-3.41526
-3.41601
-3.41661
-3.41616
-3.4154
-3.41525
-3.41556
-3.41465
-3.41496
-3.41511
-3.41526
-3.41405
-3.41405
-3.4139
-3.41345
-3.41269
-3.41269
-3.41314
-3.41359
-3.41328
-3.41147
-3.41117
-3.41118
-3.41134
-3.41164
-3.41224
-3.41269
-3.41404
-3.41358
-3.41329
-3.41315
-3.41376
-3.413
-3.41284
-3.41284
-3.41239
-3.41163
-3.41148
-3.41208
-3.41193
-3.41268
-3.41132
-3.41087
-3.41208
-3.41299
-3.41269
-3.41344
-3.41299
-3.41359
-3.41284
-3.41299
-3.41329
-3.41313
-3.41283
-3.41253
-3.41238
-3.41208
-3.41223
-3.41299
-3.41163
-3.41314
-3.41359
-3.41465
-3.41419
-3.4145
-3.41389
-3.41359
-3.41359
-3.41328
-3.41374
-3.41389
-3.41329
-3.41314
-3.41389
-3.41344
-3.41359
-3.41284
-3.41344
-3.41465
-3.41495
-3.41555
-3.41525
-3.4151
-3.41494
-3.41449
-3.41479
-3.41464
-3.4151
-3.41525
-3.4157
-3.41571
-3.41616
-3.41616
-3.41601
-3.41495
-3.4148
-3.4145
-3.4145
-3.4148
-3.4154
-3.4151
-3.41464
-3.416
-3.4163
-3.41524
-3.41555
-3.4154
-3.4145
-3.41389
-3.41329
-3.41329
-3.41359
-3.4148
-3.4154
-3.41555
-3.4151
-3.41389
-3.41313
-3.41328
-3.41328
-3.41344
-3.41359
-3.41434
-3.41495
-3.41555
-3.4157
-3.41419
-3.41389
-3.41419
-3.41449
-3.41388
-3.41434
-3.41524
-3.41373
-3.41283
-3.41374
-3.41298
-3.41193
-3.41132
-3.41193
-3.41208
-3.41284
-3.41208
-3.41102
-3.41132
-3.41117
-3.41041
-3.4089
-3.40875
-3.40724
-3.40724
-3.40694
-3.40769
-3.40739
-3.40709
-3.40709
-3.40845
-3.40709
-3.40558
-3.40543
-3.40618
-3.40679
-3.40679
-3.40649
-3.40755
-3.40921
-3.40875
-3.40875
-3.40966
-3.41041
-3.41102
-3.41117
-3.41132
-3.41207
-3.41253
-3.41192
-3.41192
-3.41132
-3.41132
-3.41283
-3.41147
-3.41222
-3.41192
-3.41253
-3.41222
-3.41192
-3.41192
-3.41298
-3.41343
-3.41223
-3.41268
-3.41253
-3.41223
-3.41223
-3.41178
-3.41223
-3.41208
-3.41223
-3.41283
-3.41268
-3.41207
-3.41177
-3.41207
-3.41207
-3.41208
-3.41253
-3.41314
-3.41268
-3.41253
-3.41344
-3.41208
-3.41163
-3.41117
-3.40981
-3.40966
-3.4089
-3.41071
-3.4095
-3.40965
-3.4086
-3.40845
-3.40814
-3.40814
-3.40845
-3.40951
-3.4086
-3.40785
-3.40739
-3.40785
-3.40785
-3.40724
-3.40694
-3.40664
-3.40755
-3.40845
-3.40799
-3.40844
-3.40874
-3.4089
-3.4083
-3.40754
-3.40769
-3.40814
-3.40814
-3.40754
-3.40815
-3.4086
-3.40709
-3.40739
-3.40799
-3.4086
-3.40936
-3.40981
-3.40966
-3.41011
-3.41086
-3.41116
-3.41056
-3.41147
-3.41223
-3.41208
-3.41177
-3.41086
-3.41086
-3.41117
-3.41056
-3.41117
-3.41042
-3.41011
-3.40921
-3.41027
-3.40981
-3.40981
-3.4086
-3.4089
-3.4092
-3.40875
-3.40905
-3.4092
-3.40935
-3.40875
-3.40891
-3.40921
-3.40951
-3.40906
-3.40936
-3.4089
-3.40936
-3.40875
-3.40769
-3.40799
-3.40815
-3.40769
-3.40845
-3.40875
-3.408
-3.40815
-3.40815
-3.408
-3.4086
-3.408
-3.40739
-3.40769
-3.4086
-3.40935
-3.41026
-3.41087
-3.41117
-3.41147
-3.41178
-3.41223
-3.41238
-3.41253
-3.41147
-3.41193
-3.41223
-3.41344
-3.41449
-3.41328
-3.41238
-3.41238
-3.41313
-3.41328
-3.41344
-3.41404
-3.41298
-3.41253
-3.41208
-3.41299
-3.41299
-3.41284
-3.41389
-3.41359
-3.41358
-3.41419
-3.41298
-3.41268
-3.41298
-3.41268
-3.41207
-3.41207
-3.41132
-3.41132
-3.41253
-3.41208
-3.41193
-3.41238
-3.41238
-3.41162
-3.41132
-3.41132
-3.41147
-3.41132
-3.41237
-3.41222
-3.41162
-3.41026
-3.40995
-3.4092
-3.4092
-3.41011
-3.41026
-3.41011
-3.4086
-3.4086
-3.40965
-3.41026
-3.41041
-3.41086
-3.41146
-3.41192
-3.41131
-3.41086
-3.41086
-3.41101
-3.4098
-3.40905
-3.41011
-3.4092
-3.4095
-3.40784
-3.40784
-3.40723
-3.40708
-3.40738
-3.40708
-3.40784
-3.40844
-3.40829
-3.4086
-3.40875
-3.40905
-3.4092
-3.4095
-3.41041
-3.41147
-3.41162
-3.41177
-3.41071
-3.41011
-3.40996
-3.40935
-3.41041
-3.41132
-3.41131
-3.41176
-3.41222
-3.41161
-3.41192
-3.41087
-3.41223
-3.41102
-3.41087
-3.41192
-3.41298
-3.41298
-3.41177
-3.41313
-3.41403
-3.41463
-3.41463
-3.41524
-3.41479
-3.41418
-3.41403
-3.41449
-3.41434
-3.41298
-3.41359
-3.41434
-3.41328
-3.41389
-3.41388
-3.41449
-3.41403
-3.41433
-3.41418
-3.41372
-3.41418
-3.41403
-3.41494
-3.41494
-3.41373
-3.41358
-3.41388
-3.41328
-3.41222
-3.41252
-3.41252
-3.41312
-3.41327
-3.41176
-3.41161
-3.41297
-3.41252
-3.41267
-3.41297
-3.41388
-3.41388
-3.41327
-3.41297
-3.41282
-3.41282
-3.41373
-3.41493
-3.41554
-3.41524
-3.41539
-3.41569
-3.41614
-3.41508
-3.41538
-3.41644
-3.41644
-3.41584
-3.4166
-3.41705
-3.41615
-3.41539
-3.41494
-3.41464
-3.41297
-3.41282
-3.41312
-3.41358
-3.41463
-3.41388
-3.41358
-3.41373
-3.41343
-3.41222
-3.41191
-3.41161
-3.4104
-3.41055
-3.4107
-3.411
-3.4104
-3.40979
-3.40964
-3.40965
-3.40889
-3.40829
-3.40965
-3.4101
-3.41055
-3.4095
-3.40919
-3.4098
-3.4104
-3.41146
-3.41055
-3.4116
-3.41236
-3.41281
-3.41251
-3.41236
-3.41266
-3.41266
-3.41297
-3.41297
-3.41252
-3.41236
-3.41236
-3.41115
-3.41161
-3.41161
-3.4107
-3.41191
-3.41146
-3.41131
-3.41176
-3.41282
-3.41251
-3.41236
-3.41297
-3.41282
-3.41191
-3.41161
-3.41131
-3.41131
-3.41086
-3.41116
-3.41207
-3.41192
-3.41086
-3.41207
-3.41328
-3.41312
-3.41418
-3.41387
-3.41448
-3.41403
-3.41464
-3.41434
-3.41358
-3.41418
-3.41387
-3.41417
-3.41417
-3.41387
-3.41417
-3.41403
-3.41328
-3.41313
-3.41313
-3.41418
-3.41403
-3.41433
-3.41494
-3.41524
-3.41509
-3.41554
-3.41448
-3.41523
-3.41614
-3.4175
-3.41675
-3.41765
-3.41659
-3.41554
-3.41523
-3.41553
-3.41523
-3.41417
-3.41432
-3.41417
-3.41448
-3.41372
-3.41327
-3.41418
-3.41418
-3.41388
-3.41403
-3.41327
-3.41357
-3.41403
-3.41372
-3.41372
-3.41297
-3.41312
-3.41282
-3.41251
-3.41327
-3.41388
-3.41403
-3.41403
-3.41448
-3.41312
-3.41281
-3.41312
-3.41327
-3.41282
-3.41357
-3.41297
-3.41297
-3.41252
-3.41252
-3.41236
-3.4113
-3.41085
-3.41085
-3.41055
-3.4107
-3.41085
-3.411
-3.41055
-3.40919
-3.40874
-3.40874
-3.40904
-3.40919
-3.40979
-3.4104
-3.40934
-3.40949
-3.41009
-3.41009
-3.40994
-3.41009
-3.41054
-3.41039
-3.40933
-3.40934
-3.40889
-3.40874
-3.40949
-3.41055
-3.40979
-3.40933
-3.40979
-3.40843
-3.40828
-3.40828
-3.40662
-3.40617
-3.40617
-3.40571
-3.40556
-3.40571
-3.40586
-3.40752
-3.40661
-3.40707
-3.40722
-3.40601
-3.40541
-3.40632
-3.40813
-3.40752
-3.40782
-3.40707
-3.40737
-3.40707
-3.40722
-3.40692
-3.40631
-3.40707
-3.40783
-3.40798
-3.40798
-3.40798
-3.40647
-3.40692
-3.40632
-3.40601
-3.40601
-3.40615
-3.40585
-3.40661
-3.40646
-3.40646
-3.40495
-3.40495
-3.40465
-3.4036
-3.40345
-3.40375
-3.40466
-3.40526
-3.40526
-3.40586
-3.40677
-3.40692
-3.40782
-3.40843
-3.40828
-3.40858
-3.40857
-3.40842
-3.40736
-3.40751
-3.40751
-3.40872
-3.41069
-3.41069
-3.41039
-3.41054
-3.41054
-3.40978
-3.41069
-3.41039
-3.41069
-3.41145
-3.4119
-3.41129
-3.41145
-3.4116
-3.4128
-3.41235
-3.41205
-3.4125
-3.41265
-3.4128
-3.4125
-3.4137
-3.41295
-3.4125
-3.4119
-3.41205
-3.41251
-3.41326
-3.41326
-3.41372
-3.41508
-3.41538
-3.41583
-3.41583
-3.41431
-3.4134
-3.4131
-3.41326
-3.41311
-3.41341
-3.41341
-3.41371
-3.41281
-3.41251
-3.41296
-3.41281
-3.41341
-3.41296
-3.41236
-3.41356
-3.41341
-3.41431
-3.41416
-3.41325
-3.41205
-3.41145
-3.411
-3.41115
-3.411
-3.4122
-3.4125
-3.41235
-3.4128
-3.41235
-3.41265
-3.41341
-3.41221
-3.41281
-3.41297
-3.41342
-3.41311
-3.41326
-3.41296
-3.41326
-3.41265
-3.41205
-3.41024
-3.40979
-3.40949
-3.40979
-3.41069
-3.41069
-3.41069
-3.41084
-3.4122
-3.4122
-3.4122
-3.41175
-3.4122
-3.41009
-3.41024
-3.41009
-3.41084
-3.41099
-3.41144
-3.41069
-3.41054
-3.4113
-3.41236
-3.41417
-3.41371
-3.41311
-3.41281
-3.41386
-3.41507
-3.41462
-3.41356
-3.41235
-3.4125
-3.41341
-3.41311
-3.41266
-3.41251
-3.4119
-3.4122
-3.41325
-3.4131
-3.4134
-3.41355
-3.41476
-3.41507
-3.41477
-3.41387
-3.41372
-3.41311
-3.41311
-3.41266
-3.41311
-3.41281
-3.41265
-3.41341
-3.41341
-3.41325
-3.41265
-3.4131
-3.41386
-3.41371
-3.41371
-3.41462
-3.41477
-3.41341
-3.41447
-3.41311
-3.4125
-3.4122
-3.41265
-3.41326
-3.41205
-3.41099
-3.41114
-3.41039
-3.4113
-3.4122
-3.41145
-3.41145
-3.41129
-3.4122
-3.41114
-3.41219
-3.4134
-3.41446
-3.41477
-3.41432
-3.41372
-3.41357
-3.41357
-3.41311
-3.41356
-3.41432
-3.41507
-3.41612
-3.41612
-3.41613
-3.41552
-3.41507
-3.41432
-3.41447
-3.41326
-3.41371
-3.41386
-3.41341
-3.41371
-3.41417
-3.41372
-3.41357
-3.41342
-3.41251
-3.41297
-3.41236
-3.4122
-3.41281
-3.41341
-3.41311
-3.41326
-3.41311
-3.41266
-3.41326
-3.41311
-3.41357
-3.41417
-3.41433
-3.41478
-3.41342
-3.41372
-3.41417
-3.41417
-3.41447
-3.41568
-3.41478
-3.41463
-3.41493
-3.41448
-3.41493
-3.41478
-3.41418
-3.41267
-3.41221
-3.41251
-3.41221
-3.41206
-3.41175
-3.4116
-3.41114
-3.4116
-3.41115
-3.41085
-3.41161
-3.41191
-3.41327
-3.41342
-3.41312
-3.41388
-3.41403
-3.41418
-3.41402
-3.41417
-3.41402
-3.41417
-3.41417
-3.41342
-3.41372
-3.41372
-3.41251
-3.41372
-3.41267
-3.41297
-3.41282
-3.41237
-3.41207
-3.41252
-3.41176
-3.41191
-3.41161
-3.4107
-3.411
-3.41206
-3.41236
-3.41115
-3.4101
-3.4101
-3.4101
-3.40965
-3.4098
-3.4095
-3.40935
-3.40874
-3.40889
-3.40964
-3.40843
-3.40798
-3.40768
-3.40707
-3.40707
-3.40753
-3.40798
-3.40768
-3.40693
-3.40648
-3.40753
-3.40829
-3.40874
-3.40888
-3.40934
-3.40904
-3.40874
-3.40799
-3.40738
-3.40784
-3.40723
-3.40754
-3.40708
-3.40753
-3.40783
-3.40828
-3.40798
-3.40798
-3.40949
-3.40783
-3.40844
-3.4092
-3.4095
-3.40981
-3.41101
-3.41056
-3.41025
-3.4098
-3.40934
-3.40858
-3.40858
-3.40979
-3.40964
-3.40964
-3.40964
-3.40949
-3.40935
-3.41026
-3.41117
-3.41011
-3.41041
-3.41116
-3.41131
-3.41055
-3.4104
-3.40979
-3.40964
-3.40994
-3.4113
-3.41161
-3.41131
-3.41101
-3.41131
-3.41011
-3.40996
-3.41011
-3.4098
-3.4101
-3.4104
-3.41025
-3.411
-3.4107
-3.4104
-3.41115
-3.41115
-3.41161
-3.41146
-3.41131
-3.41116
-3.40949
-3.40844
-3.40874
-3.40874
-3.40829
-3.4089
-3.40874
-3.40874
-3.40965
-3.40965
-3.41116
-3.4104
-3.40995
-3.4095
-3.40814
-3.40845
-3.40829
-3.40814
-3.40843
-3.40828
-3.40843
-3.40768
-3.40723
-3.40783
-3.40889
-3.4095
-3.41026
-3.41026
-3.40996
-3.41026
-3.41071
-3.41071
-3.40995
-3.40995
-3.40965
-3.40995
-3.4101
-3.41025
-3.41025
-3.40935
-3.4089
-3.4086
-3.40875
-3.4089
-3.40844
-3.40965
-3.40996
-3.41011
-3.41011
-3.41057
-3.41147
-3.41162
-3.4098
-3.4092
-3.40934
-3.40919
-3.40995
-3.41086
-3.41026
-3.41072
-3.41162
-3.41177
-3.41117
-3.41041
-3.41147
-3.41177
-3.41131
-3.41161
-3.41131
-3.41192
-3.41177
-3.41283
-3.41268
-3.41313
-3.41268
-3.41374
-3.41419
-3.41389
-3.41313
-3.41343
-3.41343
-3.41419
-3.41373
-3.41298
-3.41268
-3.41298
-3.41238
-3.41192
-3.41071
-3.4092
-3.4098
-3.41116
-3.40996
-3.4095
-3.40966
-3.4086
-3.40875
-3.4083
-3.4083
-3.40951
-3.40996
-3.40996
-3.40966
-3.40906
-3.40875
-3.40906
-3.40875
-3.40845
-3.40814
-3.40724
-3.40693
-3.40709
-3.40784
-3.4083
-3.40785
-3.40679
-3.40543
-3.40543
-3.40604
-3.40543
-3.40604
-3.40634
-3.40603
-3.40739
-3.4089
-3.40966
-3.40981
-3.41026
-3.41011
-3.41071
-3.41102
-3.41102
-3.41056
-3.40981
-3.40981
-3.40905
-3.40875
-3.4083
-3.40799
-3.40799
-3.40799
-3.40875
-3.40845
-3.4092
-3.40996
-3.41011
-3.41117
-3.41102
-3.41162
-3.41102
-3.40966
-3.40936
-3.40981
-3.41012
-3.40966
-3.40936
-3.4089
-3.40936
-3.41026
-3.41011
-3.41071
-3.40935
-3.40935
-3.4092
-3.40905
-3.41041
-3.40996
-3.40951
-3.40906
-3.40951
-3.41012
-3.40981
-3.40921
-3.40951
-3.40996
-3.41026
-3.41087
-3.41117
-3.41117
-3.40966
-3.41012
-3.41042
-3.41057
-3.41087
-3.41163
-3.41087
-3.41102
-3.41147
-3.41041
-3.41071
-3.41041
-3.40951
-3.40981
-3.40951
-3.40921
-3.40906
-3.40906
-3.40891
-3.40967
-3.40967
-3.40921
-3.40951
-3.4086
-3.40921
-3.40966
-3.40905
-3.40936
-3.40905
-3.4086
-3.4092
-3.4095
-3.4092
-3.4092
-3.41026
-3.41087
-3.41042
-3.41087
-3.41118
-3.41133
-3.41193
-3.41208
-3.41208
-3.41343
-3.41373
-3.41404
-3.41404
-3.41388
-3.41358
-3.41328
-3.41268
-3.41222
-3.41253
-3.41177
-3.41102
-3.41162
-3.41117
-3.41132
-3.41057
-3.4089
-3.408
-3.40845
-3.4089
-3.40935
-3.41071
-3.41071
-3.41056
-3.40966
-3.40951
-3.40784
-3.40845
-3.40935
-3.40981
-3.40981
-3.40996
-3.41011
-3.41193
-3.41147
-3.41072
-3.41042
-3.41026
-3.40996
-3.40996
-3.40981
-3.41057
-3.41026
-3.40951
-3.41102
-3.41117
-3.41132
-3.41102
-3.41071
-3.40981
-3.4095
-3.41041
-3.41056
-3.40996
-3.41026
-3.40966
-3.40966
-3.40981
-3.41011
-3.41102
-3.41072
-3.41223
-3.41238
-3.41192
-3.41267
-3.41177
-3.41283
-3.41313
-3.41298
-3.41389
-3.41298
-3.41223
-3.41207
-3.41208
-3.41359
-3.41494
-3.41404
-3.41328
-3.41313
-3.41267
-3.41192
-3.41177
-3.41147
-3.41147
-3.41147
-3.41147
-3.41222
-3.41207
-3.41298
-3.41404
-3.41419
-3.41465
-3.4151
-3.41449
-3.41434
-3.41389
-3.41434
-3.41404
-3.41344
-3.41329
-3.41329
-3.41223
-3.41208
-3.41192
-3.41238
-3.41253
-3.41162
-3.41101
-3.41072
-3.41057
-3.41027
-3.40997
-3.40861
-3.40891
-3.40815
-3.40861
-3.40815
-3.408
-3.40845
-3.40694
-3.40709
-3.40739
-3.40739
-3.4086
-3.4086
-3.40876
-3.41012
-3.40997
-3.41103
-3.41163
-3.41132
-3.41178
-3.41162
-3.41162
-3.41162
-3.41192
-3.41177
-3.41238
-3.41298
-3.41268
-3.41284
-3.41253
-3.41133
-3.41087
-3.41012
-3.41042
-3.41027
-3.40967
-3.40982
-3.40982
-3.40906
-3.40966
-3.40936
-3.41057
-3.41072
-3.41042
-3.41178
-3.41073
-3.41148
-3.41118
-3.41087
-3.41072
-3.41087
-3.41073
-3.40998
-3.41058
-3.40967
-3.40922
-3.40952
-3.40982
-3.41102
-3.41057
-3.41012
-3.40982
-3.40982
-3.41027
-3.41058
-3.40982
-3.40982
-3.41103
-3.41072
-3.41072
-3.41103
-3.41209
-3.41148
-3.40982
-3.41072
-3.41042
-3.41117
-3.41148
-3.41163
-3.41223
-3.41148
-3.41178
-3.41103
-3.41012
-3.41042
-3.41103
-3.41103
-3.41103
-3.40982
-3.40937
-3.41027
-3.41058
-3.40997
-3.40967
-3.40982
-3.41042
-3.40921
-3.40921
-3.40876
-3.40997
-3.41042
-3.41118
-3.41072
-3.41012
-3.40982
-3.40922
-3.40907
-3.40801
-3.40937
-3.40998
-3.40907
-3.40816
-3.40861
-3.4077
-3.4077
-3.40785
-3.408
-3.40755
-3.40725
-3.40846
-3.40846
-3.40877
-3.40877
-3.40816
-3.4068
-3.40634
-3.40649
-3.40664
-3.40589
-3.40604
-3.4065
-3.40574
-3.40559
-3.40574
-3.40559
-3.40635
-3.40635
-3.40605
-3.40786
-3.40695
-3.40634
-3.40649
-3.40664
-3.40725
-3.40725
-3.40679
-3.40619
-3.40589
-3.4068
-3.4074
-3.40619
-3.40559
-3.40483
-3.40574
-3.40604
-3.4062
-3.40635
-3.4065
-3.40544
-3.40589
-3.40574
-3.40634
-3.40695
-3.40725
-3.40725
-3.40649
-3.4068
-3.4074
-3.40725
-3.40771
-3.4071
-3.40816
-3.40815
-3.40785
-3.408
-3.4077
-3.4074
-3.40816
-3.40801
-3.40831
-3.4074
-3.40786
-3.40861
-3.4077
-3.40801
-3.40725
-3.4074
-3.40816
-3.40846
-3.40967
-3.40891
-3.40966
-3.40997
-3.40937
-3.41043
-3.41073
-3.41043
-3.40997
-3.40952
-3.40967
-3.40982
-3.40982
-3.41027
-3.41012
-3.41027
-3.40967
-3.41027
-3.41073
-3.41058
-3.40982
-3.40997
-3.40997
-3.40967
-3.40952
-3.40891
-3.40906
-3.40816
-3.40755
-3.40801
-3.40861
-3.40892
-3.40876
-3.40801
-3.40891
-3.40891
-3.40952
-3.40861
-3.40921
-3.40891
-3.40936
-3.40982
-3.40982
-3.40936
-3.40936
-3.41012
-3.40997
-3.40876
-3.40982
-3.40982
-3.41058
-3.40982
-3.41043
-3.41133
-3.41088
-3.41163
-3.41148
-3.41163
-3.41148
-3.41087
-3.41027
-3.41103
-3.41043
-3.41073
-3.41103
-3.41103
-3.41118
-3.41118
-3.41103
-3.41103
-3.41057
-3.41163
-3.41087
-3.41118
-3.41133
-3.41087
-3.41118
-3.41118
-3.41193
-3.41178
-3.41133
-3.41163
-3.41238
-3.41223
-3.41193
-3.41147
-3.41193
-3.41178
-3.41148
-3.41163
-3.41193
-3.41269
-3.41329
-3.41435
-3.41389
-3.41344
-3.41359
-3.41374
-3.41359
-3.41359
-3.41328
-3.41283
-3.41238
-3.41147
-3.41132
-3.41163
-3.41087
-3.41072
-3.41057
-3.41133
-3.41072
-3.41042
-3.41011
-3.40966
-3.40891
-3.40876
-3.408
-3.40755
-3.4074
-3.40679
-3.40694
-3.40589
-3.40634
-3.40573
-3.40649
-3.40573
-3.40664
-3.40785
-3.40815
-3.4083
-3.40831
-3.40906
-3.40876
-3.4086
-3.4083
-3.4089
-3.40996
-3.41041
-3.40996
-3.41087
-3.41072
-3.41087
-3.41163
-3.41223
-3.41283
-3.41359
-3.41329
-3.41374
-3.41298
-3.41147
-3.41192
-3.41389
-3.41359
-3.41253
-3.41298
-3.41223
-3.41268
-3.41299
-3.41162
-3.41072
-3.41056
-3.40981
-3.41102
-3.41207
-3.41132
-3.41177
-3.41208
-3.41223
-3.41298
-3.41283
-3.41253
-3.41208
-3.41208
-3.41178
-3.41147
-3.41011
-3.41072
-3.41011
-3.41026
-3.41011
-3.41042
-3.41072
-3.41072
-3.41057
-3.40846
-3.40891
-3.40966
-3.41011
-3.40936
-3.40981
-3.41026
-3.41178
-3.41238
-3.41223
-3.41299
-3.41223
-3.41208
-3.41133
-3.41148
-3.41148
-3.41148
-3.41268
-3.41238
-3.41329
-3.41465
-3.41404
-3.41374
-3.41389
-3.4145
-3.41465
-3.4154
-3.41556
-3.41752
-3.41737
-3.41767
-3.41752
-3.41662
-3.41722
-3.41767
-3.41752
-3.41692
-3.41601
-3.4148
-3.41405
-3.41404
-3.41344
-3.41329
-3.41238
-3.41163
-3.41163
-3.41254
-3.41269
-3.41344
-3.41299
-3.41269
-3.41209
-3.41103
-3.41163
-3.41224
-3.41208
-3.41148
-3.41102
-3.41117
-3.41162
-3.41117
-3.41012
-3.40981
-3.4083
-3.40875
-3.40815
-3.4077
-3.40785
-3.4074
-3.4068
-3.40725
-3.40816
-3.40755
-3.408
-3.4086
-3.4089
-3.408
-3.40724
-3.40755
-3.4068
-3.40665
-3.4071
-3.40725
-3.40982
-3.41042
-3.41087
-3.41148
-3.41102
-3.41072
-3.41072
-3.41102
-3.41147
-3.41253
-3.41298
-3.41344
-3.41419
-3.41465
-3.4151
-3.41526
-3.41526
-3.41511
-3.41405
-3.41465
-3.41375
-3.41284
-3.41345
-3.4142
-3.41465
-3.4136
-3.41314
-3.41284
-3.41223
-3.41178
-3.41238
-3.41283
-3.41253
-3.41284
-3.41194
-3.41179
-3.41239
-3.41209
-3.41133
-3.41253
-3.41299
-3.41238
-3.41268
-3.41268
-3.41314
-3.41329
-3.41314
-3.41314
-3.41404
-3.41389
-3.41359
-3.41268
-3.41239
-3.41178
-3.41209
-3.4133
-3.41314
-3.41345
-3.41344
-3.41299
-3.41359
-3.41328
-3.41449
-3.41449
-3.41419
-3.41601
-3.41586
-3.41556
-3.41496
-3.41329
-3.41269
-3.41118
-3.41057
-3.41027
-3.41027
-3.41102
-3.41162
-3.41132
-3.41011
-3.41071
-3.41041
-3.41147
-3.41133
-3.41057
-3.41103
-3.40982
-3.40997
-3.40997
-3.40937
-3.41058
-3.41087
-3.41057
-3.41071
-3.41086
-3.41056
-3.41147
-3.41117
-3.41102
-3.41087
-3.41072
-3.41148
-3.41178
-3.41208
-3.41132
-3.41132
-3.41117
-3.41132
-3.41087
-3.40996
-3.41011
-3.41011
-3.41072
-3.41147
-3.41178
-3.41132
-3.41072
-3.41042
-3.41087
-3.41147
-3.41193
-3.41177
-3.41178
-3.41268
-3.41223
-3.41148
-3.41208
-3.41193
-3.41284
-3.41284
-3.4139
-3.41344
-3.41495
-3.41314
-3.41223
-3.41117
-3.41177
-3.41208
-3.41238
-3.41298
-3.41419
-3.41495
-3.41465
-3.41495
-3.4157
-3.416
-3.41721
-3.41752
-3.41797
-3.41827
