1.09505
1.08991
1.08442
1.07898
1.07487
1.07329
1.07424
1.07649
1.07866
1.08024
1.08176
1.08424
1.08856
1.09501
1.10309
1.11163
1.11908
1.12389
1.12474
1.12074
1.1115
1.09725
1.07891
1.05819
1.03732
1.01873
1.00466
0.996875
0.996438
1.00342
1.01694
1.03541
1.05698
1.07988
1.10246
1.12313
1.14038
1.15306
1.16073
1.16389
1.16365
1.16129
1.15788
1.15412
1.15035
1.14661
1.14287
1.13923
1.13569
1.13165
1.12583
1.11702
1.10516
1.09159
1.07861
1.06854
1.06266
1.06089
1.06223
1.06573
1.07118
1.07889
1.08912
1.10164
1.11576
1.13055
1.14527
1.15944
1.17263
1.18415
1.19289
1.19756
1.19697
1.19041
1.17776
1.15956
1.13718
1.11293
1.08989
1.07131
1.05953
1.05529
1.05784
1.06591
1.0784
1.09435
1.11223
1.12956
1.14339
1.15128
1.15203
1.14594
1.1347
1.12087
1.10685
1.09377
1.08145
1.06968
1.05935
1.05218
1.04972
1.05244
1.05964
1.06995
1.08186
1.09398
1.10512
1.11438
1.12112
1.12512
1.12656
1.12605
1.12438
1.12224
1.12006
1.11799
1.11617
1.11493
1.11504
1.11738
1.12203
1.12732
1.13043
1.12944
1.12507
1.11994
1.11579
1.11187
1.10651
1.09946
1.09224
1.08662
1.08325
1.08191
1.08232
1.08458
1.08855
1.09325
1.0972
1.09906
1.09826
1.09498
1.08992
1.08395
1.0778
1.07175
1.06557
1.0586
1.05021
1.04029
1.02977
1.02067
1.01547
1.01635
1.02452
1.03995
1.06145
1.08684
1.11332
1.13786
1.15773
1.17105
1.17695
1.17563
1.16775
1.15415
1.13556
1.11293
1.08792
1.06311
1.04186
1.02747
1.02225
1.02665
1.03907
1.0566
1.07593
1.0941
1.10877
1.11817
1.12103
1.11657
1.10475
1.08649
1.064
1.04062
1.02009
1.00548
0.998125
0.997495
1.002
1.0102
1.02114
1.03357
1.04521
1.05341
1.05674
1.05572
1.0525
1.04988
1.05009
1.05386
1.06032
1.06748
1.07319
1.07576
1.07445
1.06977
1.06348
1.05824
1.05654
1.05958
1.06671
1.07576
1.08407
1.0894
1.09049
1.08744
1.08186
1.07635
1.07332
1.07387
1.07749
1.08281
1.08837
1.09311
1.09632
1.09765
1.09722
1.09606
1.09594
1.09865
1.10483
1.11334
1.12171
1.12722
1.12788
1.12279
1.11218
1.09728
1.08016
1.06312
1.04825
1.03725
1.03156
1.03227
1.03964
1.05265
1.06892
1.08538
1.09934
1.10935
1.11551
1.11903
1.12145
1.12376
1.12596
1.12705
1.12539
1.11949
1.10874
1.09398
1.07757
1.06289
1.05319
1.05051
1.05497
1.06502
1.07822
1.09204
1.10455
1.11455
1.12157
1.1254
1.12577
1.1226
1.11653
1.10913
1.10215
1.09657
1.09261
1.09022
1.08963
1.09127
1.09544
1.10206
1.11065
1.12043
1.13054
1.14013
1.14847
1.15499
1.15916
1.16052
1.15873
1.15376
1.14585
1.13544
1.12312
1.1094
1.09479
1.07996
1.06586
1.05372
1.04473
1.03978
1.03914
1.04203
1.04642
1.04958
1.04966
1.04751
1.04657
1.05046
1.05983
1.07193
1.08304
1.0907
1.0945
1.09586
1.09695
1.09958
1.10437
1.11088
1.11808
1.12474
1.1297
1.132
1.13089
1.12595
1.11709
1.10474
1.09015
1.07545
1.06317
1.05545
1.05329
1.05628
1.06271
1.07018
1.07615
1.07863
1.07658
1.0702
1.06093
1.05146
1.04549
1.04646
1.05533
1.06952
1.08455
1.09676
1.1045
1.10788
1.10798
1.10623
1.10405
1.10258
1.10251
1.10416
1.10758
1.1129
1.12035
1.13003
1.14183
1.15554
1.17092
1.18728
1.20304
1.21589
1.22361
1.22492
1.2199
1.20979
1.19645
1.18184
1.16757
1.15477
1.14415
1.13608
1.13044
1.12635
1.1221
1.11556
1.1049
1.08944
1.07006
1.04915
1.02986
1.01515
1.00705
1.00635
1.01258
1.02426
1.03914
1.05464
1.06856
1.07945
1.08675
1.09041
1.09054
1.08724
1.08061
1.07097
1.05902
1.04594
1.03331
1.0227
1.01536
1.01201
1.01292
1.01788
1.02602
1.036
1.04662
1.05719
1.06707
1.07498
1.07944
1.08035
1.07964
1.08016
1.08358
1.08928
1.09501
1.09829
1.09754
1.09276
1.08566
1.07889
1.07479
1.07452
1.07795
1.08419
1.09198
1.10002
1.10705
1.1122
1.1152
1.11643
1.11646
1.11569
1.11387
1.11022
1.10387
1.09442
1.0824
1.06938
1.05777
1.0501
1.04817
1.05227
1.06102
1.07197
1.08255
1.09082
1.09577
1.0973
1.09624
1.09385
1.09088
1.08698
1.08096
1.07184
1.05962
1.04565
1.03243
1.02307
1.02025
1.02517
1.03706
1.05362
1.07202
1.08987
1.10563
1.11872
1.12921
1.13743
1.14365
1.1478
1.14955
1.14837
1.1439
1.13618
1.12581
1.11391
1.10182
1.09074
1.08122
1.07291
1.06473
1.05552
1.04526
1.03607
1.03186
1.03581
1.04747
1.06316
1.07896
1.09277
1.10437
1.11462
1.12458
1.13512
1.14668
1.1592
1.17194
1.18365
1.19281
1.19804
1.19836
1.19342
1.18364
1.17047
1.15634
1.14416
1.13614
1.13253
1.13142
1.12974
1.12458
1.11409
1.09757
1.07575
1.05115
1.02828
1.01258
1.0081
1.01562
1.03265
1.05498
1.07823
1.09865
1.11362
1.12185
1.12358
1.12057
1.1159
1.11344
1.1164
1.12594
1.14034
1.156
1.16941
1.17847
1.1825
1.18148
1.17562
1.16551
1.1525
1.13844
1.12512
1.11364
1.10418
1.09628
1.08934
1.0829
1.07675
1.07084
1.06514
1.05953
1.05379
1.04765
1.04093
1.03393
1.02759
1.0235
1.02309
1.0268
1.03382
1.04262
1.0518
1.06062
1.06909
1.07774
1.08718
1.09777
1.10921
1.12059
1.13057
1.1379
1.1418
1.14225
1.13985
1.13549
1.12996
1.12358
1.11605
1.10665
1.0947
1.0802
1.06428
1.04935
1.03828
1.03311
1.03407
1.0396
1.04736
1.05525
1.06203
1.06733
1.07128
1.07397
1.07518
1.07462
1.07236
1.06907
1.06595
1.06442
1.06563
1.0702
1.07789
1.08774
1.09855
1.10948
1.12002
1.12951
1.13685
1.14063
1.13975
1.13388
1.12351
1.11001
1.09547
1.08236
1.07282
1.06788
1.06727
1.06978
1.07396
1.07877
1.08366
1.08842
1.09284
1.09648
1.09869
1.0987
1.09587
1.08994
1.08112
1.06996
1.05715
1.04345
1.02974
1.0171
1.00654
0.998726
0.99376
0.991167
0.989895
0.988348
0.984871
0.978486
0.969701
0.960838
0.955608
0.957626
0.968338
0.985945
1.00662
1.02686
1.04473
1.05967
1.07171
1.08086
1.08708
1.09049
1.09158
1.09118
1.09038
1.09016
1.09105
1.09286
1.09472
1.09554
1.09477
1.09292
1.09171
1.09337
1.09972
1.11127
1.12717
1.14553
1.164
1.18021
1.19232
1.19923
1.20076
1.19749
1.19064
1.18164
1.17187
1.16234
1.15355
1.14561
1.13838
1.13165
1.12541
1.12029
1.11758
1.11868
1.12418
1.13335
1.14448
1.15561
1.16509
1.1717
1.17454
1.17294
1.16651
1.15552
1.14169
1.12835
1.11894
1.11495
1.11524
1.11702
1.11752
1.11532
1.11061
1.10459
1.09849
1.0932
1.08929
1.08708
1.08672
1.08806
1.09059
1.09358
1.09617
1.09773
1.09814
1.0978
1.09712
1.09615
1.09489
1.09387
1.09406
1.09602
1.09924
1.10276
1.10571
1.10742
1.10705
1.10368
1.09673
1.08648
1.07419
1.06189
1.05185
1.04593
1.04493
1.0485
1.05563
1.06554
1.07788
1.09214
1.10685
1.11984
1.12911
1.13341
1.13221
1.12565
1.11478
1.10155
1.08848
1.07771
1.07027
1.06589
1.06353
1.06208
1.06113
1.06131
1.06406
1.07073
1.08153
1.09527
1.10989
1.12326
1.13382
1.14077
1.144
1.14388
1.14108
1.13633
1.13036
1.12379
1.11729
1.11163
1.10767
1.10617
1.10754
1.11168
1.11792
1.12535
1.13314
1.1406
1.14715
1.15217
1.15504
1.15524
1.15241
1.14643
1.13747
1.12617
1.11361
1.10091
1.08883
1.07774
1.06799
1.06039
1.05609
1.05628
1.06157
1.07163
1.08516
1.10009
1.11391
1.12401
1.12795
1.12381
1.11088
1.0907
1.06776
1.04826
1.03687
1.03481
1.04106
1.05389
1.07097
1.08898
1.10427
1.11373
1.11545
1.10884
1.09459
1.07451
1.05128
1.02798
1.00725
0.990711
0.978698
0.970776
0.966837
0.967754
0.974984
0.989181
1.00903
1.03142
1.05277
1.07047
1.08354
1.09245
1.09851
1.10318
1.10761
1.11254
1.11835
1.1253
1.13347
1.14237
1.15081
1.15718
1.16023
1.15957
1.15574
1.14968
1.14211
1.13295
1.12145
1.10677
1.08884
1.06897
1.04996
1.03538
1.02816
1.02915
1.03657
1.04717
1.05773
1.06589
1.0702
1.07005
1.06616
1.061
1.05811
1.0602
1.06738
1.07735
1.08724
1.09516
1.10045
1.10318
1.10333
1.10045
1.09401
1.08425
1.07261
1.06148
1.05338
1.0502
1.0528
1.06085
1.07302
1.08736
1.10181
1.11488
1.12581
1.13422
1.13965
1.14129
1.13827
1.13004
1.11677
1.09949
1.07982
1.05956
1.04044
1.02401
1.01162
1.00428
1.00257
1.00649
1.01543
1.02824
1.04345
1.05944
1.07476
1.08811
1.09838
1.10449
1.10528
1.09954
1.08658
1.0675
1.04693
1.03283
1.03169
1.04291
1.06
1.07623
1.08734
1.0913
1.08749
1.07649
1.06005
1.04112
1.02344
1.01079
1.00592
1.00979
1.02136
1.0383
1.05797
1.07825
1.09789
1.11641
1.13371
1.14958
1.16349
1.17474
1.18288
1.18803
1.19102
1.19294
1.19473
1.19678
1.19892
1.20064
1.20129
1.20013
1.19627
1.18886
1.17757
1.16293
1.14664
1.13105
1.11828
1.10942
1.10434
1.10216
1.10187
1.10259
1.10354
1.10382
1.10249
1.09861
1.09149
1.08087
1.0669
1.05012
1.03143
1.01229
0.99488
0.982049
0.976471
0.97956
0.990918
1.00855
1.02937
1.04988
1.06711
1.07994
1.08931
1.09721
1.10506
1.11278
1.11913
1.12254
1.12181
1.11655
1.10733
1.09559
1.08346
1.07322
1.06683
1.06556
1.06974
1.0788
1.0915
1.10615
1.12104
1.13452
1.14518
1.15198
1.15435
1.1522
1.14557
1.13434
1.1182
1.09723
1.07278
1.04803
1.02769
1.01571
1.01227
1.01373
1.01602
1.01745
1.01866
1.02097
1.02508
1.0307
1.03693
1.04289
1.04809
1.05248
1.05623
1.05945
1.06214
1.06423
1.06591
1.06762
1.06939
1.07011
1.06782
1.06154
1.05266
1.04472
1.04124
1.04356
1.05072
1.06118
1.07394
1.08837
1.1033
1.11671
1.12632
1.13077
1.13022
1.12618
1.12049
1.11421
1.10727
1.09914
1.0898
1.08038
1.07291
1.06925
1.07001
1.07427
1.08004
1.08528
1.0886
1.08954
1.08847
1.08611
1.08313
1.07984
1.07638
1.07332
1.0723
1.07581
1.08579
1.102
1.12164
1.14068
1.15567
1.16465
1.16707
1.16338
1.15437
1.14089
1.12362
1.10305
1.0797
1.05455
1.02958
1.00784
0.992865
0.987388
0.992226
1.00604
1.02612
1.04943
1.07344
1.09652
1.11779
1.13675
1.15275
1.16493
1.17246
1.17483
1.17206
1.16466
1.15351
1.13971
1.12453
1.10933
1.09557
1.08479
1.07863
1.07855
1.08549
1.0995
1.11956
1.14354
1.16847
1.1911
1.20839
1.21798
1.21844
1.20951
1.19225
1.16906
1.14371
1.12065
1.10374
1.09464
1.09211
1.09285
1.09338
1.09172
1.088
1.08416
1.08275
1.0856
1.09301
1.10401
1.11708
1.13088
1.14446
1.15718
1.16849
1.17784
1.18466
1.18852
1.18915
1.18653
1.18077
1.17208
1.16075
1.14731
1.1327
1.1182
1.10528
1.0953
1.08921
1.08728
1.08883
1.09247
1.09679
1.10094
1.10498
1.1096
1.11551
1.12274
1.13053
1.13774
1.14355
1.1479
1.15131
1.15441
1.15742
1.16005
1.16184
1.16256
1.16249
1.1624
1.16333
1.16611
1.17097
1.17727
1.18358
1.18802
1.18875
1.18443
1.1746
1.15985
1.14191
1.12335
1.10701
1.09514
1.08842
1.08569
1.08462
1.08293
1.07907
1.07239
1.06276
1.05019
1.03472
1.01655
0.996616
0.977033
0.960938
0.951345
0.949666
0.955207
0.965985
0.979953
0.995683
1.01242
1.02972
1.04701
1.06341
1.0777
1.0886
1.09515
1.0971
1.09504
1.09034
1.08472
1.07985
1.07712
1.07736
1.08074
1.0867
1.09401
1.10118
1.10693
1.11051
1.11172
1.11071
1.10781
1.10331
1.09756
1.09125
1.0856
1.08239
1.08351
1.0902
1.10235
1.1185
1.13619
1.15276
1.16603
1.17471
1.17834
1.1769
1.17042
1.15877
1.14171
1.11958
1.09435
1.07059
1.05447
1.04985
1.05541
1.06653
1.07902
1.09074
1.10092
1.10934
1.11586
1.12041
1.12311
1.12428
1.12447
1.12422
1.12403
1.1243
1.12536
1.12743
1.13059
1.13477
1.13972
1.14506
1.15028
1.15495
1.15887
1.16234
1.16604
1.1709
1.1775
1.18557
1.19372
1.19969
1.20111
1.19632
1.18495
1.16797
1.1474
1.12571
1.10519
1.08751
1.07378
1.0646
1.06003
1.05926
1.06079
1.06313
1.0654
1.06732
1.06871
1.06917
1.06831
1.06614
1.06321
1.06028
1.0577
1.05514
1.05167
1.04638
1.03897
1.0302
1.02168
1.01524
1.01209
1.01225
1.01455
1.01735
1.01934
1.02022
1.02073
1.0222
1.02587
1.03226
1.04095
1.0509
1.06101
1.0705
1.07888
1.0858
1.091
1.09423
1.09543
1.09488
1.09322
1.09136
1.09028
1.09073
1.09276
1.09563
1.09815
1.09919
1.09807
1.09447
1.08828
1.07963
1.06917
1.05821
1.0485
1.0416
1.03817
1.0377
1.03874
1.03968
1.03975
1.03962
1.0411
1.04625
1.05613
1.07021
1.08659
1.10273
1.11621
1.12511
1.12826
1.12542
1.1173
1.10556
1.09229
1.07906
1.06616
1.05271
1.0375
1.02007
1.00141
0.984129
0.971719
0.967161
0.971458
0.983237
0.999678
1.01777
1.03514
1.0505
1.06344
1.07416
1.08305
1.09051
1.09686
1.10233
1.10699
1.11065
1.11278
1.11253
1.10873
1.10016
1.08613
1.06725
1.04606
1.02671
1.0131
1.00657
1.00548
1.00689
1.00868
1.01029
1.01231
1.0156
1.02071
1.02776
1.03651
1.04659
1.05746
1.06821
1.07766
1.0848
1.08933
1.09176
1.09291
1.09314
1.09194
1.08818
1.08095
1.0706
1.05926
1.05021
1.04637
1.04864
1.05551
1.06406
1.07133
1.07521
1.07471
1.06982
1.06146
1.0513
1.04157
1.03463
1.03244
1.0364
1.04733
1.06542
1.08975
1.11777
1.14594
1.17092
1.19064
1.2042
1.21142
1.21258
1.20854
1.20076
1.191
1.18064
1.17032
1.16015
1.15054
1.14276
1.13847
1.13868
1.14339
1.15221
1.1649
1.18105
1.19943
1.21777
1.23308
1.24243
1.24353
1.23537
1.21852
1.19521
1.16901
1.14392
1.12304
1.10748
1.09646
1.0887
1.08389
1.08334
1.08918
1.1023
1.12103
1.14144
1.15908
1.17062
1.17465
1.1716
1.16333
1.15244
1.14143
1.132
1.12476
1.11947
1.1156
1.11285
1.11131
1.11112
1.11217
1.11399
1.11601
1.11797
1.12009
1.12276
1.12602
1.12924
1.13111
1.13032
1.12628
1.11939
1.11058
1.10029
1.08822
1.07407
1.05868
1.04415
1.03269
1.02547
1.02272
1.02458
1.03115
1.0419
1.05541
1.06997
1.0845
1.09895
1.11392
1.12966
1.14542
1.15956
1.17044
1.17719
1.17989
1.17932
1.17646
1.17219
1.16713
1.16158
1.15559
1.14897
1.14135
1.13225
1.12123
1.10805
1.09279
1.07596
1.05838
1.04103
1.02495
1.01104
0.999961
0.992175
0.988159
0.988728
0.994864
1.00682
1.02327
1.04143
1.05807
1.07077
1.07835
1.08067
1.07818
1.07166
1.06232
1.05175
1.04158
1.03313
1.02717
1.0241
1.02381
1.02556
1.028
1.02958
1.02913
1.0265
1.02296
1.02109
1.02387
1.03324
1.04899
1.06891
1.08993
1.10918
1.12442
1.13402
1.13689
1.13285
1.12284
1.10884
1.09337
1.07889
1.06711
1.05864
1.05298
1.04897
1.04538
1.04133
1.03649
1.03107
1.02586
1.02202
1.02057
1.0219
1.02553
1.03043
1.03556
1.0401
1.04333
1.04443
1.04266
1.03758
1.02952
1.0195
1.0086
0.997255
0.98576
0.975475
0.969367
0.970729
0.981069
0.998967
1.02092
1.04315
1.06297
1.07891
1.09039
1.09752
1.10094
1.10176
1.10126
1.10062
1.10062
1.10166
1.10376
1.10664
1.1098
1.11258
1.11427
1.11406
1.11107
1.10442
1.09363
1.07907
1.06229
1.04571
1.03184
1.02235
1.01759
1.01694
1.01945
1.02432
1.03093
1.03877
1.04729
1.05595
1.0643
1.07206
1.07901
1.08493
1.0894
1.09176
1.09118
1.08687
1.07844
1.06627
1.05161
1.03653
1.02336
1.01411
1.00968
1.00976
1.01335
1.01951
1.02803
1.03937
1.05387
1.07109
1.08963
1.10766
1.12345
1.13565
1.14328
1.14584
1.14349
1.13701
1.12772
1.11698
1.10594
1.09538
1.08602
1.07878
1.07469
1.07438
1.07755
1.08289
1.08861
1.09329
1.09651
1.09882
1.10122
1.10426
1.10763
1.10988
1.10884
1.10228
1.08884
1.06886
1.04479
1.02075
1.00123
0.989427
0.98626
0.990448
0.999695
1.01178
1.02504
1.03831
1.05061
1.06106
1.06896
1.07412
1.07694
1.07824
1.07886
1.07929
1.07973
1.08047
1.08219
1.08587
1.09194
1.09942
1.10571
1.10766
1.10323
1.09262
1.07821
1.06375
1.05284
1.04784
1.0492
1.05581
1.06563
1.07648
1.08645
1.09403
1.09814
1.09807
1.0936
1.08488
1.07255
1.05779
1.04213
1.02739
1.01538
1.00761
1.00483
1.00674
1.01202
1.01861
1.02454
1.02875
1.03152
1.03412
1.03799
1.04394
1.05193
1.06113
1.07044
1.07884
1.08554
1.08985
1.09108
1.08858
1.08202
1.07171
1.05865
1.04428
1.02991
1.01627
1.00315
0.989635
0.974717
0.957993
0.940271
0.923736
0.911489
0.906607
0.91098
0.924501
0.94535
0.970831
0.998257
1.02538
1.05059
1.07294
1.09218
1.10851
1.12235
1.13395
1.14321
1.14968
1.15279
1.15215
1.14766
1.13953
1.12822
1.11443
1.099
1.08295
1.06755
1.05426
1.04459
1.03971
1.03994
1.04448
1.05148
1.05879
1.06467
1.06845
1.0707
1.07273
1.07563
1.0795
1.08353
1.08689
1.08939
1.09134
1.09292
1.09374
1.09296
1.08957
1.0828
1.0725
1.05926
1.04474
1.03144
1.02204
1.0183
1.02035
1.02678
1.03552
1.04469
1.05311
1.06045
1.06699
1.07343
1.08063
1.08938
1.10005
1.11236
1.12541
1.13768
1.1472
1.15189
1.15017
1.14147
1.12672
1.10848
1.09051
1.07695
1.07094
1.07345
1.0829
1.0959
1.10867
1.1182
1.1228
1.12217
1.11729
1.11011
1.10301
1.09823
1.09735
1.10096
1.10862
1.1189
1.12961
1.13842
1.14344
1.14353
1.13824
1.12752
1.11169
1.09163
1.06926
1.0482
1.0334
1.02938
1.03756
1.05525
1.07747
1.09966
1.11911
1.13476
1.14643
1.15438
1.15924
1.1621
1.16433
1.16716
1.17146
1.17742
1.18453
1.19159
1.19692
1.19858
1.19473
1.18383
1.16504
1.13899
1.10842
1.07774
1.05112
1.03064
1.01627
1.00718
1.00258
1.00171
1.00385
1.00908
1.01869
1.034
1.05417
1.0757
1.09437
1.10716
1.11278
1.11131
1.10351
1.09035
1.07252
1.05041
1.02454
0.99632
0.968494
0.944614
0.927778
0.919656
0.920211
0.928148
0.941479
0.958075
0.976064
0.994024
1.01087
1.02568
1.03767
1.04629
1.05141
1.05344
1.05329
1.05235
1.05235
1.05477
1.06028
1.06842
1.07825
1.08917
1.10096
1.1129
1.12312
1.12913
1.12887
1.12139
1.10694
1.08695
1.06386
1.04092
1.02179
1.01004
1.00846
1.01819
1.03784
1.06333
1.08905
1.10999
1.12347
1.12977
1.13146
1.13208
1.13441
1.13917
1.14475
1.14819
1.14693
1.14026
1.12966
1.11797
1.10783
1.10051
1.09596
1.09358
1.09282
1.09318
1.09393
1.094
1.09206
1.08701
1.0786
1.06773
1.05615
1.04558
1.03712
1.03107
1.0274
1.02612
1.02733
1.03103
1.03708
1.04546
1.05633
1.0696
1.08425
1.09792
1.10744
1.11006
1.10455
1.0918
1.07451
1.0562
1.04019
1.0289
1.02382
1.02553
1.03368
1.04728
1.06493
1.0852
1.10665
1.12797
1.14798
1.16571
1.18039
1.19128
1.19765
1.19887
1.195
1.1873
1.17804
1.16912
1.16074
1.15165
1.14082
1.12872
1.11719
1.10833
1.10345
1.10261
1.10481
1.10871
1.11319
1.11754
1.12116
1.12348
1.12411
1.12329
1.12196
1.12148
1.12292
1.12641
1.13083
1.13413
1.13399
1.12849
1.1165
1.09792
1.07403
1.04763
1.02273
1.00336
0.992173
0.99
0.996455
1.01072
1.03176
1.05806
1.08743
1.11729
1.14506
1.16837
1.18513
1.19362
1.19284
1.18281
1.16479
1.14128
1.11566
1.09169
1.07271
1.06102
1.05739
1.06098
1.07003
1.0827
1.09788
1.1153
1.13499
1.15631
1.17751
1.19604
1.20925
1.21504
1.21219
1.20056
1.18121
1.15652
1.13021
1.10713
1.09215
1.08835
1.09571
1.11089
1.12873
1.14425
1.15412
1.15717
1.15408
1.14665
1.13679
1.12594
1.11481
1.10351
1.09192
1.08018
1.06909
1.06004
1.05457
1.05368
1.05747
1.06519
1.07568
1.08772
1.10012
1.11173
1.12155
1.12888
1.13361
1.13619
1.13724
1.13699
1.135
1.13051
1.12315
1.11352
1.10311
1.09364
1.08641
1.08212
1.08098
1.08313
1.08885
1.09836
1.11119
1.12554
1.1386
1.14757
1.15083
1.14818
1.14045
1.12911
1.11588
1.10259
1.091
1.08264
1.07895
1.08103
1.08912
1.1019
1.11668
1.13027
1.14001
1.1444
1.14323
1.13708
1.12675
1.11292
1.0963
1.07803
1.05974
1.04307
1.02895
1.01733
1.00741
0.998205
0.989196
0.980593
0.973297
0.96862
0.967799
0.971645
0.980404
0.993781
1.01098
1.03074
1.0514
1.07126
1.08881
1.10295
1.11288
1.11829
1.11966
1.11857
1.11719
1.11711
1.11883
1.12197
1.12605
1.13084
1.13619
1.14167
1.14634
1.14892
1.14821
1.1435
1.13482
1.12297
1.10933
1.09558
1.08345
1.07453
1.07003
1.07056
1.07592
1.08488
1.09544
1.1053
1.11264
1.11663
1.11747
1.11593
1.11267
1.10782
1.10109
1.09233
1.08187
1.0706
1.05985
1.05115
1.04596
1.04542
1.05008
1.05959
1.07273
1.08788
1.10362
1.11934
1.13524
1.15152
1.16734
1.18075
1.18971
1.19325
1.19161
1.18566
1.17637
1.16446
1.15057
1.13542
1.12007
1.10573
1.0937
1.08508
1.08057
1.08035
1.084
1.09063
1.09911
1.10823
1.11671
1.12331
1.12701
1.12727
1.12426
1.11881
1.11199
1.10488
1.09848
1.09382
1.09191
1.09344
1.09845
1.10623
1.11543
1.12453
1.13199
1.13659
1.13763
1.13512
1.12974
1.12252
1.11427
1.10522
1.09531
1.08463
1.07379
1.06378
1.05536
1.04842
1.04193
1.03479
1.02685
1.01905
1.01218
1.00574
0.998484
0.98988
0.980911
0.97364
0.970462
0.973808
0.985785
1.00655
1.03264
1.05795
1.0769
1.08679
1.08792
1.08253
1.07351
1.06342
1.05414
1.04687
1.04258
1.04218
1.04644
1.05572
1.06949
1.08629
1.10397
1.12039
1.13403
1.14419
1.1509
1.15464
1.15611
1.15617
1.15568
1.15526
1.15486
1.15371
1.15077
1.14517
1.13632
1.12382
1.10751
1.08802
1.06692
1.04647
1.02884
1.01538
1.00661
1.00256
1.00319
1.00832
1.01704
1.0274
1.0369
1.04341
1.04608
1.04546
1.04315
1.04101
1.04042
1.04179
1.04459
1.04789
1.05099
1.05376
1.05646
1.05939
1.06276
1.06658
1.0708
1.07538
1.08031
1.08555
1.09108
1.09688
1.10303
1.10968
1.11684
1.12428
1.13134
1.13701
1.14018
1.1399
1.13567
1.12767
1.11697
1.10543
1.09524
1.08819
1.0848
1.08398
1.08355
1.08127
1.07605
1.06884
1.06251
1.06006
1.06246
1.0681
1.07441
1.07956
1.08275
1.08374
1.08267
1.0802
1.07772
1.07716
1.08047
1.08881
1.10169
1.11686
1.13105
1.14107
1.14459
1.14048
1.129
1.11195
1.09238
1.07377
1.05893
1.0493
1.0449
1.04495
1.04806
1.05213
1.05449
1.05252
1.04461
1.03091
1.01372
0.997117
0.98576
0.983261
0.99092
1.00742
1.02959
1.05368
1.07652
1.09615
1.11188
1.12363
1.13118
1.1338
1.13058
1.121
1.10577
1.08707
1.06805
1.05158
1.03907
1.0304
1.02481
1.0219
1.0222
1.02707
1.03789
1.05496
1.07677
1.10018
1.12141
1.13714
1.14528
1.14522
1.13775
1.12484
1.10924
1.09391
1.08138
1.07309
1.06918
1.06876
1.07064
1.07385
1.07776
1.08179
1.08537
1.08829
1.09126
1.0959
1.10346
1.11361
1.12478
1.13569
1.14635
1.15752
1.16975
1.18288
1.19622
1.20891
1.22009
1.22897
1.23493
1.23771
1.23761
1.23551
1.23264
1.23011
1.22853
1.22773
1.22688
1.22477
1.22035
1.21301
1.20278
1.19022
1.17608
1.16094
1.14506
1.12881
1.11344
1.10103
1.09348
1.09148
1.09447
1.10151
1.1118
1.12424
1.13684
1.14677
1.15098
1.14707
1.13385
1.11174
1.08298
1.0515
1.02236
1.00036
0.988371
0.98628
0.991219
0.999043
1.00611
1.01024
1.01084
1.00842
1.00415
0.999711
0.996943
0.997505
1.00251
1.01224
1.02576
1.04098
1.05512
1.0656
1.07089
1.07095
1.06732
1.06248
1.05887
1.05793
1.05979
1.06382
1.06931
1.07585
1.08337
1.09176
1.10072
1.10956
1.11723
1.12251
1.12439
1.1224
1.11708
1.11
1.1034
1.0993
1.09856
1.10073
1.10475
1.10954
1.11426
1.11835
1.12145
1.12322
1.12328
1.1214
1.11776
1.11303
1.10789
1.10239
1.09565
1.08639
1.07385
1.05853
1.04263
1.02953
1.02238
1.02232
1.02786
1.03584
1.043
1.04725
1.04788
1.04512
1.03957
1.03205
1.02367
1.01594
1.01061
1.00908
1.01191
1.01865
1.02829
1.03972
1.05185
1.06366
1.0741
1.0823
1.08786
1.09086
1.0915
1.08982
1.08571
1.07928
1.07112
1.06208
1.05279
1.0435
1.0342
1.02515
1.01739
1.01283
1.01336
1.01963
1.03048
1.04385
1.05816
1.07269
1.08722
1.10113
1.11312
1.1215
1.12492
1.12327
1.11839
1.11393
1.11349
1.11799
1.12505
1.13096
1.13295
1.12961
1.12052
1.10574
1.08581
1.06192
1.03645
1.013
0.99563
0.987037
0.987195
0.993619
1.00303
1.01285
1.02167
1.02905
1.03515
1.04031
1.04467
1.04799
1.04955
1.04837
1.04352
1.03443
1.02123
1.00496
0.987661
0.971968
0.960463
0.954754
0.955079
0.960498
0.969514
0.980666
0.992938
1.00581
1.01911
1.03279
1.04655
1.05984
1.07178
1.08141
1.08802
1.09154
1.09261
1.09238
1.09176
1.0908
1.0886
1.08404
1.07652
1.06661
1.0558
1.04606
1.03915
1.03605
1.03675
1.0404
1.04575
1.05169
1.05761
1.06345
1.06921
1.07449
1.07833
1.07957
1.07759
1.0726
1.06564
1.05803
1.05112
1.04633
1.04496
1.04745
1.05293
1.05944
1.06484
1.06773
1.06772
1.06516
1.06064
1.05465
1.04758
1.0398
1.03195
1.0252
1.02118
1.02155
1.02731
1.03829
1.05302
1.06909
1.08385
1.09517
1.10175
1.10325
1.10016
1.09371
1.08578
1.07845
1.07338
1.07122
1.0716
1.0736
1.07628
1.07895
1.08114
1.08249
1.08276
1.08206
1.08106
1.08095
1.08302
1.08795
1.09544
1.10441
1.11336
1.12094
1.12619
1.12861
1.12824
1.12574
1.12236
1.11981
1.1197
1.12303
1.12975
1.13874
1.14814
1.15585
1.15998
1.15922
1.15305
1.14168
1.12605
1.10774
1.08891
1.0721
1.0598
1.05399
1.05563
1.06428
1.07815
1.09455
1.11068
1.12448
1.13503
1.14261
1.1479
1.1511
1.1516
1.14845
1.14133
1.13098
1.11903
1.10741
1.09766
1.09059
1.08639
1.08512
1.08712
1.09297
1.10298
1.11658
1.13208
1.14702
1.15901
1.16634
1.16825
1.16491
1.15714
1.14616
1.13348
1.12082
1.10978
1.10133
1.09532
1.09062
1.08584
1.08039
1.07503
1.07172
1.07241
1.07782
1.08675
1.09663
1.10481
1.10988
1.11187
1.11167
1.11046
1.10941
1.10972
1.11229
1.11724
1.12388
1.13096
1.13715
1.1413
1.14253
1.14036
1.13485
1.12675
1.11755
1.10917
1.10329
1.10083
1.10202
1.10687
1.11526
1.12616
1.13683
1.14356
1.1435
1.13648
1.12524
1.11436
1.10796
1.1078
1.11299
1.12127
1.1305
1.13926
1.14655
1.15141
1.15262
1.14882
1.13891
1.12281
1.10236
1.08179
1.06692
1.06301
1.07206
1.0919
1.11741
1.14268
1.16276
1.17446
1.17662
1.16982
1.15617
1.13887
1.12179
1.10853
1.1014
1.10049
1.10365
1.10734
1.10812
1.10381
1.09418
1.08074
1.06625
1.05401
1.04702
1.04714
1.05461
1.06797
1.08435
1.10012
1.11178
1.11679
1.11409
1.10411
1.08839
1.0691
1.04874
1.02989
1.01503
1.00633
1.00513
1.01137
1.0236
1.03955
1.05678
1.0731
1.0867
1.09636
1.10154
1.10231
1.0994
1.09397
1.08748
1.08148
1.07759
1.07726
1.08153
1.09064
1.1037
1.11887
1.1341
1.14769
1.15865
1.16649
1.17098
1.17213
1.17028
1.16617
1.16087
1.15554
1.15121
1.14839
1.14705
1.14667
1.14654
1.14606
1.14492
1.14299
1.14013
1.136
1.13016
1.12222
1.11194
1.09936
1.08487
1.06985
1.05737
1.05187
1.05623
1.06874
1.08381
1.09568
1.10102
1.09923
1.09207
1.08296
1.07577
1.07313
1.07532
1.0807
1.08703
1.09253
1.09619
1.09765
1.097
1.0946
1.09107
1.08738
1.08472
1.0842
1.08639
1.09119
1.09807
1.10634
1.11534
1.12435
1.1324
1.13824
1.14061
1.1386
1.13214
1.12234
1.11139
1.10186
1.0957
1.09344
1.09384
1.09463
1.09367
1.08985
1.08313
1.07422
1.06417
1.0542
1.04578
1.04053
1.0398
1.04395
1.052
1.06207
1.0722
1.08099
1.08774
1.09236
1.09497
1.0955
1.09346
1.08807
1.07861
1.06489
1.04762
1.02847
1.00982
0.994258
0.983987
0.980387
0.983689
0.992965
1.00641
1.02183
1.03719
1.05094
1.062
1.06956
1.07311
1.07245
1.06787
1.06028
1.05118
1.0425
1.03618
1.03372
1.03571
1.04177
1.05069
1.06099
1.07137
1.081
1.08952
1.09677
1.10275
1.10748
1.11097
1.11331
1.11461
1.11513
1.11508
1.11436
1.11245
1.10888
1.10362
1.09721
1.09043
1.08383
1.07768
1.0721
1.06725
1.06337
1.06065
1.05892
1.05775
1.05654
1.05487
1.05275
1.0507
1.04943
1.04958
1.05157
1.05569
1.06189
1.06976
1.07887
1.08902
1.10004
1.1112
1.12112
1.12844
1.1325
1.13371
1.13316
1.13183
1.12983
1.12636
1.12027
1.11073
1.09752
1.08077
1.06071
1.03767
1.01253
0.987266
0.965064
0.949591
0.94364
0.948086
0.961608
0.981297
1.00352
1.02472
1.04192
1.05307
1.05728
1.05491
1.04759
1.03809
1.03014
1.02734
1.03151
1.0414
1.0533
1.06335
1.06928
1.07068
1.06834
1.06343
1.05689
1.04897
1.03961
1.02906
1.01866
1.01086
1.00856
1.01378
1.02667
1.04557
1.06786
1.09078
1.11199
1.12961
1.14217
1.14882
1.14961
1.14604
1.1412
1.1383
1.13837
1.13966
1.14008
1.13938
1.13865
1.13858
1.13882
1.13868
1.13778
1.13617
1.13383
1.13067
1.12671
1.12217
1.1174
1.11253
1.10734
1.10144
1.09463
1.08707
1.07914
1.0713
1.06398
1.05761
1.05274
1.05013
1.05044
1.05369
1.05906
1.06505
1.07013
1.07336
1.07473
1.07502
1.07535
1.07675
1.08003
1.08575
1.09401
1.10418
1.11495
1.12467
1.13198
1.13617
1.13726
1.13573
1.13235
1.12824
1.1249
1.12353
1.12413
1.12532
1.12523
1.12271
1.11787
1.11196
1.10683
1.1042
1.10508
1.1095
1.11654
1.12469
1.13224
1.13775
1.14055
1.14113
1.14119
1.14305
1.14843
1.15741
1.16852
1.1796
1.1887
1.19427
1.19522
1.19101
1.18171
1.16808
1.15156
1.13407
1.1176
1.10353
1.09201
1.08207
1.07273
1.06438
1.05902
1.05883
1.06402
1.07261
1.08234
1.09245
1.10371
1.11719
1.13315
1.15061
1.16787
1.18325
1.19561
1.2046
1.21044
1.21371
1.21494
1.2143
1.21135
1.2052
1.19502
1.18058
1.16267
1.14321
1.12478
1.10964
1.09836
1.08935
1.07985
1.06773
1.05277
1.03663
1.02185
1.01061
1.00382
1.00102
1.00108
1.00277
1.00517
1.00771
1.01002
1.01198
1.01387
1.01661
1.0215
1.02947
1.04035
1.05288
1.06536
1.07639
1.08513
1.09121
1.0945
1.09503
1.09288
1.08843
1.0825
1.07643
1.07191
1.07064
1.0736
1.08048
1.08948
1.09776
1.10242
1.10158
1.09523
1.08548
1.07618
1.07146
1.07369
1.08193
1.09243
1.10099
1.10493
1.10375
1.09874
1.09223
1.08673
1.08394
1.08427
1.08698
1.09085
1.09502
1.09916
1.10305
1.10618
1.1078
1.10739
1.10498
1.10104
1.09617
1.09074
1.08482
1.07826
1.07089
1.06285
1.05501
1.04919
1.04774
1.05253
1.06386
1.08019
1.0988
1.11683
1.13189
1.14224
1.14671
1.14465
1.13603
1.12162
1.10307
1.08288
1.06408
1.04955
1.0412
1.03948
1.04319
1.05008
1.05758
1.06356
1.067
1.06831
1.06889
1.07015
1.07274
1.07636
1.08031
1.08399
1.0872
1.09008
1.09303
1.09646
1.10048
1.1047
1.10828
1.1103
1.11027
1.10857
1.10641
1.10543
1.10696
1.11148
1.11864
1.12744
1.13645
1.14387
1.14755
1.14529
1.13551
1.11795
1.09451
1.06938
1.04783
1.03398
1.02946
1.03364
1.04437
1.05856
1.07244
1.08222
1.08486
1.07893
1.06508
1.0461
1.02596
1.00878
0.998017
0.995883
1.00281
1.01721
1.03596
1.05564
1.07371
1.08898
1.1011
1.10978
1.11418
1.1131
1.10563
1.0919
1.07365
1.05411
1.03736
1.02684
1.02397
1.0276
1.03476
1.04191
1.04629
1.04669
1.04374
1.03949
1.03635
1.0358
1.03757
1.03976
1.04001
1.03684
1.03042
1.0225
1.01566
1.0123
1.01386
1.02076
1.03272
1.04891
1.06781
1.08735
1.10544
1.12075
1.13287
1.14203
1.14857
1.15269
1.1543
1.15304
1.14846
1.14024
1.12842
1.11372
1.09767
1.08254
1.07086
1.06433
1.06288
1.06468
1.06706
1.06774
1.06559
1.06071
1.05409
1.04713
1.04113
1.03701
1.035
1.03459
1.03471
1.03442
1.03345
1.03237
1.03214
1.03352
1.0365
1.04023
1.04363
1.04611
1.04813
1.051
1.05636
1.06518
1.07704
1.08993
1.10104
1.10799
1.1098
1.10707
1.10137
1.0942
1.08621
1.07706
1.06596
1.05239
1.03673
1.02031
1.00503
0.992713
0.984399
0.980136
0.979276
0.981145
0.985601
0.993123
1.00426
1.01887
1.03569
1.05259
1.06732
1.07806
1.08377
1.0843
1.08032
1.07315
1.0645
1.0562
1.04995
1.04702
1.04826
1.05401
1.06423
1.0784
1.09533
1.11305
1.12937
1.14259
1.15237
1.15983
1.16702
1.1757
1.18637
1.19791
1.20843
1.21629
1.22067
1.22156
1.21951
1.21538
1.21014
1.20461
1.1993
1.19423
1.18897
1.18285
1.1751
1.16519
1.15303
1.1391
1.12432
1.10967
1.09579
1.08268
1.06981
1.05659
1.04293
1.02969
1.01858
1.01168
1.01066
1.01617
1.02763
1.04345
1.06127
1.07842
1.0923
1.10097
1.10348
1.09994
1.09136
1.07933
1.06562
1.05183
1.03912
1.02809
1.01884
1.0112
1.00509
1.00073
0.998563
0.999197
1.00338
1.0118
1.02459
1.041
1.05968
1.07939
1.09919
1.11818
1.13507
1.14853
1.158
1.16428
1.16901
1.1737
1.17874
1.18325
1.18571
1.18483
1.18017
1.17215
1.16173
1.15003
1.13791
1.12571
1.11326
1.10021
1.0864
1.0723
1.05915
1.04878
1.04312
1.0436
1.05073
1.06412
1.08241
1.10343
1.12468
1.14401
1.16013
1.17255
1.18142
1.18716
1.19011
1.19034
1.18747
1.18076
1.1694
1.15291
1.1315
1.10635
1.07962
1.05417
1.03279
1.01723
1.00775
1.00351
1.00367
1.00794
1.01628
1.02807
1.04186
1.05564
1.06738
1.07532
1.078
1.0744
1.06436
1.04885
1.03024
1.01197
0.997678
0.989907
0.989371
0.995291
1.00668
1.02345
1.04636
1.07549
1.10861
1.14137
1.16898
1.18761
1.19492
1.19001
1.17351
1.14797
1.11804
1.08988
1.06912
1.05833
1.05597
1.05811
1.06104
1.06274
1.06271
1.06143
1.05974
1.0586
1.05902
1.06207
1.06841
1.07745
1.0868
1.09324
1.09456
1.09066
1.08342
1.0755
1.06908
1.0649
1.06212
1.05905
1.05399
1.04597
1.03513
1.02287
1.01157
1.00376
1.00085
1.00245
1.0069
1.01247
1.01849
1.02548
1.03448
1.04595
1.05899
1.07146
1.08094
1.08582
1.0859
1.08236
1.07734
1.07338
1.07289
1.07744
1.08729
1.10154
1.11859
1.13662
1.15359
1.16717
1.17503
1.17544
1.16811
1.15469
1.13812
1.12107
1.1047
1.08906
1.07435
1.06143
1.05141
1.04504
1.04255
1.04368
1.04775
1.05368
1.06029
1.06651
1.07156
1.07502
1.07673
1.07679
1.07549
1.07328
1.07069
1.06828
1.06655
1.06584
1.06634
1.06811
1.07094
1.07438
1.07775
1.08042
1.08208
1.08281
1.08303
1.08317
1.08332
1.08291
1.08105
1.0771
1.07123
1.06443
1.05809
1.05328
1.05017
1.04793
1.04508
1.04035
1.03327
1.02455
1.01587
1.00937
1.00686
1.00889
1.01443
1.02139
1.0275
1.03124
1.03234
1.03184
1.03157
1.0334
1.03849
1.047
1.05823
1.07084
1.08328
1.09418
1.10266
1.10856
1.11222
1.11418
1.11486
1.11443
1.11286
1.11003
1.10594
1.1007
1.09462
1.08817
1.08199
1.07677
1.07309
1.07135
1.0718
1.07458
1.07973
1.087
1.09581
1.10514
1.11372
1.12038
1.12437
1.12533
1.12314
1.11764
1.10875
1.09665
1.08206
1.06627
1.05112
1.03873
1.03103
1.02941
1.0344
1.04551
1.06118
1.07906
1.0966
1.11162
1.12288
1.13018
1.13415
1.13562
1.13518
1.13289
1.12832
1.12096
1.11049
1.09711
1.08173
1.06591
1.05145
1.03968
1.03116
1.02611
1.02482
1.02791
1.03579
1.04801
1.06298
1.07813
1.09062
1.09792
1.0983
1.09119
1.07745
1.05989
1.0437
1.03501
1.03723
1.04874
1.06483
1.08123
1.09582
1.10817
1.11849
1.12668
1.13217
1.13406
1.13161
1.12475
1.11433
1.10212
1.09034
1.08082
1.0742
1.0698
1.06645
1.06337
1.06054
1.05848
1.05776
1.05872
1.0613
1.06521
1.07019
1.07621
1.08344
1.09209
1.10197
1.11223
1.12136
1.12758
1.12948
1.12646
1.11908
1.10891
1.09814
1.08869
1.08133
1.07558
1.07032
1.06469
1.05865
1.05276
1.04782
1.0446
1.04372
1.04572
1.05098
1.05955
1.07073
1.08299
1.09433
1.10293
1.10791
1.10942
1.10845
1.10632
1.10437
1.10379
1.10553
1.11007
1.117
1.12491
1.13158
1.13459
1.13206
1.12328
1.10899
1.09165
1.07491
1.0625
1.05657
1.05655
1.0597
1.06279
1.06369
1.06194
1.0585
1.05517
1.05396
1.0562
1.06202
1.07046
1.08012
1.08987
1.09911
1.10765
1.11565
1.12331
1.13084
1.13839
1.14596
1.15334
1.16019
1.16619
1.17115
1.1751
1.17832
1.18126
1.18437
1.18785
1.19131
1.19375
1.19392
1.19086
1.18427
1.17464
1.16308
1.15081
1.13875
1.12724
1.11595
1.10414
1.09106
1.07648
1.06091
1.04557
1.03217
1.02233
1.01698
1.01603
1.01848
1.02302
1.02893
1.03637
1.04607
1.0586
1.0736
1.08966
1.10486
1.11739
1.1262
1.13103
1.13216
1.13012
1.12538
1.1182
1.10871
1.09729
1.08496
1.07348
1.06483
1.06054
1.06126
1.06675
1.076
1.08728
1.0987
1.10858
1.11597
1.12107
1.12527
1.13063
1.1388
1.14969
1.1611
1.16974
1.17286
1.16911
1.15873
1.14326
1.12511
1.10704
1.09153
1.08021
1.07349
1.07074
1.07081
1.07254
1.07522
1.07867
1.08294
1.08787
1.09273
1.09635
1.09772
1.0965
1.09302
1.08806
1.08255
1.07741
1.07344
1.07114
1.07054
1.07115
1.07218
1.07276
1.07222
1.0703
1.06729
1.06401
1.06162
1.06124
1.06332
1.06747
1.07237
1.07619
1.07709
1.07378
1.06591
1.05407
1.03969
1.02459
1.01056
0.999019
0.991014
0.987353
0.988618
0.994864
1.00528
1.01825
1.03181
1.04432
1.05475
1.06271
1.06817
1.07114
1.0715
1.0688
1.06249
1.05224
1.03833
1.02193
1.00491
0.989389
0.977258
0.970149
0.969418
0.975507
0.987164
1.00174
1.01648
1.02945
1.03964
1.04694
1.05203
1.05612
1.06057
1.06643
1.07405
1.08295
1.09202
1.09998
1.10576
1.10869
1.10847
1.10499
1.09833
1.08874
1.07672
1.06317
1.04928
1.03641
1.02552
1.01691
1.01024
1.00494
1.00057
0.99675
0.993058
0.989007
0.984443
0.979962
0.976858
0.976519
0.979744
0.98636
0.995405
1.00552
1.01528
1.02358
1.02994
1.03446
1.03757
1.03949
1.03997
1.03848
1.03484
1.02956
1.02403
1.02025
1.0204
1.02602
1.03722
1.05244
1.06898
1.08392
1.09488
1.1004
1.09989
1.09343
1.08164
1.06549
1.04625
1.02562
1.00592
0.990138
0.981353
0.981364
0.989327
1.00179
1.01449
1.02453
1.03138
1.03614
1.03989
1.04244
1.04285
1.04043
1.03525
1.02805
1.01978
1.01147
1.00401
0.997746
0.992189
0.986366
0.979809
0.973484
0.969809
0.971534
0.980078
0.994246
1.01057
1.02495
1.03449
1.03844
1.0383
1.03719
1.03864
1.04519
1.05742
1.07414
1.09322
1.11242
1.12996
1.14469
1.15605
1.16397
1.16866
1.17047
1.16967
1.16648
1.16123
1.15443
1.14673
1.13866
1.13024
1.12094
1.10985
1.0962
1.07981
1.06159
1.04352
1.02818
1.01799
1.01461
1.01867
1.02981
1.04671
1.06709
1.08797
1.10617
1.11898
1.12446
1.12157
1.11003
1.09037
1.06431
1.03524
1.0082
0.988351
0.978708
0.979191
0.987894
1.00266
1.02174
1.04357
1.06643
1.08814
1.10618
1.11834
1.1234
1.12177
1.11531
1.10665
1.0982
1.09135
1.08635
1.08275
1.08013
1.07853
1.07849
1.08095
1.08671
1.09614
1.10887
1.12384
1.13957
1.15455
1.16741
1.17692
1.18204
1.18199
1.1767
1.16697
1.15425
1.13996
1.12483
1.10902
1.09261
1.07575
1.05851
1.04095
1.02372
1.00821
0.996368
0.990147
0.990963
0.999386
1.01495
1.03617
1.06075
1.08601
1.1095
1.12942
1.14483
1.15567
1.16242
1.16597
1.16733
1.16749
1.1673
1.16726
1.16732
1.16674
1.16427
1.1584
1.14785
1.13178
1.11009
1.08374
1.05511
1.02809
1.00744
0.997417
1.00064
1.01718
1.04389
1.07502
1.10442
1.12779
1.14315
1.15026
1.14992
1.14353
1.13293
1.12012
1.10694
1.09455
1.08327
1.07297
1.06372
1.05612
1.05121
1.04994
1.05256
1.0583
1.06557
1.07251
1.07759
1.07995
1.07936
1.07591
1.06993
1.06253
1.05607
1.05312
1.05398
1.05628
1.05789
1.0592
1.0623
1.06857
1.07717
1.08534
1.08971
1.08739
1.07698
1.05949
1.03905
1.02215
1.01461
1.01817
1.03043
1.04736
1.06543
1.08235
1.0968
1.1081
1.11615
1.12117
1.12362
1.12378
1.12146
1.11597
1.1068
1.09452
1.08148
1.07115
1.06632
1.06756
1.07327
1.08095
1.08824
1.09328
1.09485
1.09255
1.08686
1.07914
1.07121
1.06502
1.06198
1.06247
1.06561
1.06962
1.07251
1.07288
1.07048
1.0666
1.06377
1.06471
1.07067
1.08034
1.09062
1.09821
1.10097
1.09828
1.09085
1.08013
1.0677
1.05466
1.04152
1.02854
1.01638
1.00638
1.0003
0.999526
1.00468
1.01552
1.0309
1.04856
1.0657
1.08012
1.09063
1.09694
1.09914
1.09739
1.09188
1.08285
1.07066
1.0559
1.03953
1.02297
1.00817
0.997403
0.992567
0.994267
1.00151
1.01228
1.02438
1.03621
1.04688
1.05611
1.06405
1.07109
1.07761
1.08376
1.08937
1.09401
1.09715
1.09844
1.09788
1.09593
1.0935
1.09161
1.09109
1.09227
1.09488
1.09812
1.10094
1.10242
1.1022
1.10055
1.09828
1.09634
1.09543
1.09571
1.09688
1.0984
1.09991
1.10132
1.10276
1.10428
1.10543
1.10517
1.1022
1.09541
1.08462
1.07095
1.05652
1.0435
1.03301
1.02479
1.01774
1.01107
1.00498
1.00072
1.00016
1.00495
1.01546
1.03031
1.04693
1.06279
1.07631
1.08703
1.09533
1.10187
1.10729
1.11214
1.11685
1.12152
1.12566
1.12813
1.12728
1.12151
1.11
1.09315
1.07259
1.05071
1.02986
1.01183
0.998167
0.990819
0.991869
1.00214
1.01997
1.04164
1.06285
1.08024
1.09195
1.09758
1.09768
1.09331
1.08557
1.07549
1.06404
1.05217
1.04092
1.03136
1.02442
1.02049
1.01943
1.02096
1.02497
1.03163
1.04106
1.053
1.06649
1.08003
1.09193
1.10084
1.10605
1.10769
1.10659
1.10391
1.10086
1.09847
1.0975
1.09843
1.10147
1.10647
1.11304
1.12073
1.12915
1.13804
1.14712
1.15595
1.16381
1.16992
1.17366
1.17494
1.17414
1.17205
1.16956
1.16745
1.16617
1.16581
1.16611
1.16654
1.16647
1.16542
1.16333
1.16048
1.15731
1.15416
1.15105
1.14784
1.14433
1.14055
1.13676
1.13351
1.13144
1.13127
1.13367
1.13916
1.14781
1.1589
1.17076
1.18119
1.18796
1.18949
1.18515
1.17528
1.16093
1.14349
1.12443
1.10509
1.0868
1.07103
1.05947
1.05391
1.05572
1.06524
1.08134
1.10163
1.12325
1.14361
1.16098
1.17454
1.18414
1.18996
1.19224
1.19114
1.18673
1.17926
1.16935
1.15834
1.14822
1.1415
1.14069
1.1476
1.16256
1.18375
1.20735
1.22873
1.2441
1.25134
1.25005
1.24103
1.2256
1.20523
1.18138
1.15556
1.12953
1.1052
1.08445
1.06886
1.05951
1.05659
1.059
1.06441
1.07001
1.07348
1.07368
1.07085
1.06665
1.06377
1.06489
1.07121
1.08179
1.09422
1.10568
1.11385
1.11723
1.11525
1.10846
1.09832
1.08695
1.07654
1.06897
1.06532
1.0654
1.06759
1.0692
1.06763
1.06151
1.0513
1.03912
1.02773
1.0194
1.01497
1.01387
1.01468
1.01593
1.01658
1.01622
1.01484
1.01251
1.0091
1.00445
0.998876
0.993582
0.990514
0.991849
0.999257
1.01323
1.03274
1.05559
1.07907
1.10081
1.11922
1.13349
1.14327
1.14821
1.14795
1.1423
1.13164
1.11682
1.09896
1.07916
1.05843
1.03751
1.01677
0.996339
0.976775
0.96013
0.950389
0.952185
0.967868
0.995149
1.02779
1.05896
1.08428
1.10252
1.11475
1.12296
1.12905
1.13423
1.13905
1.14372
1.14829
1.15279
1.15708
1.16088
1.16396
1.16629
1.16813
1.16973
1.17104
1.17151
1.17024
1.16635
1.15939
1.14956
1.13758
1.12465
1.11211
1.10109
1.09215
1.08506
1.07898
1.07316
1.06753
1.06264
1.05906
1.05682
1.05556
1.05492
1.05492
1.0561
1.05935
1.06555
1.07509
1.08746
1.10118
1.11418
1.1244
1.1303
1.13114
1.12703
1.11872
1.10747
1.09484
1.0827
1.07299
1.06763
1.06815
1.07537
1.08917
1.10839
1.13105
1.15465
1.1766
1.19466
1.20723
1.21347
1.21336
1.20739
1.19631
1.18127
1.16421
1.14794
1.13522
1.12728
1.1234
1.12196
1.12169
1.12206
1.12295
1.12438
1.12635
1.12885
1.13196
1.13576
1.14037
1.14591
1.15265
1.1609
1.17082
1.18205
1.1936
1.20399
1.21164
1.21518
1.21367
1.20677
1.1951
1.18055
1.16593
1.15371
1.14472
1.13818
1.13261
1.12667
1.11933
1.10989
1.09778
1.08266
1.06469
1.04509
1.02639
1.01199
1.00499
1.00705
1.01779
1.03511
1.05594
1.07715
1.0962
1.11149
1.12252
1.12988
1.13485
1.13888
1.14291
1.14695
1.15028
1.15188
1.15093
1.14706
1.1404
1.1315
1.1213
1.11101
1.10191
1.09511
1.09128
1.09069
1.0934
1.09947
1.10888
1.12113
1.13495
1.1484
1.15931
1.16587
1.16706
1.16279
1.15371
1.14099
1.12604
1.11046
1.09594
1.08401
1.07541
1.06978
1.06598
1.06282
1.05953
1.05568
1.05087
1.04473
1.03703
1.02809
1.01888
1.0109
1.00586
1.00519
1.00978
1.01972
1.0343
1.0518
1.06964
1.08512
1.09622
1.10231
1.10454
1.10582
1.1098
1.11877
1.13199
1.1463
1.15815
1.165
1.16554
1.1595
1.14735
1.13018
1.10973
1.08821
1.06803
1.05148
1.04033
1.03546
1.03646
1.0414
1.04717
1.05048
1.04894
1.04182
1.03
1.01551
1.00083
0.988347
0.980001
0.977095
0.980163
0.98881
1.00171
1.01686
1.03204
1.04527
1.05504
1.06049
1.06157
1.05907
1.05439
1.04917
1.04483
1.04243
1.04254
1.04531
1.05044
1.05742
1.06571
1.07469
1.08369
1.09211
1.09958
1.106
1.11134
1.11524
1.11696
1.11559
1.11042
1.10114
1.08779
1.07077
1.05107
1.03125
1.01586
1.01004
1.01538
1.02782
1.04064
1.04883
1.0508
1.04813
1.0446
1.0444
1.04965
1.05908
1.06911
1.07617
1.07816
1.07464
1.06675
1.05698
1.04898
1.04674
1.05338
1.06979
1.09394
1.12147
1.14727
1.16705
1.17817
1.17958
1.17145
1.15483
1.13181
1.10606
1.08272
1.06657
1.0595
1.06022
1.06614
1.07481
1.08412
1.09218
1.09742
1.09877
1.09579
1.08868
1.07809
1.0648
1.04964
1.03378
1.01878
1.00644
0.99843
0.996207
1.0005
1.01074
1.02498
1.04063
1.0554
1.06802
1.07822
1.08634
1.09279
1.09759
1.10047
1.10105
1.09914
1.09489
1.08857
1.08049
1.07088
1.06004
1.04836
1.03651
1.02545
1.01639
1.01054
1.00879
1.01145
1.0182
1.02833
1.04095
1.05531
1.07081
1.08688
1.10257
1.11628
1.12603
1.12997
1.12692
1.11688
1.10124
1.08287
1.06529
1.05117
1.04105
1.03352
1.02654
1.01872
1.0097
0.999911
0.990299
0.982096
0.976743
0.975754
0.980315
0.990787
1.0064
1.02544
1.04579
1.06552
1.08312
1.09752
1.10803
1.11431
1.11624
1.11394
1.10769
1.09807
1.08615
1.07357
1.06225
1.05408
1.05068
1.05324
1.06214
1.07645
1.09385
1.11134
1.12624
1.13672
1.14201
1.14227
1.13871
1.13336
1.12874
1.12716
1.12988
1.13668
1.14591
1.15514
1.162
1.16482
1.16326
1.15882
1.15456
1.1535
1.1564
1.16147
1.16621
1.16907
1.16959
1.16804
1.16516
1.16216
1.16026
1.15987
1.16017
1.15934
1.15563
1.14808
1.13698
1.12377
1.11067
1.09996
1.09318
1.09058
1.09128
1.09379
1.09646
1.09783
1.09682
1.09291
1.0862
1.07717
1.06645
1.05491
1.04363
1.03374
1.02608
1.02093
1.0181
1.01707
1.0174
1.01902
1.02237
1.0282
1.03692
1.04797
1.05974
1.07001
1.07701
1.08022
1.08064
1.08025
1.08068
1.0821
1.08305
1.08143
1.07559
1.06507
1.05069
1.03442
1.01881
1.00622
0.998088
0.994786
0.995918
1.00087
1.00911
1.02006
1.03263
1.04516
1.05558
1.06218
1.06434
1.06297
1.06028
1.0589
1.06072
1.06622
1.07455
1.08413
1.09352
1.10182
1.10868
1.11396
1.11758
1.11937
1.11913
1.11685
1.11279
1.10756
1.10178
1.09579
1.08939
1.08199
1.07315
1.06314
1.05313
1.04493
1.04032
1.04039
1.0452
1.0538
1.0646
1.07573
1.08579
1.09448
1.10267
1.11169
1.12206
1.13286
1.14181
1.14628
1.14438
1.1357
1.1214
1.10389
1.086
1.07017
1.0579
1.04965
1.04494
1.04277
1.04203
1.04179
1.0416
1.04147
1.04168
1.04251
1.04399
1.0459
1.04788
1.04966
1.05105
1.05195
1.05219
1.05138
1.04913
1.04519
1.03968
1.03309
1.02624
1.02022
1.01614
1.01516
1.01842
1.02681
1.0402
1.05666
1.07299
1.08609
1.09426
1.09744
1.09683
1.09426
1.0916
1.09028
1.0909
1.09306
1.09545
1.09641
1.09461
1.08946
1.08127
1.07097
1.05964
1.04819
1.03734
1.02792
1.02119
1.01888
1.02281
1.03416
1.05285
1.07731
1.10488
1.1325
1.15763
1.17867
1.19483
1.20588
1.21186
1.21304
1.20989
1.20308
1.19342
1.18178
1.16915
1.15662
1.14547
1.13704
1.13238
1.1318
1.13473
1.14001
1.14634
1.1527
1.15842
1.16308
1.16642
1.16811
1.16772
1.16484
1.15938
1.15206
1.14446
1.13874
1.13668
1.13866
1.1435
1.14912
1.15365
1.15607
1.15625
1.15472
1.15213
1.14899
1.14538
1.14085
1.13468
1.12622
1.11543
1.10342
1.09253
1.08579
1.08582
1.09341
1.10697
1.12307
1.13794
1.14863
1.15362
1.15277
1.14711
1.13848
1.12902
1.12055
1.11406
1.10955
1.10622
1.10299
1.09895
1.09391
1.0888
1.08566
1.08678
1.09338
1.10451
1.11736
1.12881
1.13679
1.14082
1.14193
1.14219
1.14389
1.14848
1.15556
1.1629
1.16773
1.16821
1.16415
1.15681
1.14795
1.13887
1.12974
1.11975
1.10794
1.09412
1.07941
1.06607
1.05629
1.05056
1.04695
1.0423
1.03414
1.02209
1.00797
0.994747
0.985205
0.980835
0.981721
0.987133
0.996097
1.00765
1.0209
1.03499
1.04909
1.06245
1.0747
1.08614
1.09773
1.11051
1.12477
1.13968
1.15371
1.16539
1.17389
1.17908
1.18141
1.18164
1.18031
1.17688
1.16934
1.15513
1.13324
1.10581
1.07784
1.05436
1.03766
1.02714
1.02145
1.0198
1.02185
1.02718
1.0349
1.04389
1.05324
1.06267
1.0727
1.08409
1.09686
1.10992
1.12183
1.13173
1.13944
1.14516
1.14922
1.15209
1.15426
1.15611
1.1578
1.15935
1.16079
1.16231
1.16415
1.16634
1.16838
1.16917
1.16734
1.16177
1.15196
1.13837
1.12241
1.10603
1.09113
1.07897
1.07001
1.06406
1.06054
1.05885
1.05854
1.05961
1.06247
1.06764
1.0754
1.08531
1.09607
1.1057
1.11211
1.11373
1.11015
1.10226
1.09216
1.08237
1.07503
1.07106
1.07007
1.07084
1.072
1.07258
1.07227
1.07151
1.07124
1.07237
1.075
1.07815
1.08004
1.07914
1.07481
1.06749
1.0581
1.04747
1.03613
1.02464
1.01391
1.00522
0.999955
0.999312
1.00381
1.01309
1.02605
1.0412
1.05696
1.07203
1.08557
1.09724
1.10716
1.11569
1.12322
1.12988
1.13534
1.13893
1.14011
1.13892
1.13622
1.13325
1.13091
1.12915
1.12703
1.12343
1.11793
1.1113
1.10508
1.10071
1.09872
1.09876
1.10003
1.10167
1.10291
1.10349
1.10387
1.10499
1.10731
1.11014
1.11209
1.11213
1.11038
1.10794
1.10615
1.10576
1.10643
1.10685
1.10517
1.09968
1.08949
1.07503
1.0582
1.04187
1.02873
1.01995
1.01527
1.01416
1.01675
1.02362
1.03488
1.0494
1.06496
1.07906
1.08961
1.09528
1.0955
1.09037
1.08074
1.0684
1.05601
1.04677
1.04335
1.04687
1.05635
1.06931
1.08287
1.09457
1.1029
1.10727
1.10803
1.1062
1.10325
1.10052
1.0986
1.09716
1.09516
1.09149
1.0856
1.07773
1.06874
1.05975
1.05186
1.04598
1.04279
1.04277
1.04617
1.05294
1.06275
1.07489
1.08824
1.10111
1.11135
1.11693
1.11657
1.11028
1.0993
1.08549
1.07055
1.05572
1.04197
1.03036
1.02207
1.01808
1.01869
1.02345
1.03137
1.04146
1.05289
1.06494
1.07683
1.08764
1.09642
1.10247
1.10546
1.10563
1.10353
1.09966
1.09413
1.08663
1.07699
1.06575
1.05417
1.04373
1.03545
1.02971
1.02646
1.02569
1.02748
1.03182
1.03822
1.04572
1.05308
1.0592
1.06329
1.06502
1.06471
1.0634
1.06283
1.06497
1.07125
1.08189
1.09579
1.11116
1.12645
1.14079
1.15381
1.1651
1.17384
1.17885
1.1789
1.17324
1.16204
1.14662
1.12916
1.11202
1.09717
1.08578
1.07819
1.07401
1.07228
1.07176
1.07113
1.06936
1.06581
1.06026
1.05272
1.04337
1.03247
1.02038
1.00765
0.99492
0.982807
0.971861
0.962852
0.957166
0.95692
0.964131
0.979177
1.00004
1.02305
1.04458
1.06209
1.07443
1.08163
1.08468
1.08518
1.08467
1.08369
1.08147
1.07656
1.06827
1.05751
1.04678
1.03926
1.0375
1.04261
1.05403
1.07016
1.089
1.10851
1.12656
1.14085
1.14927
1.15045
1.14391
1.13021
1.11087
1.08818
1.06507
1.04467
1.0298
1.02227
1.02233
1.02852
1.03825
1.04879
1.05826
1.066
1.07255
1.07906
1.08656
1.09523
1.10423
1.1122
1.1179
1.12063
1.12029
1.11723
1.11209
1.10565
1.09865
1.09131
1.08312
1.07307
1.06079
1.04785
1.03789
1.0351
1.04173
1.0567
1.07638
1.09661
1.11438
1.12827
1.13814
1.14451
1.14811
1.14962
1.14967
1.14883
1.14764
1.14646
1.14542
1.14429
1.14259
1.13983
1.13582
1.13055
1.12361
1.11387
1.10012
1.08229
1.06247
1.04481
1.03411
1.03346
1.04257
1.05834
1.07682
1.09486
1.11057
1.1231
1.13227
1.13837
1.1421
1.14445
1.14645
1.14855
1.15019
1.15008
1.14706
1.14072
1.13144
1.12003
1.10738
1.09442
1.08231
1.07249
1.06672
1.0669
1.07441
1.089
1.10834
1.12899
1.14767
1.16204
1.17067
1.17291
1.16894
1.16004
1.1488
1.13848
1.1318
1.1296
1.13082
1.13345
1.1354
1.13492
1.13062
1.1217
1.10821
1.09145
1.07399
1.05917
1.04986
1.04717
1.05001
1.05582
1.0618
1.06595
1.06738
1.06607
1.06228
1.05615
1.04767
1.03714
1.02576
1.01564
1.00923
1.00827
1.01321
1.02337
1.03737
1.05363
1.07055
1.08644
1.09959
1.10834
1.11143
1.10838
1.09996
1.08852
1.07782
1.07189
1.07346
1.08272
1.09747
1.11421
1.12953
1.14108
1.14782
1.14968
1.14723
1.14158
1.13427
1.12714
1.12163
1.11795
1.11499
1.11103
1.10507
1.09764
1.09014
1.08357
1.07795
1.07297
1.06906
1.06751
1.06967
1.07592
1.08512
1.09494
1.10286
1.10698
1.10644
1.10119
1.09174
1.07919
1.06542
1.05324
1.04601
1.04652
1.05544
1.07059
1.0878
1.10287
1.11304
1.11731
1.11583
1.1094
1.09944
1.08801
1.0776
1.07044
1.06752
1.06819
1.07061
1.07298
1.07456
1.07584
1.07808
1.08238
1.08909
1.09773
1.10732
1.11677
1.125
1.13115
1.13458
1.13494
1.13229
1.12684
1.11877
1.10811
1.09486
1.07915
1.06107
1.04043
1.01672
0.989766
0.960325
0.930507
0.903628
0.883578
0.873713
0.875592
0.88822
0.908236
0.931084
0.952412
0.969114
0.979809
0.984789
0.985574
0.984271
0.982883
0.982936
0.98548
0.991511
1.00236
1.01953
1.04383
1.07447
1.10893
1.14371
1.17548
1.20161
1.22036
1.23078
1.23263
1.22641
1.21337
1.1953
1.17423
1.15217
1.13102
1.11243
1.09751
1.08667
1.07979
1.07651
1.07603
1.07699
1.07747
1.07564
1.07035
1.06141
1.04946
1.03545
1.02033
1.00492
0.989974
0.976317
0.964875
0.956832
0.953859
0.957676
0.968729
0.985217
1.004
1.02249
1.03947
1.05464
1.06787
1.0788
1.08706
1.09262
1.09599
1.09821
1.10053
1.10396
1.10879
1.11445
1.11965
1.12282
1.1226
1.11826
1.10988
1.09827
1.08478
1.07113
1.05926
1.05099
1.04765
1.04951
1.05558
1.06367
1.07118
1.07597
1.07692
1.07388
1.06741
1.05874
1.04974
1.04292
1.0408
1.04449
1.05269
1.06222
1.06968
1.07284
1.07112
1.06527
1.05679
1.04744
1.03891
1.03253
1.02911
1.02879
1.03118
1.03566
1.04181
1.04954
1.05895
1.07003
1.08217
1.09411
1.10409
1.11053
1.11268
1.1112
1.1082
1.10646
1.10815
1.11383
1.12239
1.13189
1.14031
1.14594
1.14752
1.14442
1.13697
1.12664
1.1159
1.10721
1.10203
1.10024
1.10055
1.10158
1.1024
1.10265
1.10229
1.10166
1.10151
1.10287
1.10649
1.11216
1.11842
1.12297
1.12349
1.1183
1.10686
1.08985
1.06913
1.04768
1.02943
1.01854
1.01818
1.02928
1.05021
1.07728
1.10592
1.13192
1.15226
1.16544
1.17126
1.1705
1.16454
1.15521
1.14451
1.13435
1.12611
1.12032
1.11662
1.11409
1.11157
1.10799
1.10233
1.09368
1.08141
1.06559
1.04748
1.02961
1.01487
1.00501
0.999901
0.998195
0.998635
1.00088
1.0056
1.01374
1.02523
1.0382
1.04937
1.05577
1.05623
1.05188
1.04589
1.04245
1.04538
1.05663
1.07531
1.09799
1.12022
1.13814
1.14964
1.15455
1.15413
1.15027
1.14476
1.13894
1.13374
1.12976
1.12727
1.126
1.1251
1.12364
1.12102
1.11729
1.11306
1.10929
1.10709
1.10729
1.11007
1.11476
1.11994
1.12397
1.12553
1.12419
1.12085
1.11759
1.11689
1.12024
1.12732
1.13624
1.14464
1.15061
1.15298
1.15119
1.14487
1.13365
1.11751
1.09729
1.07498
1.05347
1.03575
1.024
1.01908
1.02051
1.0268
1.03596
1.04589
1.05487
1.06193
1.06691
1.07019
1.07207
1.07246
1.07106
1.0678
1.06313
1.05788
1.05298
1.04924
1.04733
1.04788
1.05145
1.05821
1.06751
1.07776
1.08677
1.09262
1.09434
1.09224
1.08773
1.08274
1.07896
1.07726
1.07779
1.08019
1.08387
1.08823
1.09268
1.09678
1.10027
1.10307
1.10509
1.106
1.10511
1.10138
1.0938
1.08183
1.06595
1.04797
1.03088
1.01804
1.01193
1.01305
1.01978
1.02934
1.03904
1.04726
1.05348
1.05787
1.06085
1.06273
1.0637
1.064
1.0641
1.06445
1.06516
1.06562
1.06456
1.06045
1.05203
1.03886
1.02152
1.0015
0.980894
0.962081
0.947533
0.939478
0.939384
0.947296
0.961441
0.978478
0.994519
1.0065
1.01302
1.01432
1.01188
1.00766
1.00344
1.00036
0.998919
0.999587
1.00304
1.0097
1.01927
1.03088
1.04361
1.0567
1.06941
1.08096
1.0905
1.09736
1.10142
1.1032
1.10369
1.10386
1.10459
1.10641
1.10927
1.11243
1.11468
1.11475
1.11169
1.10501
1.09477
1.08168
1.06727
1.05363
1.04286
1.03631
1.0339
1.03428
1.03543
1.03559
1.03374
1.02973
1.0243
1.01894
1.01573
1.01685
1.02368
1.03586
1.05117
1.06633
1.07826
1.08508
1.08652
1.08359
1.07814
1.07217
1.06723
1.0641
1.06306
1.06438
1.06879
1.07748
1.09123
1.10962
1.13078
1.15208
1.17115
1.18646
1.19735
1.20373
1.20561
1.20288
1.19534
1.18291
1.1658
1.14473
1.12092
1.09632
1.07408
1.05813
1.05096
1.05138
1.05541
1.05911
1.06017
1.05791
1.0527
1.04551
1.03737
1.02915
1.02167
1.01596
1.01355
1.0163
1.02572
1.04212
1.064
1.08809
1.11037
1.1274
1.13739
1.14054
1.1385
1.13347
1.12717
1.1203
1.11266
1.10379
1.09361
1.08261
1.07148
1.06049
1.04934
1.03771
1.02613
1.01643
1.01162
1.0147
1.02641
1.04395
1.06257
1.07853
1.09039
1.09864
1.10465
1.10999
1.11566
1.12182
1.1281
1.13406
1.13962
1.14512
1.15109
1.15805
1.1663
1.17568
1.18544
1.19432
1.20101
1.20451
1.20443
1.20098
1.19475
1.18639
1.17655
1.16578
1.15457
1.14341
1.13275
1.123
1.11451
1.10747
1.10186
1.09754
1.09433
1.09197
1.08993
1.08742
1.08359
1.07782
1.07007
1.06087
1.05119
1.04225
1.03535
1.03173
1.03243
1.03788
1.04766
1.06046
1.07441
1.08754
1.09824
1.10559
1.10932
1.10957
1.1066
1.10055
1.09165
1.08046
1.06823
1.05689
1.04868
1.04536
1.04771
1.05541
1.06745
1.08254
1.09947
1.11711
1.13432
1.14988
1.16248
1.17091
1.17418
1.1716
1.16306
1.14937
1.13243
1.11485
1.09877
1.08487
1.07255
1.06103
1.05013
1.04022
1.03176
1.02484
1.01921
1.01463
1.01128
1.0097
1.01045
1.01362
1.01877
1.025
1.0314
1.03714
1.04159
1.04425
1.04477
1.04309
1.03948
1.03451
1.0289
1.02336
1.01843
1.01449
1.01181
1.01067
1.01136
1.01413
1.01904
1.02584
1.0338
1.04181
1.04866
1.05343
1.05586
1.05655
1.05661
1.05718
1.05878
1.06104
1.06301
1.06384
1.06334
1.06211
1.06097
1.06033
1.05983
1.05853
1.05538
1.04984
1.04255
1.03599
1.0338
1.03831
1.04814
1.05885
1.06618
1.06841
1.06653
1.06303
1.06053
1.06054
1.06304
1.0667
1.06974
1.07068
1.0688
1.06403
1.0566
1.04669
1.0343
1.01942
1.00238
0.984256
0.967113
0.953747
0.946988
0.948728
0.959271
0.977343
1.0006
1.0263
1.05185
1.07519
1.09506
1.11095
1.12304
1.13187
1.13819
1.14282
1.14652
1.14992
1.15334
1.15674
1.15976
1.16185
1.16247
1.16122
1.15797
1.15287
1.14632
1.139
1.13168
1.1251
1.11967
1.11533
1.11138
1.10666
1.10005
1.09115
1.08068
1.07043
1.06254
1.05864
1.05932
1.06393
1.07073
1.07728
1.08098
1.07956
1.07154
1.05661
1.03601
1.01271
0.9908
0.974443
0.966328
0.966776
0.973892
0.984697
0.996448
1.00748
1.01723
1.02562
1.03252
1.03733
1.03917
1.03751
1.03307
1.02858
1.02826
1.03517
1.04881
1.06572
1.08249
1.09721
1.10904
1.11722
1.12084
1.11927
1.11269
1.10217
1.08936
1.07627
1.06513
1.05828
1.05761
1.06371
1.07522
1.08916
1.10226
1.11222
1.11803
1.1196
1.1174
1.11221
1.10508
1.09724
1.08995
1.08424
1.0807
1.07935
1.07954
1.08016
1.08011
1.0787
1.07579
1.07169
1.06708
1.06294
1.0602
1.05905
1.05885
1.05859
1.05781
1.0571
1.05788
1.06193
1.07049
1.08348
1.09927
1.11524
1.12878
1.13785
1.1413
1.1388
1.13073
1.11808
1.10216
1.08461
1.06728
1.05217
1.04114
1.03552
1.03567
1.04076
1.049
1.05824
1.06659
1.07283
1.07659
1.07831
1.07905
1.08026
1.08323
1.08847
1.09546
1.10281
1.10889
1.11245
1.11296
1.11063
1.10613
1.10017
1.09317
1.08528
1.07667
1.06801
1.06067
1.05649
1.05718
1.06353
1.07492
1.08951
1.10491
1.11892
1.13007
1.13764
1.14163
1.14258
1.14141
1.13912
1.13654
1.1341
1.1316
1.12836
1.12367
1.11727
1.10977
1.1027
1.09796
1.09707
1.10045
1.10741
1.11659
1.12645
1.13548
1.14233
1.14578
1.14495
1.13945
1.12971
1.11733
1.10497
1.09516
1.08897
1.08535
1.08255
1.07971
1.07744
1.07671
1.07737
1.07787
1.07643
1.07218
1.06527
1.05618
1.04529
1.03322
1.02151
1.0128
1.01
1.0151
1.02837
1.04864
1.07393
1.10194
1.13019
1.15625
1.17798
1.19382
1.20321
1.20665
1.20555
1.20176
1.19684
1.19159
1.18601
1.17952
1.17138
1.16087
1.1474
1.13074
1.11139
1.09096
1.07197
1.05722
1.04876
1.0472
1.05162
1.06017
1.07066
1.08112
1.09007
1.09668
1.10066
1.10213
1.10139
1.09893
1.0955
1.09223
1.09052
1.09159
1.09587
1.10266
1.11028
1.11667
1.12018
1.12003
1.11628
1.10972
1.10162
1.0936
1.08756
1.08534
1.08785
1.09445
1.10309
1.11121
1.11675
1.1185
1.11602
1.10971
1.10079
1.09129
1.08366
1.07993
1.08087
1.08579
1.0931
1.10094
1.10761
1.11185
1.11302
1.11119
1.10701
1.10137
1.09516
1.08912
1.08389
1.08055
1.0808
1.08597
1.09525
1.10535
1.1124
1.11397
1.10968
1.10058
1.08839
1.07501
1.06209
1.0509
1.0421
1.03575
1.03151
1.02901
1.02814
1.02911
1.03214
1.03713
1.04347
1.05039
1.05718
1.06348
1.06924
1.07469
1.08024
1.08641
1.09368
1.10233
1.11239
1.12354
1.13518
1.14642
1.15614
1.16301
1.16569
1.16303
1.15439
1.1398
1.12024
1.09777
1.07554
1.05726
1.04622
1.04403
1.04991
1.06098
1.07319
1.08245
1.08555
1.08089
1.069
1.05284
1.03731
1.02743
1.02588
1.03194
1.04258
1.05451
1.0655
1.07452
1.0814
1.08652
1.09051
1.09411
1.09801
1.10274
1.10846
1.11488
1.12132
1.12708
1.13178
1.13548
1.13831
1.14012
1.14038
1.13861
1.1348
1.12943
1.12325
1.11677
1.11
1.10273
1.095
1.08741
1.08089
1.076
1.07274
1.07097
1.07098
1.07372
1.08036
1.09131
1.1054
1.11994
1.13189
1.13897
1.1401
1.13515
1.12454
1.1092
1.09057
1.07053
1.05117
1.0345
1.02209
1.01453
1.01111
1.01004
1.00927
1.0075
1.00493
1.00323
1.0047
1.0107
1.02053
1.03157
1.04072
1.04577
1.04595
1.04166
1.03408
1.02478
1.01561
1.00833
1.00454
1.0055
1.01204
1.02443
1.04225
1.06414
1.08804
1.11162
1.13285
1.15034
1.16327
1.17119
1.17396
1.1716
1.16437
1.15267
1.1371
1.11855
1.09838
1.07858
1.06142
1.04871
1.0411
1.03802
1.03806
1.03973
1.04207
1.0449
1.04848
1.0531
1.05873
1.06505
1.07154
1.07773
1.08331
1.08813
1.09217
1.09544
1.09789
1.0994
1.09989
1.09951
1.09868
1.09796
1.09798
1.0993
1.1022
1.10641
1.1109
1.11413
1.1148
1.11248
1.1079
1.10233
1.09672
1.0912
1.08565
1.08063
1.07775
1.07916
1.08644
1.09977
1.11762
1.13728
1.15572
1.17042
1.18002
1.18437
1.18431
1.18107
1.17566
1.16857
1.1598
1.14917
1.13666
1.12277
1.10891
1.09793
1.09374
1.09911
1.11287
1.12981
1.14373
1.15051
1.14907
1.1408
1.12846
1.11531
1.10511
1.10222
1.10969
1.12571
1.14379
1.15742
1.16354
1.16256
1.1568
1.14911
1.14185
1.1364
1.13288
1.13057
1.12838
1.12542
1.12115
1.11532
1.10799
1.09936
1.08968
1.07921
1.06832
1.05756
1.04775
1.03977
1.03442
1.03218
1.03309
1.03655
1.04115
1.04503
1.04668
1.0455
1.04213
1.03799
1.03453
1.03276
1.03311
1.03559
1.03995
1.04563
1.05162
1.05673
1.05991
1.06079
1.05997
1.05889
1.05944
1.06314
1.07034
1.07994
1.08978
1.09743
1.10103
1.09979
1.09402
1.08475
1.07336
1.06125
1.04987
1.04099
1.03651
1.038
1.04588
1.05904
1.07528
1.092
1.10685
1.11798
1.12421
1.1251
1.12121
1.11389
1.10506
1.09637
1.08856
1.08112
1.07268
1.06201
1.04901
1.03514
1.023
1.0152
1.01324
1.01702
1.02534
1.03674
1.04999
1.06386
1.07682
1.08736
1.09441
1.09767
1.09758
1.09527
1.09227
1.09025
1.09069
1.09445
1.10175
1.11228
1.12547
1.14063
1.1568
1.17268
1.18664
1.197
1.20233
1.20143
1.19343
1.17782
1.15471
1.125
1.09071
1.05516
1.02278
0.998286
0.985311
0.985216
0.996825
1.01703
1.04156
1.06567
1.08505
1.09684
1.09997
1.09491
1.0832
1.06723
1.05003
1.03488
1.0246
1.02101
1.02474
1.03508
1.04994
1.06645
1.08211
1.09561
1.10662
1.11506
1.12046
1.12176
1.11744
1.1061
1.08721
1.06202
1.03427
1.00987
0.994481
0.99048
0.99621
1.00797
1.02209
1.0358
1.04727
1.0556
1.06076
1.06324
1.06372
1.06281
1.06105
1.05916
1.0584
1.06061
1.06744
1.07918
1.09392
1.10842
1.11977
1.12657
1.12894
1.12768
1.12383
1.11859
1.11345
1.10992
1.10907
1.11118
1.11581
1.12212
1.12918
1.136
1.14142
1.14422
1.14341
1.13843
1.12927
1.11642
1.10074
1.08341
1.06577
1.0492
1.0348
1.02309
1.01409
1.00747
1.00297
1.00042
0.999738
1.00065
1.00262
1.00503
1.00779
1.01206
1.02008
1.03324
1.05025
1.06743
1.08098
1.08881
1.09119
1.09047
1.09018
1.09359
1.10218
1.11494
1.12889
1.14047
1.14698
1.1475
1.14289
1.13534
1.12758
1.12208
1.12046
1.12309
1.12927
1.13746
1.1459
1.15295
1.15734
1.15814
1.15482
1.14724
1.13591
1.12211
1.10795
1.09588
1.08788
1.08495
1.08682
1.09205
1.09847
1.1036
1.10511
1.10119
1.09092
1.07462
1.05411
1.03274
1.0145
1.00258
0.998156
1.00035
1.00705
1.01583
1.02456
1.03205
1.03878
1.04731
1.06132
1.08277
1.10986
1.138
1.16272
1.1814
1.19331
1.19891
1.19931
1.19604
1.19104
1.18641
1.18397
1.18459
1.18778
1.19191
1.1952
1.19663
1.19621
1.19482
1.19351
1.19297
1.19312
1.19317
1.19204
1.18872
1.18253
1.17315
1.16056
1.14501
1.12722
1.10845
1.09049
1.07536
1.0647
1.0594
1.05945
1.06403
1.0716
1.08003
1.08712
1.09144
1.09299
1.09284
1.0925
1.09335
1.09637
1.10225
1.11147
1.12425
1.14034
1.15884
1.1783
1.19705
1.21363
1.22697
1.23663
1.24269
1.24559
1.24576
1.24326
1.23766
1.22825
1.21453
1.1967
1.17584
1.15391
1.13322
1.11569
1.10234
1.09318
1.08741
1.08394
1.08174
1.07987
1.07732
1.07299
1.06596
1.05593
1.04363
1.03093
1.02039
1.01474
1.01592
1.02441
1.03899
1.05723
1.07635
1.09401
1.10853
1.11892
1.12475
1.12624
1.12442
1.12102
1.11791
1.11618
1.11549
1.11415
1.11001
1.10166
1.08943
1.07543
1.06277
1.05413
1.0509
1.0529
1.05878
1.06656
1.07435
1.08077
1.08527
1.08824
1.091
1.09509
1.1012
1.10831
1.11397
1.11572
1.11216
1.10335
1.09044
1.07518
1.05944
1.04483
1.03261
1.02347
1.01744
1.01393
1.01204
1.01089
1.00999
1.00916
1.00831
1.00743
1.00697
1.0083
1.01342
1.02353
1.03716
1.05045
1.05958
1.06267
1.05992
1.05271
1.04264
1.0312
1.01957
1.00848
0.998164
0.988872
0.981394
0.977099
0.977337
0.982954
0.994278
1.0113
1.03373
1.06047
1.08923
1.11682
1.14005
1.15669
1.16575
1.1674
1.16261
1.15294
1.14019
1.12601
1.11162
1.09767
1.08408
1.07028
1.0555
1.03956
1.02346
1.0096
1.00107
1.00014
1.00692
1.01946
1.03501
1.05152
1.06813
1.08487
1.10199
1.11956
1.13723
1.15415
1.16913
1.18075
1.18779
1.18951
1.18581
1.17723
1.16464
1.14927
1.13275
1.11713
1.10443
1.09603
1.09234
1.09303
1.09774
1.10642
1.11897
1.13433
1.15007
1.16308
1.17065
1.17132
1.16499
1.15279
1.13667
1.11905
1.10233
1.08862
1.07946
1.07564
1.07708
1.08273
1.09089
1.09968
1.10758
1.11373
1.11802
1.12098
1.12346
1.12631
1.12989
1.13377
1.13676
1.13724
1.13381
1.12579
1.11372
1.09932
1.08488
1.07198
1.06056
1.04934
1.03715
1.02403
1.01154
1.00198
0.997222
0.997828
1.00304
1.01131
1.02102
1.03076
1.03958
1.04705
1.05313
1.05787
1.06132
1.06354
1.06493
1.06618
1.06779
1.0694
1.06973
1.06744
1.062
1.05403
1.04492
1.03597
1.02773
1.01986
1.01144
1.00174
0.990741
0.97954
0.97008
0.964505
0.964335
0.969863
0.980122
0.993359
1.00764
1.02129
1.03299
1.04186
1.04746
1.05
1.05035
1.05003
1.05087
1.05438
1.0613
1.0712
1.08269
1.09403
1.10371
1.11072
1.11438
1.11423
1.11
1.10187
1.09036
1.076
1.05903
1.03973
1.01956
1.00189
0.990864
0.988768
0.994703
1.00585
1.01938
1.03347
1.04725
1.06036
1.07248
1.08298
1.09078
1.09455
1.093
1.08538
1.07184
1.05379
1.0339
1.0154
1.00091
0.991574
0.987334
0.987762
0.992589
1.00151
1.01374
1.02766
1.04106
1.05182
1.05873
1.06188
1.06239
1.06201
1.06259
1.06571
1.07261
1.08386
1.09919
1.11738
1.13667
1.1552
1.17127
1.18328
1.18982
1.19006
1.18418
1.17338
1.15925
1.14275
1.12391
1.10262
1.0797
1.05744
1.03897
1.02677
1.02116
1.02036
1.02196
1.02481
1.02945
1.03717
1.04858
1.063
1.07859
1.09311
1.10456
1.11163
1.1139
1.11195
1.10723
1.10164
1.09679
1.09339
1.0911
1.08894
1.0859
1.08136
1.07505
1.06691
1.05707
1.04606
1.035
1.02548
1.01911
1.0167
1.0178
1.02091
1.02397
1.02512
1.02325
1.01836
1.01169
1.00549
1.00224
1.00382
1.0109
1.02269
1.0371
1.05128
1.06256
1.06943
1.07177
1.07052
1.067
1.06246
1.05799
1.0545
1.05278
1.05339
1.05659
1.06223
1.06971
1.07801
1.08583
1.09186
1.09519
1.09577
1.09466
1.09377
1.09514
1.09989
1.10761
1.11665
1.12482
1.13013
1.13117
1.12749
1.11983
1.11025
1.10181
1.09764
1.09975
1.10825
1.12152
1.13724
1.15311
1.16699
1.17689
1.18103
1.17816
1.16769
1.14981
1.12591
1.0987
1.07197
1.04995
1.03633
1.03313
1.03999
1.05444
1.07302
1.09242
1.10994
1.12372
1.13269
1.13654
1.13563
1.13081
1.1233
1.11433
1.1051
1.09696
1.09179
1.09145
1.09593
1.10242
1.10721
1.10823
1.10584
1.10186
1.09841
1.09726
1.0994
1.10484
1.11266
1.12142
1.12981
1.13682
1.14172
1.14384
1.14272
1.13824
1.13063
1.12024
1.10724
1.09158
1.07326
1.05269
1.03122
1.0113
0.996068
0.988406
0.989981
1.00083
1.01943
1.04323
1.06945
1.09552
1.11932
1.13943
1.15526
1.16692
1.17491
1.17962
1.18102
1.17874
1.17228
1.16122
1.14555
1.12592
1.10388
1.08181
1.06254
1.04837
1.0402
1.03693
1.03565
1.03277
1.0254
1.01252
0.995793
0.979952
0.971098
0.972812
0.983483
0.998279
1.01297
1.02585
1.03746
1.04953
1.06371
1.08033
1.0981
1.11474
1.12806
1.13668
1.14025
1.13909
1.1338
1.12501
1.11338
1.09974
1.08526
1.07152
1.06031
1.05312
1.05065
1.05253
1.05756
1.06432
1.07177
1.0794
1.0871
1.09485
1.10252
1.10993
1.1169
1.12338
1.12938
1.13468
1.13882
1.14114
1.14097
1.13788
1.13187
1.12352
1.11402
1.10485
1.09724
1.09175
1.08824
1.08623
1.08515
1.08454
1.08395
1.08285
1.08069
1.07708
1.07208
1.06651
1.06198
1.06072
1.06482
1.07507
1.09007
1.10648
1.12027
1.12836
1.12947
1.12442
1.11554
1.10582
1.09778
1.09265
1.09039
1.09036
1.09211
1.09568
1.10148
1.10982
1.12071
1.13385
1.1488
1.16499
1.18164
1.1976
1.21164
1.22276
1.23049
1.23497
1.23678
1.23673
1.2354
1.23282
1.22844
1.22139
1.21102
1.19739
1.18171
1.16626
1.15375
1.14632
1.14481
1.14858
1.15584
1.16424
1.17143
1.17551
1.17544
1.17108
1.16298
1.15207
1.1394
1.12598
1.11281
1.10084
1.09083
1.08306
1.07694
1.07121
1.06458
1.05638
1.04698
1.03759
1.02984
1.02521
1.02453
1.02769
1.03379
1.04152
1.04957
1.05691
1.06293
1.06729
1.06987
1.07098
1.07151
1.07292
1.07687
1.08432
1.09467
1.10582
1.11504
1.12013
1.1202
1.11583
1.1089
1.10193
1.09725
1.09629
1.09927
1.10534
1.11321
1.12172
1.13014
1.13806
1.14494
1.14997
1.15212
1.15068
1.14558
1.13754
1.12776
1.11745
1.10766
1.09921
1.09273
1.08869
1.08732
1.08826
1.09042
1.09194
1.09078
1.0855
1.07585
1.06302
1.0492
1.03673
1.02747
1.0225
1.02218
1.02594
1.03227
1.03909
1.04446
1.04709
1.04643
1.04243
1.03532
1.02564
1.01439
1.00364
0.996816
0.998255
1.01074
1.03291
1.05943
1.08399
1.10184
1.11099
1.1137
1.11757
1.13198
1.15903
1.19082
1.21744
1.23378
1.23947
1.23654
1.22769
1.21546
1.20194
1.1886
1.17641
1.16572
1.15621
1.14698
1.13707
1.12593
1.11356
1.10017
1.08568
1.06949
1.05086
1.02986
1.00842
0.990397
0.979856
0.97838
0.983976
0.992787
1.00145
1.00808
1.01207
1.01353
1.01299
1.01129
1.00941
1.00837
1.00907
1.01229
1.01883
1.02944
1.04459
1.06405
1.08666
1.11043
1.13299
1.15221
1.16663
1.1756
1.17912
1.17778
1.17252
1.16453
1.15526
1.14645
1.14019
1.13868
1.14339
1.15434
1.16983
1.18694
1.20262
1.21454
1.22136
1.22255
1.21814
1.20843
1.19385
1.17508
1.1531
1.12913
1.1046
1.08099
1.06005
1.04379
1.03396
1.03148
1.03588
1.04527
1.0566
1.06647
1.07229
1.07319
1.0702
1.06549
1.06123
1.0586
1.05758
1.0576
1.05815
1.05903
1.06024
1.0617
1.06321
1.06429
1.06424
1.06221
1.05759
1.05054
1.04224
1.03453
1.0292
1.02751
1.03009
1.03709
1.04824
1.06281
1.07974
1.09776
1.11551
1.13164
1.14487
1.15402
1.15804
1.15619
1.14831
1.13515
1.11851
1.10131
1.08691
1.07788
1.0749
1.07689
1.08226
1.08999
1.09973
1.11121
1.12374
1.13621
1.14755
1.15709
1.16472
1.17066
1.1752
1.17846
1.18023
1.18012
1.17786
1.1735
1.1675
1.16059
1.15339
1.14631
1.13951
1.13312
1.12744
1.12283
1.11946
1.11706
1.11524
1.11389
1.11326
1.1139
1.11633
1.12088
1.12747
1.13547
1.14386
1.15169
1.15851
1.16417
1.16834
1.16996
1.16746
1.15962
1.14626
1.1281
1.10616
1.08145
1.05526
1.02956
1.00694
0.990065
0.980877
0.979884
0.985951
0.996657
1.00919
1.02127
1.03159
1.0398
1.04598
1.05005
1.0516
1.04994
1.04465
1.03603
1.0254
1.01488
1.00678
1.00281
1.00363
1.00906
1.01852
1.03116
1.04589
1.06136
1.07619
1.08919
1.0995
1.10655
1.10987
1.10884
1.1027
1.09089
1.07379
1.05327
1.03273
1.01604
1.00588
1.00248
1.00403
1.00836
1.01434
1.02183
1.03075
1.04024
1.04861
1.05401
1.05546
1.05362
1.05059
1.04837
1.04725
1.0459
1.04323
1.03977
1.03756
1.03877
1.0442
1.05275
1.06233
1.07159
1.08069
1.09096
1.1037
1.1191
1.13595
1.15222
1.16594
1.17566
1.18045
1.17973
1.1732
1.16116
1.14474
1.12595
1.10742
1.09176
1.08101
1.07609
1.07673
1.08146
1.08782
1.09286
1.09386
1.08929
1.07933
1.0657
1.05096
1.03729
1.02598
1.01757
1.01223
1.00984
1.00997
1.01194
1.01484
1.01776
1.0199
1.0208
1.0205
1.0197
1.01965
1.02182
1.02724
1.03598
1.04719
1.05954
1.07193
1.08357
1.09382
1.10193
1.1073
1.10985
1.11014
1.10921
1.10822
1.10821
1.10992
1.11369
1.11945
1.12685
1.13539
1.14455
1.15371
1.16206
1.16859
1.17207
1.17124
1.16504
1.15302
1.13558
1.1142
1.09116
1.06897
1.04971
1.03472
1.02458
1.01927
1.01854
1.02224
1.03023
1.04207
1.05671
1.07265
1.08824
1.10202
1.11294
1.12036
1.12416
1.12477
1.12307
1.12028
1.11769
1.11644
1.1174
1.12112
1.12781
1.1373
1.14907
1.16225
1.17579
1.18855
1.19958
1.20815
1.21391
1.2169
1.2176
1.21684
1.21558
1.21455
1.21407
1.21395
1.2137
1.21264
1.21017
1.2058
1.1993
1.19074
1.18046
1.16923
1.15816
1.14858
1.1415
1.13721
1.13518
1.1346
1.13486
1.13571
1.1368
1.13736
1.13624
1.13251
1.12591
1.11704
1.10706
1.09728
1.08866
1.08152
1.07576
1.07105
1.06687
1.06237
1.05676
1.05013
1.04422
1.04216
1.04702
1.05972
1.0781
1.09777
1.1143
1.12501
1.12948
1.1289
1.12508
1.11968
1.11396
1.10891
1.10563
1.10534
1.10908
1.1173
1.12957
1.14456
1.16031
1.17455
1.18514
1.1904
1.18945
1.1823
1.16958
1.1522
1.13118
1.1079
1.08452
1.06399
1.04934
1.04246
1.0434
1.05049
1.06129
1.07355
1.08573
1.09707
1.10741
1.11684
1.12561
1.13394
1.14185
1.14913
1.15539
1.16037
1.16406
1.16675
1.16887
1.17064
1.17197
1.17245
1.1716
1.169
1.16451
1.15827
1.15068
1.14217
1.13298
1.12308
1.11216
1.09987
1.08623
1.0719
1.05836
1.04782
1.04276
1.04485
1.054
1.06809
1.08392
1.09876
1.11127
1.12133
1.12923
1.13499
1.13828
1.13876
1.13644
1.13166
1.12488
1.11637
1.10608
1.09367
1.07892
1.06218
1.04472
1.02873
1.01698
1.01206
1.01572
1.02839
1.04894
1.07472
1.10225
1.12816
1.15003
1.16667
1.17786
1.18392
1.18523
1.18215
1.17521
1.16524
1.15331
1.14053
1.12814
1.11745
1.10967
1.10558
1.1053
1.10807
1.11235
1.11605
1.11717
1.1143
1.10696
1.09567
1.08182
1.06723
1.05371
1.04263
1.03453
1.02941
1.02709
1.02758
1.03107
1.03766
1.04709
1.05869
1.0715
1.08447
1.09697
1.10911
1.12157
1.13504
1.14938
1.16296
1.17282
1.17612
1.17159
1.16003
1.14377
1.12574
1.10833
1.09258
1.07786
1.06228
1.04386
1.0219
0.997937
0.976009
0.9617
0.960076
0.973292
0.999406
1.03324
1.06859
1.10033
1.12562
1.14387
1.15581
1.16237
1.16403
1.16087
1.15316
1.14182
1.1283
1.1142
1.10067
1.08832
1.07718
1.06689
1.05694
1.0472
1.03824
1.03112
1.02706
1.02705
1.03157
1.04032
1.05215
1.06555
1.07928
1.09269
1.1054
1.11708
1.12745
1.13631
1.14343
1.14845
1.15101
1.15101
1.1487
1.14447
1.13854
1.13099
1.12184
1.11132
1.09996
1.08854
1.07805
1.06964
1.06452
1.06353
1.06651
1.07197
1.07772
1.08168
1.08251
1.0798
1.07419
1.06733
1.06143
1.05841
1.05913
1.06345
1.07071
1.08017
1.09122
1.1033
1.11572
1.12744
1.13724
1.14415
1.14771
1.14801
1.14546
1.1405
1.1334
1.12424
1.11297
1.09978
1.08545
1.07151
1.05992
1.0521
1.04797
1.04577
1.04322
1.03902
1.03381
1.02966
1.02863
1.03164
1.03821
1.04663
1.05465
1.06033
1.0628
1.0621
1.05889
1.05415
1.04883
1.04394
1.04043
1.0391
1.04044
1.04434
1.05
1.05613
1.06144
1.06522
1.06753
1.06922
1.07145
1.0751
1.08051
1.08738
1.09499
1.10239
1.10849
1.1122
1.11253
1.10873
1.10024
1.08674
1.06828
1.04564
1.02109
0.998549
0.982635
0.976606
0.980924
0.993757
1.01245
1.03461
1.05831
1.08202
1.10432
1.12377
1.13891
1.14868
1.15292
1.1526
1.14944
1.145
1.13975
1.13317
1.12468
1.11452
1.10388
1.0944
1.08765
1.08467
1.08576
1.09038
1.09733
1.10518
1.11273
1.11936
1.12519
1.13068
1.13619
1.14137
1.14531
1.14698
1.14582
1.14189
1.13564
1.12748
1.11764
1.10637
1.09407
1.08134
1.06868
1.05653
1.04559
1.03718
1.03312
1.03508
1.04348
1.05704
1.07304
1.08835
1.10035
1.10735
1.10863
1.10432
1.09549
1.08424
1.07357
1.06669
1.06594
1.07192
1.08334
1.09776
1.1127
1.12643
1.13808
1.14725
1.15358
1.15652
1.15524
1.1489
1.13688
1.11913
1.09651
1.07097
1.04574
1.0253
1.01394
1.01269
1.01787
1.02387
1.02692
1.0266
1.02503
1.02546
1.03095
1.0433
1.06222
1.08527
1.10868
1.12875
1.1429
1.14995
1.15012
1.14472
1.13588
1.12606
1.1174
1.11104
1.10687
1.10373
1.10005
1.09439
1.08602
1.07534
1.06394
1.054
1.04749
1.0454
1.04746
1.05245
1.05879
1.06494
1.06975
1.07268
1.07421
1.07604
1.08055
1.08952
1.10298
1.11925
1.13592
1.15081
1.1625
1.17048
1.17519
1.1777
1.17925
1.18066
1.18227
1.18416
1.18613
1.1874
1.18635
1.18088
1.16922
1.1507
1.12614
1.0981
1.07056
1.04806
1.03446
1.03182
1.03999
1.05683
1.07884
1.10198
1.1225
1.1376
1.1457
1.14639
1.14025
1.12874
1.11399
1.09848
1.08466
1.07447
1.06897
1.06814
1.07112
1.07675
1.084
1.09188
1.09904
1.10372
1.10461
1.1016
1.09586
1.08897
1.08205
1.07565
1.07013
1.0659
1.06326
1.06211
1.06188
1.06161
1.06039
1.05773
1.05401
1.0506
1.04962
1.0531
1.06201
1.07566
1.09179
1.10735
1.11934
1.12559
1.12516
1.11851
1.10744
1.09473
1.08371
1.07739
1.07756
1.084
1.0947
1.10697
1.11857
1.12832
1.13603
1.14221
1.14762
1.15287
1.158
1.16238
1.16473
1.16328
1.15612
1.14198
1.12109
1.09581
1.07021
1.04847
1.033
1.02356
1.01842
1.0161
1.01646
1.02019
1.02765
1.03809
1.04984
1.06102
1.06991
1.07536
1.0773
1.07755
1.07957
1.08673
1.10008
1.11764
1.13592
1.15191
1.16392
1.17123
1.17348
1.17025
1.16119
1.1464
1.12703
1.10533
1.08415
1.06633
1.05452
1.05091
1.05651
1.07019
1.08875
1.10825
1.12542
1.13816
1.14537
1.14662
1.14216
1.13297
1.12092
1.10831
1.09745
1.08997
1.08673
1.08809
1.09416
1.1047
1.11887
1.13522
1.15196
1.16734
1.17987
1.18838
1.19207
1.19054
1.18388
1.17279
1.1587
1.14368
1.13005
1.11987
1.11432
1.11338
1.11596
1.12011
1.12338
1.12334
1.11811
1.10678
1.08953
1.06762
1.04316
1.01884
0.99743
0.981178
0.971381
0.968181
0.970825
0.978067
0.988504
1.00069
1.01309
1.02404
1.03206
1.03633
1.03726
1.03682
1.03798
1.04316
1.05279
1.06503
1.07682
1.08529
1.08839
1.08497
1.07483
1.05862
1.03817
1.01645
0.997413
0.985161
0.982644
0.990305
1.00574
1.02472
1.04285
1.05662
1.06378
1.0633
1.05528
1.04108
1.02317
1.00482
0.989315
0.978942
0.974521
0.975908
0.983018
0.996184
1.01516
1.03771
1.05955
1.07611
1.08435
1.08348
1.07474
1.06069
1.04454
1.02955
1.0186
1.0139
1.01658
1.02633
1.04127
1.05838
1.07433
1.08633
1.09254
1.09213
1.08501
1.07177
1.05367
1.0329
1.0124
0.995448
0.984763
0.981834
0.986688
0.998318
1.01534
1.03652
1.06078
1.087
1.11385
1.13985
1.16341
1.1828
1.19641
1.20305
1.20237
1.19515
1.18316
1.16888
1.15465
1.1418
1.12999
1.11729
1.10121
1.08015
1.05459
1.02736
1.00262
0.98404
0.973586
0.971472
0.976721
0.987699
1.00229
1.01797
1.03204
1.04189
1.04549
1.04181
1.03125
1.01578
0.998466
0.982578
0.970919
0.96556
0.967453
0.976032
0.989411
1.00518
1.02118
1.03598
1.04899
1.06059
1.0716
1.0823
1.0917
1.09767
1.09795
1.0912
1.07764
1.05914
1.03913
1.02212
1.0125
1.01266
1.02167
1.03583
1.05072
1.06285
1.07029
1.0726
1.07043
1.06504
1.05792
1.05063
1.04483
1.04214
1.04376
1.05001
1.06017
1.07266
1.08538
1.0962
1.10335
1.10575
1.10338
1.09749
1.09047
1.08508
1.08321
1.08505
1.08919
1.09368
1.09713
1.09911
1.09999
1.10058
1.10199
1.10539
1.11178
1.12165
1.13478
1.15028
1.16686
1.18301
1.19712
1.20772
1.21384
1.21517
1.21201
1.20484
1.19407
1.18007
1.16332
1.14464
1.1254
1.10745
1.09289
1.08376
1.08134
1.08571
1.09572
1.10944
1.12489
1.14042
1.15455
1.16598
1.17358
1.17663
1.17492
1.16884
1.15912
1.14651
1.1315
1.11445
1.09585
1.07645
1.05722
1.03905
1.02245
1.00753
0.994054
0.981655
0.970026
0.959174
0.949497
0.941754
0.936828
0.935525
0.938479
0.946135
0.95864
0.975614
0.995974
1.01803
1.03985
1.05973
1.07656
1.08984
1.09934
1.10465
1.10505
1.10002
1.09
1.07667
1.06213
1.04776
1.03413
1.0218
1.01203
1.00634
1.00556
1.00948
1.01738
1.02854
1.04203
1.0562
1.06876
1.07775
1.08242
1.08334
1.08211
1.08062
1.08046
1.08265
1.08742
1.09418
1.10155
1.10775
1.11114
1.11061
1.10581
1.09711
1.08546
1.07227
1.05924
1.04809
1.04035
1.03721
1.03927
1.04634
1.05705
1.06915
1.08032
1.08886
1.09371
1.09407
1.08913
1.07837
1.06208
1.0417
1.01965
0.998642
0.980842
0.967271
0.957851
0.952057
0.949659
0.951211
0.95787
0.970742
0.990111
1.01489
1.04247
1.06921
1.09127
1.10563
1.11066
1.10634
1.09429
1.07735
1.059
1.04225
1.02899
1.01987
1.01459
1.01237
1.01248
1.01464
1.01904
1.02585
1.03475
1.04486
1.05484
1.06323
1.0687
1.07031
1.0676
1.06059
1.04998
1.03724
1.0245
1.01417
1.00823
1.00758
1.01178
1.01942
1.02904
1.03974
1.05128
1.06372
1.07703
1.09075
1.10397
1.11539
1.12344
1.12671
1.12454
1.11765
1.10822
1.09877
1.09054
1.08289
1.07432
1.06381
1.05137
1.03791
1.02469
1.01284
1.00299
0.995268
0.989465
0.985375
0.983013
0.982632
0.984502
0.988615
0.994476
1.00103
1.00684
1.01047
1.01122
1.00959
1.00721
1.0061
1.00772
1.01248
1.02012
1.03019
1.04224
1.05572
1.0698
1.08328
1.0949
1.10365
1.10897
1.11095
1.11027
1.10815
1.10616
1.10576
1.10786
1.11258
1.11954
1.12831
1.13866
1.15037
1.16285
1.17499
1.18543
1.19296
1.19685
1.19695
1.19366
1.18776
1.18013
1.17144
1.16209
1.15208
1.14123
1.12928
1.11616
1.10225
1.08857
1.07656
1.06787
1.06421
1.06724
1.07792
1.09543
1.11693
1.13856
1.15698
1.17026
1.17784
1.18002
1.17735
1.17025
1.15883
1.14331
1.1246
1.10489
1.08766
1.07664
1.07367
1.07707
1.08258
1.08572
1.08363
1.07552
1.06229
1.04604
1.02936
1.01464
1.00367
0.997583
0.996985
1.00202
1.01237
1.02703
1.04432
1.06211
1.07852
1.09238
1.10326
1.111
1.11528
1.11563
1.11186
1.10431
1.09399
1.08233
1.07077
1.06026
1.05098
1.04244
1.0339
1.02493
1.01526
1.00487
0.994757
0.988095
0.989992
1.00361
1.02617
1.05058
1.07085
1.08495
1.094
1.10025
1.10569
1.11167
1.1189
1.12732
1.13603
1.1437
1.14899
1.15109
1.14986
1.14594
1.14052
1.13504
1.13043
1.12667
1.12282
1.11771
1.11091
1.10309
1.09592
1.09141
1.0909
1.09436
1.10041
1.10697
1.11208
1.11435
1.11316
1.10877
1.10224
1.09506
1.08862
1.08368
1.08
1.07647
1.07136
1.06298
1.0505
1.03478
1.01857
1.00553
0.998632
0.99896
1.00609
1.01919
1.03765
1.06071
1.08691
1.11365
1.1379
1.15704
1.16951
1.17486
1.17356
1.16678
1.15616
1.14367
1.13146
1.12168
1.11605
1.11532
1.11885
1.12465
1.12998
1.13224
1.12971
1.12189
1.10953
1.09438
1.07898
1.06635
1.05957
1.06056
1.06889
1.08205
1.09731
1.11296
1.12791
1.14113
1.15135
1.15737
1.15839
1.15431
1.14584
1.13446
1.12227
1.11161
1.10441
1.10151
1.10249
1.1061
1.11103
1.11651
1.12248
1.12932
1.13754
1.14726
1.15807
1.16895
1.17854
1.18547
1.1887
1.18775
1.18278
1.17453
1.16419
1.15326
1.14321
1.13496
1.12848
1.1228
1.11658
1.10882
1.09937
1.08913
1.07973
1.0729
1.06973
1.07014
1.07308
1.07696
1.08027
1.08199
1.08165
1.07924
1.0751
1.06973
1.0637
1.05753
1.05173
1.04673
1.04297
1.04083
1.04073
1.0432
1.04865
1.05697
1.06717
1.07745
1.08591
1.09145
1.09412
1.09487
1.09466
1.09369
1.09155
1.08812
1.08442
1.08235
1.08358
1.0883
1.09514
1.10198
1.10711
1.10974
1.10986
1.10793
1.10474
1.10143
1.09944
1.1002
1.10451
1.11194
1.121
1.12972
1.13661
1.14105
1.14324
1.1438
1.14353
1.14313
1.14314
1.14382
1.14518
1.14711
1.14955
1.15254
1.15618
1.16043
1.16489
1.16885
1.17142
1.17181
1.16953
1.16453
1.1569
1.14668
1.1341
1.12014
1.10681
1.09671
1.09158
1.09115
1.09321
1.09498
1.09451
1.09128
1.08571
1.07838
1.06957
1.05943
1.0485
1.03787
1.02891
1.02262
1.01921
1.01834
1.01956
1.02263
1.02737
1.03324
1.03917
1.04391
1.04667
1.04755
1.04764
1.0488
1.05306
1.06191
1.07558
1.09273
1.11087
1.1273
1.13988
1.14744
1.14968
1.14693
1.13993
1.12971
1.11758
1.10503
1.09359
1.08448
1.07827
1.0748
1.07339
1.07328
1.07415
1.07618
1.0797
1.0844
1.08922
1.09299
1.09526
1.09681
1.09922
1.1039
1.11121
1.12028
1.12957
1.13761
1.14345
1.14675
1.1476
1.14638
1.14366
1.14008
1.13629
1.13268
1.12913
1.12489
1.11884
1.10998
1.09775
1.08231
1.06458
1.04637
1.03026
1.01905
1.01472
1.01734
1.02499
1.03473
1.04408
1.05172
1.05756
1.06217
1.06616
1.06983
1.0731
1.0757
1.07739
1.07828
1.07882
1.07986
1.08224
1.08637
1.09182
1.09728
1.10099
1.10162
1.09879
1.09323
1.08631
1.0794
1.07335
1.06873
1.06605
1.06574
1.06762
1.07085
1.07441
1.07756
1.08006
1.08183
1.08262
1.082
1.07988
1.07687
1.07438
1.07409
1.07725
1.08407
1.09344
1.10325
1.11104
1.1146
1.11263
1.10504
1.09314
1.0793
1.06624
1.05597
1.0493
1.04602
1.04553
1.04721
1.05027
1.05336
1.05467
1.05249
1.04584
1.0349
1.02093
1.00591
0.992039
0.981017
0.973805
0.970695
0.971583
0.976289
0.984564
0.995906
1.00938
1.0236
1.03715
1.04894
1.05843
1.06558
1.07053
1.07343
1.07431
1.07312
1.06964
1.06359
1.0549
1.04418
1.03305
1.02393
1.01914
1.02003
1.02658
1.0377
1.05171
1.06666
1.08061
1.09186
1.09921
1.10215
1.10082
1.09572
1.08766
1.07778
1.06772
1.05942
1.05468
1.05445
1.05857
1.06622
1.07676
1.09015
1.10654
1.12545
1.14542
1.16418
1.17927
1.18845
1.19011
1.18363
1.16979
1.15103
1.13112
1.11429
1.10374
1.1003
1.10207
1.10523
1.10561
1.10022
1.08796
1.06955
1.04688
1.0222
0.997479
0.974074
0.952927
0.93492
0.921061
0.912491
0.910306
0.915386
0.928136
0.948234
0.974513
1.005
1.03722
1.06861
1.09694
1.12049
1.13803
1.14888
1.15296
1.15074
1.14312
1.1311
1.1155
1.09708
1.07703
1.05748
1.04152
1.03212
1.03064
1.03576
1.04399
1.05117
1.05404
1.05106
1.0424
1.0296
1.01496
1.00083
0.989084
0.980914
0.976701
0.976117
0.978368
0.982788
0.989355
0.998801
1.01211
1.02956
1.05002
1.071
1.0894
1.10265
1.10928
1.10893
1.10198
1.08927
1.07237
1.05393
1.03764
1.027
1.0239
1.02811
1.03784
1.05036
1.06249
1.07129
1.07471
1.072
1.06371
1.05133
1.03687
1.02241
1.00989
1.00107
0.997621
1.00097
1.01185
1.02958
1.05193
1.07569
1.09771
1.11544
1.12705
1.13124
1.12708
1.11425
1.09352
1.06731
1.03998
1.01693
1.00274
0.999189
1.00486
1.01629
1.02957
1.04164
1.05075
1.0565
1.05943
1.06036
1.05992
1.05822
1.05501
1.05015
1.04391
1.03714
1.03093
1.02611
1.02281
1.02044
1.01826
1.016
1.01417
1.01381
1.01599
1.02143
1.03029
1.04205
1.05578
1.07043
1.08491
1.09811
1.10872
1.11545
1.11744
1.11467
1.10787
1.09839
1.08773
1.07726
1.06793
1.06031
1.0547
1.0512
1.04969
1.04985
1.05148
1.05466
1.05987
1.0677
1.0786
1.09254
1.10903
1.12713
1.14557
1.16281
