           1    0.272623    0.272623           0
           2    0.259602    0.266112  0.00651077
           3    0.265245    0.265823  0.00377011
           4    0.302077    0.274887  0.00944743
           5    0.260247    0.271959  0.00788194
           6    0.256039    0.269305  0.00696109
           7    0.269399    0.269319  0.00588321
           8    0.251847    0.267135  0.00554339
           9    0.279643    0.268525  0.00508252
          10    0.244423    0.266114  0.00514535
          11    0.277588    0.267157   0.0047696
          12    0.270627    0.267447  0.00436362
          13    0.304385    0.270288  0.00491787
          14    0.246932     0.26862  0.00484909
          15     0.28748    0.269877  0.00468608
          16    0.268129    0.269768  0.00438479
          17    0.300604    0.271582  0.00450052
          18    0.230995    0.269327  0.00480503
          19    0.214824    0.266458  0.00537463
          20    0.250995    0.265685  0.00515711
           1    0.546665    0.546665           0
           2    0.535818    0.541242  0.00542334
           3    0.519791    0.534091   0.0078057
           4    0.534969    0.534311  0.00552382
           5    0.530088    0.533466   0.0043613
           6    0.522929     0.53171  0.00397052
           7    0.539294    0.532793  0.00352626
           8    0.540269    0.533728  0.00319361
           9    0.542193    0.534668  0.00296941
          10    0.537375    0.534939  0.00266967
          11    0.515103    0.533136  0.00301384
          12    0.510081    0.531214  0.00335568
          13    0.532395    0.531305  0.00308811
          14    0.544241    0.532229  0.00300463
          15    0.535171    0.532425  0.00280403
          16    0.541828    0.533013  0.00268795
          17    0.552796    0.534177  0.00278016
          18    0.519994    0.533389  0.00273703
          19    0.535539    0.533502  0.00259144
          20    0.520159    0.532835  0.00254737
           1    0.483611    0.483611           0
           2    0.494186    0.488899  0.00528719
           3    0.486137    0.487978  0.00318838
           4    0.485828     0.48744  0.00231773
           5    0.488875    0.487727  0.00181809
           6    0.487624     0.48771  0.00148456
           7    0.485564    0.487404  0.00129159
           8    0.483837    0.486958   0.0012041
           9    0.493522    0.487687  0.00128825
          10    0.488822    0.487801  0.00115782
          11    0.479573    0.487053  0.00128694
          12    0.496485    0.487839  0.00141353
          13    0.492828    0.488223  0.00135573
          14    0.491495    0.488456  0.00127674
          15     0.50534    0.489582  0.00163698
          16    0.477545     0.48883  0.00170608
          17    0.482117    0.488435  0.00165051
          18    0.497808    0.488955  0.00164094
          19    0.493034     0.48917  0.00156695
          20    0.485619    0.488993  0.00149711
           1    0.439487    0.439487           0
           2    0.435194     0.43734  0.00214694
           3    0.438155    0.437612  0.00126892
           4    0.437804     0.43766 0.000898544
           5    0.443698    0.438868  0.00139387
           6    0.443979    0.439719  0.00142159
           7    0.435723    0.439149  0.00133023
           8    0.442337    0.439547  0.00121903
           9    0.439242    0.439513  0.00107561
          10    0.439935    0.439555 0.000962981
          11    0.440533    0.439644 0.000875575
          12    0.441711    0.439817 0.000817631
          13    0.441987    0.439983 0.000770412
          14    0.440752    0.440038 0.000715371
          15    0.433776    0.439621 0.000786011
          16    0.429737    0.439003 0.000960318
          17    0.438796    0.438991 0.000902144
          18    0.440045    0.439049 0.000852565
          19    0.441654    0.439187  0.00081801
          20    0.441982    0.439326 0.000788522
           1    0.384386    0.384386           0
           2    0.388138    0.386262  0.00187594
           3     0.39093    0.387818  0.00189589
           4    0.389536    0.388247  0.00140777
           5    0.389949    0.388588  0.00114235
           6    0.392779    0.389286  0.00116534
           7    0.397964    0.390526  0.00158324
           8    0.390174    0.390482  0.00137183
           9    0.386461    0.390035   0.0012897
          10     0.39058     0.39009  0.00115483
          11    0.382169     0.38937  0.00126872
          12    0.390207    0.389439  0.00116028
          13    0.390178    0.389496  0.00106881
          14    0.385905     0.38924  0.00102223
          15    0.392551     0.38946 0.000976919
          16    0.389922    0.389489  0.00091428
          17    0.394206    0.389767 0.000902522
          18    0.388977    0.389723 0.000852037
          19      0.3904    0.389759 0.000806735
          20    0.396675    0.390104 0.000839842
           1    0.341655    0.341655           0
           2    0.339778    0.340716 0.000938891
           3    0.339323    0.340252 0.000713809
           4    0.337049    0.339451 0.000946595
           5    0.337742    0.339109 0.000809038
           6    0.339358    0.339151 0.000661878
           7    0.342493    0.339628 0.000735484
           8    0.344453    0.340231 0.000877195
           9    0.341257    0.340345 0.000781959
          10    0.334173    0.339728 0.000932789
          11    0.340975    0.339842 0.000851324
          12     0.34226    0.340043  0.00080286
          13    0.343467    0.340306 0.000784084
          14    0.342937    0.340494 0.000749841
          15    0.341417    0.340556  0.00070077
          16    0.340594    0.340558 0.000655514
          17    0.338008    0.340408 0.000633763
          18    0.345342    0.340682 0.000657395
          19    0.338105    0.340547  0.00063646
          20    0.341092    0.340574 0.000604414
           1    0.300336    0.300336           0
           2    0.298556    0.299446 0.000890218
           3    0.295924    0.298272  0.00128143
           4    0.299023     0.29846 0.000925356
           5    0.293304    0.297429  0.00125576
           6    0.298562    0.297617  0.00104256
           7    0.295512    0.297317 0.000931053
           8    0.296594    0.297226 0.000811357
           9    0.300223    0.297559 0.000789246
          10    0.298537    0.297657 0.000712665
          11    0.293044    0.297238 0.000769047
          12    0.296911     0.29721  0.00070257
          13    0.297498    0.297233 0.000646649
          14    0.297386    0.297244 0.000598781
          15    0.295349    0.297117 0.000571562
          16     0.29648    0.297077 0.000536128
          17     0.29235    0.296799 0.000575292
          18    0.298865    0.296914 0.000554399
          19    0.296015    0.296867 0.000526538
          20     0.29915    0.296981 0.000512394
           1    0.259885    0.259885           0
           2    0.256999    0.258442  0.00144303
           3    0.258224    0.258369 0.000836303
           4    0.260945    0.259013 0.000874281
           5    0.257216    0.258654 0.000766655
           6    0.260152    0.258904 0.000673948
           7    0.259912    0.259048 0.000587513
           8    0.258123    0.258932 0.000521751
           9    0.256565    0.258669  0.00053002
          10    0.258227    0.258625 0.000476119
          11    0.259194    0.258677 0.000433767
          12    0.259137    0.258715 0.000397832
          13    0.253997    0.258352 0.000515372
          14    0.259477    0.258432 0.000483863
          15    0.257881    0.258396 0.000451949
          16    0.257361    0.258331 0.000427676
          17    0.256723    0.258236  0.00041272
          18    0.254447    0.258026 0.000442426
          19    0.259527    0.258105 0.000425888
          20    0.258101    0.258105 0.000404033
           1    0.226342    0.226342           0
           2     0.22537    0.225856  0.00048613
           3    0.226048     0.22592 0.000287857
           4    0.223341    0.225275 0.000676041
           5    0.224714    0.225163 0.000535552
           6    0.224458    0.225046 0.000452789
           7    0.227197    0.225353 0.000490855
           8    0.225188    0.225332 0.000425592
           9    0.224487    0.225239 0.000386904
          10    0.224742    0.225189 0.000349604
          11    0.225387    0.225207 0.000316739
          12    0.225049    0.225194  0.00028944
          13    0.225975    0.225254 0.000272944
          14    0.226705    0.225357  0.00027314
          15    0.226398    0.225427 0.000263569
          16    0.224188    0.225349 0.000258427
          17     0.22391    0.225265 0.000257087
          18     0.22591    0.225301 0.000245022
          19    0.226106    0.225343  0.00023561
          20    0.224545    0.225303 0.000227052
           1    0.199235    0.199235           0
           2    0.197111    0.198173  0.00106202
           3    0.195968    0.197438 0.000957231
           4    0.196274    0.197147 0.000736778
           5    0.196804    0.197078 0.000574797
           6    0.197061    0.197075 0.000469329
           7    0.198276    0.197247 0.000432171
           8    0.196002    0.197091 0.000405318
           9     0.19691    0.197071 0.000358027
          10    0.197833    0.197147 0.000329171
          11    0.197976    0.197223 0.000307139
          12    0.196115     0.19713 0.000295172
          13    0.198162     0.19721 0.000282872
          14    0.196989    0.197194 0.000262364
          15    0.197694    0.197227 0.000246515
          16    0.197775    0.197262 0.000233119
          17     0.19969    0.197404 0.000261462
          18    0.199486     0.19752 0.000272296
          19    0.197236    0.197505 0.000257999
          20     0.19801     0.19753 0.000246057
