           1      -1.003      -1.003           0
           2    -1.00296    -1.00298  1.7504e-05
           3    -1.00347    -1.00314 0.000163592
           4    -1.00055     -1.0025 0.000659065
           5    -1.00427    -1.00285 0.000621454
           6    -1.00369    -1.00299 0.000526541
           7    -1.00217    -1.00287 0.000460217
           8    -1.00407    -1.00302 0.000425819
           9    -1.00293    -1.00301 0.000375693
          10    -1.00505    -1.00322  0.00039301
          11    -1.00226    -1.00313 0.000365966
          12    -1.00318    -1.00313 0.000334102
          13   -0.999681    -1.00287 0.000406204
          14    -1.00465      -1.003 0.000397046
          15    -1.00209    -1.00293 0.000374559
          16    -1.00343    -1.00297 0.000351744
          17    -1.00069    -1.00283 0.000356599
          18    -1.00576    -1.00299 0.000373408
          19    -1.00684     -1.0032 0.000407177
          20     -1.0039    -1.00323 0.000387897
           1   -0.929847   -0.929847           0
           2   -0.929396   -0.929622 0.000225252
           3   -0.934443   -0.931229  0.00161243
           4   -0.933197   -0.931721  0.00124178
           5   -0.930632   -0.931503 0.000986218
           6   -0.931147   -0.931444 0.000807424
           7   -0.930578    -0.93132 0.000693504
           8   -0.930594   -0.931229 0.000607411
           9   -0.930714   -0.931172 0.000538742
          10    -0.93082   -0.931137 0.000483154
          11   -0.928756    -0.93092  0.00048771
          12   -0.929085   -0.930767 0.000470752
          13   -0.928979    -0.93063 0.000454364
          14   -0.933846    -0.93086 0.000479298
          15   -0.931853   -0.930926 0.000451087
          16   -0.928721   -0.930788 0.000443892
          17   -0.934304   -0.930995 0.000465442
          18   -0.930422   -0.930963 0.000439973
          19   -0.928668   -0.930842 0.000433345
          20   -0.930766   -0.930838 0.000411125
           1   -0.843113   -0.843113           0
           2   -0.843245   -0.843179  6.5696e-05
           3   -0.844407   -0.843588 0.000410999
           4   -0.844705   -0.843867 0.000403054
           5   -0.843874   -0.843869 0.000312207
           6   -0.845481   -0.844137 0.000370392
           7   -0.845968   -0.844399 0.000407909
           8   -0.844117   -0.844364 0.000355018
           9    -0.84691   -0.844647 0.000422021
          10   -0.845379    -0.84472 0.000384504
          11    -0.84421   -0.844674 0.000350877
          12   -0.846576   -0.844832 0.000357412
          13   -0.845132   -0.844855 0.000329577
          14   -0.845618    -0.84491 0.000309952
          15   -0.847021    -0.84505  0.00032105
          16   -0.846546   -0.845144 0.000314523
          17   -0.844899   -0.845129 0.000295793
          18   -0.846303   -0.845195 0.000286392
          19   -0.845277   -0.845199 0.000270935
          20   -0.844535   -0.845166  0.00025917
           1   -0.767307   -0.767307           0
           2   -0.767089   -0.767198 0.000108972
           3   -0.767603   -0.767333 0.000148985
           4   -0.768188   -0.767547  0.00023835
           5   -0.767114    -0.76746  0.00020397
           6   -0.766506   -0.767301 0.000230265
           7   -0.768552    -0.76748 0.000264188
           8   -0.768237   -0.767575  0.00024757
           9   -0.769168   -0.767752 0.000281131
          10   -0.767389   -0.767715 0.000254051
          11   -0.766691   -0.767622 0.000247963
          12   -0.766874    -0.76756 0.000234801
          13   -0.768152   -0.767605 0.000220729
          14   -0.767108    -0.76757 0.000207419
          15   -0.767382   -0.767557 0.000193502
          16   -0.768396    -0.76761 0.000188434
          17   -0.769127   -0.767699 0.000198224
          18    -0.76645    -0.76763 0.000199353
          19   -0.767771   -0.767637 0.000188717
          20   -0.769686    -0.76774 0.000206284
           1   -0.698662   -0.698662           0
           2   -0.697798    -0.69823 0.000431972
           3    -0.69792   -0.698127 0.000270048
           4    -0.69941   -0.698448 0.000373243
           5   -0.698443   -0.698447 0.000289115
           6   -0.698478   -0.698452 0.000236118
           7   -0.699174   -0.698555 0.000224652
           8   -0.697356   -0.698405 0.000245564
           9   -0.698613   -0.698428 0.000217797
          10    -0.69786   -0.698371 0.000202927
          11   -0.697551   -0.698297 0.000198131
          12   -0.698218    -0.69829 0.000180987
          13   -0.697457   -0.698226 0.000178404
          14   -0.698324   -0.698233 0.000165317
          15   -0.698278   -0.698236 0.000153931
          16   -0.699802   -0.698334 0.000174119
          17   -0.698517   -0.698345 0.000163909
          18   -0.698498   -0.698353  0.00015477
          19   -0.698296    -0.69835 0.000146428
          20   -0.697246   -0.698295 0.000149483
           1   -0.636514   -0.636514           0
           2   -0.637441   -0.636978 0.000463272
           3   -0.637191   -0.637049 0.000276761
           4   -0.638023   -0.637292 0.000312533
           5   -0.638473   -0.637528 0.000338214
           6   -0.636597   -0.637373 0.000316774
           7   -0.638211   -0.637493 0.000293229
           8   -0.637024   -0.637434 0.000260623
           9   -0.636801   -0.637364  0.00024039
          10   -0.636924    -0.63732 0.000219465
          11    -0.63776    -0.63736 0.000202503
          12   -0.636614   -0.637298 0.000195033
          13   -0.637732   -0.637331 0.000182486
          14   -0.637327   -0.637331 0.000168949
          15    -0.63715   -0.637319 0.000157742
          16   -0.636601   -0.637274 0.000154231
          17   -0.637874   -0.637309 0.000149116
          18   -0.635749   -0.637223 0.000165157
          19   -0.637906   -0.637258 0.000160311
          20    -0.63808     -0.6373 0.000157531
           1   -0.584591   -0.584591           0
           2   -0.584455   -0.584523  6.7888e-05
           3   -0.583984   -0.584343 0.000183989
           4   -0.584611    -0.58441 0.000146333
           5   -0.584315   -0.584391 0.000114936
           6   -0.584982    -0.58449 0.000135977
           7   -0.583964   -0.584414 0.000137295
           8   -0.584013   -0.584364 0.000129044
           9   -0.584665   -0.584398 0.000118597
          10   -0.584357   -0.584394 0.000106155
          11   -0.584629   -0.584415 9.83861e-05
          12   -0.585475   -0.584503 0.000125947
          13   -0.584093   -0.584472 0.000120069
          14   -0.585914   -0.584575 0.000151554
          15   -0.584121   -0.584545 0.000144295
          16   -0.584296   -0.584529 0.000135866
          17   -0.582448   -0.584407 0.000176839
          18   -0.584938   -0.584436 0.000169323
          19   -0.584873   -0.584459 0.000161805
          20   -0.584844   -0.584478 0.000154703
           1   -0.540613   -0.540613           0
           2   -0.537914   -0.539264  0.00134958
           3   -0.537238   -0.538589  0.00103097
           4   -0.538088   -0.538463 0.000739657
           5   -0.537341   -0.538239 0.000615325
           6   -0.537987   -0.538197 0.000504163
           7   -0.538601   -0.538255 0.000429991
           8   -0.538237   -0.538253  0.00037239
           9   -0.537121   -0.538127 0.000351665
          10   -0.538755    -0.53819 0.000320745
          11   -0.538951   -0.538259 0.000298273
          12   -0.538198   -0.538254 0.000272333
          13    -0.53838   -0.538263 0.000250698
          14   -0.538035   -0.538247 0.000232675
          15   -0.539452   -0.538327 0.000231017
          16   -0.538006   -0.538307 0.000217031
          17    -0.53906   -0.538352 0.000208614
          18   -0.538245   -0.538346 0.000196772
          19   -0.539321   -0.538397 0.000193082
          20   -0.539106   -0.538432  0.00018657
           1   -0.498501   -0.498501           0
           2   -0.497816   -0.498158 0.000342712
           3   -0.498926   -0.498414 0.000323323
           4   -0.498001   -0.498311 0.000250862
           5   -0.498204    -0.49829 0.000195479
           6   -0.498379   -0.498304 0.000160297
           7   -0.498562   -0.498341 0.000140395
           8   -0.497225   -0.498202 0.000185049
           9    -0.49902   -0.498293 0.000186835
          10   -0.498721   -0.498336 0.000172501
          11   -0.497311   -0.498242 0.000181705
          12   -0.497035   -0.498142  0.00019401
          13   -0.497788   -0.498115 0.000180528
          14   -0.497885   -0.498098 0.000167938
          15   -0.498462   -0.498122 0.000158212
          16   -0.497131    -0.49806  0.00016045
          17   -0.498799   -0.498104 0.000156857
          18   -0.497631   -0.498078 0.000150198
          19   -0.498128    -0.49808 0.000142098
          20   -0.497149   -0.498034 0.000142617
           1   -0.463238   -0.463238           0
           2   -0.462998   -0.463118 0.000119828
           3   -0.463961   -0.463399 0.000289255
           4   -0.462703   -0.463225 0.000268569
           5    -0.46255    -0.46309 0.000248056
           6   -0.463907   -0.463226 0.000244083
           7   -0.463037   -0.463199 0.000208058
           8   -0.464507   -0.463363 0.000243311
           9   -0.463393   -0.463366 0.000214607
          10   -0.462502    -0.46328  0.00021049
          11   -0.462361   -0.463196 0.000207901
          12   -0.462789   -0.463162  0.00019279
          13   -0.463494   -0.463188 0.000179164
          14   -0.463834   -0.463234 0.000172186
          15   -0.462388   -0.463177 0.000169924
          16   -0.462855   -0.463157 0.000160222
          17   -0.463836   -0.463197 0.000155711
          18   -0.462797   -0.463175 0.000148484
          19   -0.462662   -0.463148 0.000143019
          20   -0.463444   -0.463163 0.000136482
