           1    0.920716    0.920716           0
           2    0.880885      0.9008   0.0199152
           3    0.919252    0.906951   0.0130398
           4    0.887078    0.901983   0.0104739
           5    0.914598    0.904506  0.00849629
           6    0.886709     0.90154  0.00754471
           7    0.858326    0.895366  0.00887522
           8    0.861649    0.891152  0.00876585
           9    0.892984    0.891355  0.00773343
          10    0.904987    0.892718  0.00705004
          11    0.851938    0.889011  0.00737634
          12       0.907     0.89051   0.0068985
          13    0.800308    0.883572  0.00940277
          14    0.888175      0.8839  0.00871148
          15    0.884741    0.883956  0.00811014
          16    0.875085    0.883402  0.00760658
          17    0.864067    0.882265  0.00723509
          18    0.912175    0.883926  0.00702079
          19    0.931313     0.88642  0.00709388
          20    0.874716    0.885835  0.00675524
           1    0.509828    0.509828           0
           2    0.471623    0.490725   0.0191026
           3    0.567281    0.516244   0.0277999
           4    0.555243    0.525994   0.0219425
           5    0.522926     0.52538   0.0170077
           6    0.529608    0.526085   0.0139046
           7    0.504484    0.522999   0.0121499
           8    0.502627    0.520452   0.0108259
           9    0.537489    0.522345  0.00973339
          10    0.522615    0.522372  0.00870585
          11    0.519096    0.522075  0.00788037
          12    0.494658     0.51979  0.00754785
          13    0.483415    0.516992  0.00748562
          14    0.565579    0.520462  0.00775074
          15    0.537354    0.521588   0.0073029
          16     0.50103    0.520303  0.00695102
          17    0.521161    0.520354  0.00652954
          18    0.536125     0.52123  0.00621815
          19    0.505848    0.520421  0.00593724
          20    0.519129    0.520356  0.00563293
           1    0.226622    0.226622           0
           2    0.240192    0.233407   0.0067848
           3    0.269174    0.245329   0.0125493
           4    0.267823    0.250953   0.0105056
           5    0.253104    0.251383  0.00814894
           6    0.268894    0.254301  0.00726549
           7     0.25733    0.254734  0.00615568
           8    0.267636    0.256347  0.00556957
           9    0.267923    0.257633  0.00507753
          10    0.263429    0.258213  0.00457832
          11    0.249162     0.25739  0.00422219
          12    0.273144    0.258703  0.00407179
          13     0.24178    0.257401  0.00396525
          14    0.265645     0.25799  0.00371804
          15    0.279808    0.259444   0.0037545
          16    0.276571    0.260515  0.00367151
          17    0.286722    0.262056  0.00377764
          18    0.260777    0.261985   0.0035623
          19    0.268794    0.262344   0.0033886
          20    0.266409    0.262547  0.00322113
           1    0.142358    0.142358           0
           2    0.143341    0.142849   0.0004914
           3    0.135767    0.140489  0.00237785
           4    0.143023    0.141122   0.0017968
           5    0.139436    0.140785  0.00143205
           6    0.150872    0.142466  0.00204781
           7     0.14032     0.14216  0.00175766
           8     0.14663    0.142718  0.00162149
           9    0.166822    0.145397   0.0030361
          10    0.143417    0.145199  0.00272277
          11    0.144452    0.145131  0.00246378
          12    0.138636    0.144589  0.00231332
          13    0.158898     0.14569  0.00239573
          14    0.150085    0.146004  0.00224012
          15    0.150182    0.146283  0.00210396
          16     0.15046    0.146544  0.00198531
          17    0.163095    0.147517  0.00210373
          18    0.134298    0.146783  0.00211501
          19     0.15689    0.147315  0.00207012
          20    0.165163    0.148207  0.00215714
           1   0.0940792   0.0940792           0
           2    0.093922   0.0940006    7.86e-05
           3   0.0990256   0.0956756  0.00167561
           4    0.085922   0.0932372  0.00271102
           5   0.0883792   0.0922656  0.00231383
           6   0.0996016   0.0934883  0.00225036
           7   0.0940212   0.0935644  0.00190342
           8    0.083894   0.0923556  0.00204413
           9   0.0927388   0.0923982  0.00180325
          10   0.0909908   0.0922574  0.00161901
          11   0.0912656   0.0921673  0.00146722
          12   0.0948576   0.0923915  0.00135802
          13   0.0790348    0.091364  0.00161744
          14   0.0931068   0.0914885  0.00150262
          15   0.0950168   0.0917237   0.0014185
          16    0.101844   0.0923562  0.00146993
          17   0.0847936   0.0919114  0.00145065
          18   0.0932364    0.091985  0.00136967
          19   0.0851412   0.0916248  0.00134471
          20   0.0971448   0.0919008  0.00130522
           1   0.0649516   0.0649516           0
           2   0.0671188   0.0660352   0.0010836
           3   0.0671812   0.0664172 0.000733021
           4    0.072766   0.0680044  0.00166969
           5   0.0704604   0.0684956  0.00138347
           6   0.0750644   0.0695904  0.00157308
           7   0.0661688   0.0691016   0.0014165
           8   0.0650744   0.0685982    0.001326
           9   0.0603088   0.0676772  0.00148858
          10      0.0606   0.0669694  0.00150783
          11   0.0625544   0.0665681  0.00142172
          12   0.0636536   0.0663252  0.00132037
          13   0.0679536   0.0664505  0.00122101
          14    0.064574   0.0663164  0.00113835
          15   0.0683644    0.066453  0.00106851
          16   0.0652668   0.0663788  0.00100224
          17   0.0631476   0.0661888 0.000960439
          18    0.067136   0.0662414 0.000907039
          19    0.066422   0.0662509 0.000858025
          20   0.0639072   0.0661337 0.000822386
           1   0.0511008   0.0511008           0
           2    0.050952   0.0510264    7.44e-05
           3   0.0450216   0.0490248  0.00200206
           4   0.0481156   0.0487975   0.0014338
           5   0.0456288   0.0481638  0.00127871
           6   0.0505564   0.0485625  0.00111763
           7    0.050064    0.048777 0.000968614
           8   0.0529408   0.0492975 0.000987193
           9   0.0527088   0.0496765 0.000949552
          10   0.0508428   0.0497932 0.000857276
          11   0.0483516   0.0496621 0.000786431
          12   0.0574064   0.0503075  0.00096534
          13   0.0491056    0.050215 0.000892783
          14   0.0531756   0.0504265  0.00085318
          15   0.0459716   0.0501295 0.000847977
          16   0.0464824   0.0499016 0.000825312
          17   0.0535612   0.0501168  0.00080458
          18   0.0478816   0.0499926 0.000768662
          19   0.0466084   0.0498145 0.000748581
          20   0.0548736   0.0500675 0.000753871
           1   0.0405008   0.0405008           0
           2   0.0372624   0.0388816   0.0016192
           3    0.039194   0.0389857 0.000940627
           4   0.0417356   0.0396732 0.000956557
           5   0.0362652   0.0389916  0.00100677
           6   0.0408328   0.0392985 0.000877432
           7   0.0413036   0.0395849 0.000794966
           8    0.032262   0.0386696  0.00114537
           9   0.0362864   0.0384048  0.00104425
          10   0.0474576     0.03931  0.00130073
          11   0.0398864   0.0393624  0.00117772
          12   0.0387996   0.0393155  0.00107613
          13   0.0390744    0.039297 0.000990072
          14    0.040822   0.0394059 0.000923078
          15   0.0372288   0.0392608  0.00087151
          16   0.0382796   0.0391994 0.000817526
          17   0.0393868   0.0392105 0.000768011
          18   0.0354916   0.0390039 0.000752986
          19   0.0450284   0.0393209 0.000779644
          20   0.0418916   0.0394495 0.000750721
           1   0.0318556   0.0318556           0
           2   0.0307844     0.03132   0.0005356
           3   0.0340764   0.0322388 0.000969441
           4   0.0300132   0.0316824 0.000882887
           5   0.0351424   0.0323744 0.000972912
           6   0.0287336   0.0317676 0.000999622
           7   0.0308748   0.0316401 0.000854408
           8   0.0315832   0.0316329 0.000739973
           9   0.0316196   0.0316315 0.000652597
          10   0.0340304   0.0318714 0.000631074
          11    0.030922   0.0317851 0.000577316
          12   0.0314236   0.0317549 0.000527875
          13   0.0288704    0.031533 0.000533869
          14    0.030252   0.0314415 0.000502665
          15   0.0352564   0.0316959 0.000532601
          16   0.0296132   0.0315657 0.000514926
          17   0.0345628    0.031742 0.000514817
          18     0.03241   0.0317791 0.000486791
          19   0.0348244   0.0319394 0.000487556
          20   0.0330668   0.0319958 0.000465958
           1    0.026224    0.026224           0
           2   0.0264012   0.0263126    8.86e-05
           3   0.0289216   0.0271823  0.00087117
           4   0.0318648   0.0283529  0.00132282
           5   0.0281556   0.0283134  0.00102541
           6   0.0254428    0.027835 0.000964305
           7   0.0287896   0.0279714 0.000826317
           8   0.0297168   0.0281896 0.000748132
           9   0.0258788   0.0279328 0.000707986
          10    0.027788   0.0279183 0.000633407
          11   0.0256928    0.027716 0.000607612
          12    0.026144    0.027585 0.000569931
          13   0.0249568   0.0273828  0.00056189
          14     0.02724   0.0273726 0.000520309
          15   0.0242048   0.0271614 0.000528419
          16   0.0309116   0.0273958 0.000547046
          17   0.0284116   0.0274556 0.000517323
          18    0.027546   0.0274606 0.000487762
          19    0.026162   0.0273923 0.000466412
          20   0.0289432   0.0274698 0.000449221
