         0.5     -1.00323  0.000387897     0.265685   0.00515711     0.885835   0.00675524      90.2414     0.294322
    0.666667    -0.930838  0.000411125     0.532835   0.00254737     0.520356   0.00563293      39.1666       0.2461
    0.833333    -0.845166   0.00025917     0.488993   0.00149711     0.262547   0.00322113      16.0146     0.094004
           1     -0.76774  0.000206284     0.439326  0.000788522     0.148207   0.00215714      8.25111    0.0377882
     1.16667    -0.698295  0.000149483     0.390104  0.000839842    0.0919008   0.00130522      5.07549     0.019327
     1.33333      -0.6373  0.000157531     0.340574  0.000604414    0.0661337  0.000822386      3.50271     0.010076
         1.5    -0.584478  0.000154703     0.296981  0.000512394    0.0500675  0.000753871      2.60194   0.00976625
     1.66667    -0.538432   0.00018657     0.258105  0.000404033    0.0394495  0.000750721      2.02715   0.00582629
     1.83333    -0.498034  0.000142617     0.225303  0.000227052    0.0319958  0.000465958      1.66081   0.00299543
           2    -0.463163  0.000136482      0.19753  0.000246057    0.0274698  0.000449221      1.37998   0.00276637
