           1     89.5858     89.5858           0
           2      90.415     90.0004    0.414637
           3      90.228     90.0763    0.251129
           4     88.1478     89.5942    0.513785
           5     90.4313     89.7616    0.431764
           6     90.7261     89.9223    0.387455
           7     89.6387     89.8818    0.329957
           8     91.6112      90.098    0.358305
           9     89.6271     90.0457    0.320297
          10     91.6844     90.2095    0.330039
          11     89.4367     90.1393    0.306689
          12     89.2913     90.0686    0.288749
          13     88.5464     89.9515    0.290275
          14      91.942     90.0937    0.304035
          15     88.4892     89.9867    0.302579
          16     90.4282     90.0143    0.284378
          17     88.7647     89.9408    0.277056
          18     91.9074     90.0501    0.283139
          19     92.9117     90.2007    0.307266
          20     91.0142     90.2414    0.294322
           1     39.4002     39.4002           0
           2     38.3826     38.8914    0.508795
           3     40.7927     39.5252    0.698549
           4     40.4946     39.7675    0.550209
           5      38.994     39.6128    0.453403
           6     38.5836     39.4413    0.408016
           7     38.9014     39.3641    0.353356
           8     39.3093     39.3573    0.306092
           9     39.3615     39.3578    0.269948
          10     39.3631     39.3583    0.241449
          11     37.5525     39.1941    0.273216
          12     37.9426     39.0898    0.270339
          13     38.2746     39.0271    0.256461
          14     40.3187     39.1194    0.254729
          15     39.6999     39.1581    0.240277
          16     38.1401     39.0945    0.233591
          17     41.9971     39.2652    0.278024
          18     39.3228     39.2684    0.262143
          19     38.0031     39.2018     0.25675
          20     38.4985     39.1666      0.2461
           1     15.3852     15.3852           0
           2     15.8765     15.6308    0.245664
           3     15.5631     15.6083    0.143618
           4     15.8886     15.6784    0.123394
           5     15.2947     15.6016    0.122571
           6     16.1423     15.6917    0.134667
           7     16.1851     15.7622    0.133874
           8     15.9545     15.7863    0.118403
           9     16.7899     15.8978     0.15277
          10     16.0155     15.9095    0.137148
          11     16.0049     15.9182    0.124357
          12     16.6102     15.9759     0.12733
          13     15.8852     15.9689    0.117334
          14     16.2837     15.9914    0.110933
          15     16.9622     16.0561    0.121879
          16     15.6419     16.0302     0.11691
          17     15.8746     16.0211    0.110199
          18     16.1106      16.026    0.104015
          19     16.0205     16.0257   0.0983891
          20     15.8027     16.0146    0.094004
           1     8.08118     8.08118           0
           2     8.04322      8.0622   0.0189812
           3     8.21415     8.11285   0.0518243
           4      8.3276     8.16654    0.065001
           5     8.05788     8.14481    0.054839
           6     8.23897      8.1605   0.0474469
           7     8.17405     8.16244   0.0401466
           8      8.3187     8.18197   0.0398795
           9     8.46715     8.21366   0.0473395
          10     8.23061     8.21535   0.0423756
          11     8.11867     8.20656    0.039325
          12     8.03544      8.1923   0.0386273
          13     8.46869     8.21356   0.0414069
          14     8.13135     8.20769   0.0387824
          15     8.12054     8.20188    0.036569
          16     8.23543     8.20398   0.0342714
          17     8.57456     8.22578   0.0388787
          18     8.26362     8.22788   0.0367154
          19     8.33168     8.23334   0.0351564
          20     8.58863     8.25111   0.0377882
           1     5.15311     5.15311           0
           2     5.03727     5.09519   0.0579213
           3     5.10857     5.09965   0.0337368
           4     4.97908     5.06951   0.0384407
           5     5.11686     5.07898   0.0312457
           6     5.12352      5.0864   0.0265703
           7     5.18305     5.10021   0.0263612
           8     5.04313     5.09307   0.0239184
           9     5.12638     5.09677   0.0214163
          10     4.89339     5.07644    0.027939
          11     5.07139     5.07598   0.0252759
          12     5.21245     5.08735   0.0257241
          13     5.01967     5.08214   0.0242286
          14      4.9528      5.0729   0.0242595
          15     5.13234     5.07687   0.0229293
          16     5.21604     5.08557   0.0231451
          17     5.09001     5.08583   0.0217426
          18     5.00456     5.08131   0.0209904
          19     5.00058     5.07706   0.0203045
          20     5.04552     5.07549    0.019327
           1     3.46369     3.46369           0
           2     3.44768     3.45569   0.0080028
           3     3.53026     3.48055   0.0252845
           4     3.52673     3.49209   0.0212836
           5      3.5402     3.50171   0.0190882
           6     3.48208     3.49844   0.0159252
           7     3.53345     3.50344   0.0143584
           8     3.50802     3.50401   0.0124478
           9     3.47951     3.50129   0.0113107
          10     3.41208     3.49237   0.0134881
          11     3.55144     3.49774     0.01333
          12     3.48513     3.49669   0.0122139
          13     3.56608     3.50203   0.0124387
          14     3.46641     3.49948   0.0117937
          15     3.45074     3.49623   0.0114502
          16     3.59922     3.50267   0.0124961
          17      3.4962     3.50229   0.0117442
          18     3.47874     3.50098   0.0111496
          19     3.51906     3.50193   0.0105893
          20     3.51751     3.50271    0.010076
           1     2.57557     2.57557           0
           2     2.58283      2.5792  0.00362827
           3      2.5614     2.57327  0.00629159
           4     2.58733     2.57678  0.00566995
           5     2.54084     2.56959  0.00842417
           6     2.67448     2.58707   0.0187859
           7     2.61035      2.5904   0.0162214
           8     2.53852     2.58391   0.0154725
           9     2.64567     2.59078   0.0152737
          10     2.60742     2.59244   0.0137622
          11     2.61964     2.59491   0.0126915
          12     2.67686     2.60174   0.0134487
          13      2.6464     2.60518   0.0128392
          14     2.60772     2.60536   0.0118881
          15     2.55169     2.60178   0.0116313
          16     2.61662     2.60271   0.0109196
          17     2.53312     2.59861   0.0110437
          18     2.58627     2.59793   0.0104347
          19      2.6347     2.59986   0.0100582
          20     2.64147     2.60194  0.00976625
           1      2.0597      2.0597           0
           2     2.00851      2.0341    0.025596
           3     2.00152     2.02324   0.0183391
           4     2.03072     2.02511   0.0131017
           5     1.99087     2.01826   0.0122436
           6     2.03206     2.02056    0.010258
           7     2.07551     2.02841   0.0116956
           8     2.05326     2.03152   0.0105943
           9      1.9933     2.02727   0.0102631
          10     2.05175     2.02972  0.00950021
          11     2.04535     2.03114  0.00870987
          12     2.03447     2.03142  0.00795583
          13     2.02746     2.03111  0.00732463
          14     2.03688     2.03153  0.00679379
          15     2.03498     2.03176  0.00632886
          16     2.01144     2.03049  0.00605469
          17     2.00035     2.02871  0.00595721
          18     1.99218     2.02668  0.00597195
          19     2.06255     2.02857  0.00595602
          20     2.00015     2.02715  0.00582629
           1     1.65987     1.65987           0
           2     1.62045     1.64016   0.0197114
           3     1.65432     1.64488    0.012321
           4     1.65792     1.64814   0.0093024
           5     1.65681     1.64987  0.00741151
           6     1.65926     1.65144  0.00625056
           7     1.66683     1.65364  0.00572219
           8     1.66614      1.6552  0.00519619
           9     1.64765     1.65436  0.00465871
          10     1.68766     1.65769  0.00533397
          11     1.65389     1.65735  0.00483711
          12     1.64818     1.65658   0.0044813
          13      1.6686     1.65751  0.00422458
          14     1.66527     1.65806  0.00395032
          15     1.67861     1.65943  0.00392433
          16      1.6621      1.6596  0.00367465
          17     1.66984      1.6602  0.00350395
          18     1.66625     1.66054  0.00332059
          19      1.6666     1.66086  0.00315714
          20     1.66001     1.66081  0.00299543
           1     1.38789     1.38789           0
           2     1.39999     1.39394   0.0060466
           3     1.38421      1.3907  0.00476489
           4     1.37939     1.38787  0.00439838
           5     1.39192     1.38868  0.00350199
           6     1.37668     1.38668  0.00348984
           7     1.37117     1.38446  0.00368877
           8     1.40385     1.38689  0.00400999
           9     1.36991       1.385  0.00400807
          10     1.37035     1.38354  0.00387261
          11     1.36416     1.38178  0.00392076
          12     1.37337     1.38108  0.00364708
          13     1.38151     1.38111  0.00335499
          14     1.37012     1.38032   0.0032037
          15     1.37896     1.38023  0.00298387
          16       1.365     1.37928  0.00294902
          17     1.37715     1.37916  0.00277296
          18     1.36822     1.37855  0.00268403
          19     1.37997     1.37862  0.00253994
          20      1.4058     1.37998  0.00276637
