-5.11782
-5.1043
-5.08735
-5.06881
-5.0484
-5.03243
-5.0223
-5.02014
-5.02442
-5.03261
-5.04321
-5.05183
-5.05752
-5.05896
-5.05452
-5.04822
-5.03941
-5.03282
-5.02852
-5.02758
-5.02841
-5.03118
-5.03351
-5.03593
-5.03682
-5.03687
-5.03841
-5.04172
-5.04676
-5.05222
-5.055
-5.05213
-5.04125
-5.0222
-4.99865
-4.97216
-4.94693
-4.92588
-4.91087
-4.90365
-4.90218
-4.9078
-4.91835
-4.93202
-4.94755
-4.96567
-4.98207
-4.9988
-5.01414
-5.02905
-5.04044
-5.05015
-5.05746
-5.06352
-5.06815
-5.07285
-5.07347
-5.0745
-5.07235
-5.07238
-5.0748
-5.07915
-5.08617
-5.09053
-5.09072
-5.08428
-5.07023
-5.0499
-5.0243
-4.99978
-4.97991
-4.96821
-4.96377
-4.96434
-4.96786
-4.96975
-4.96924
-4.96533
-4.95813
-4.94587
-4.93369
-4.92056
-4.911
-4.90794
-4.91432
-4.92841
-4.94731
-4.96773
-4.98668
-5.00197
-5.01233
-5.01989
-5.02219
-5.02221
-5.01982
-5.01846
-5.01952
-5.02476
-5.03399
-5.0465
-5.06143
-5.07786
-5.09411
-5.10879
-5.12292
-5.13483
-5.14462
-5.15101
-5.15395
-5.15169
-5.14598
-5.13778
-5.12717
-5.11615
-5.10639
-5.09739
-5.08903
-5.07926
-5.06958
-5.05858
-5.04723
-5.03687
-5.02745
-5.02187
-5.02182
-5.02761
-5.03472
-5.04547
-5.05726
-5.06861
-5.07887
-5.08798
-5.09592
-5.10264
-5.10932
-5.11397
-5.11889
-5.12075
-5.12119
-5.12313
-5.12468
-5.12903
-5.13275
-5.13905
-5.14684
-5.15515
-5.16399
-5.17127
-5.17301
-5.16967
-5.15853
-5.14195
-5.12039
-5.09796
-5.07458
-5.0539
-5.03996
-5.03585
-5.04121
-5.05703
-5.07955
-5.10666
-5.13615
-5.1631
-5.18574
-5.20072
-5.20677
-5.20217
-5.18961
-5.16928
-5.14148
-5.1086
-5.07414
-5.04235
-5.01548
-4.99861
-4.9937
-5.00108
-5.01953
-5.04563
-5.07421
-5.10316
-5.12869
-5.14682
-5.15708
-5.15989
-5.15805
-5.15081
-5.14252
-5.13236
-5.1238
-5.11543
-5.10574
-5.09508
-5.08069
-5.0626
-5.04092
-5.01761
-4.9948
-4.97311
-4.95759
-4.94948
-4.9489
-4.95503
-4.96766
-4.98298
-5
-5.01576
-5.03103
-5.04509
-5.05827
-5.07223
-5.08236
-5.09092
-5.09605
-5.09686
-5.09125
-5.08252
-5.07037
-5.05831
-5.04613
-5.03568
-5.02357
-5.01128
-4.99863
-4.98983
-4.99356
-5.0098
-5.03938
-5.07407
-5.10606
-5.12877
-5.13567
-5.12656
-5.10469
-5.07675
-5.04809
-5.02538
-5.00574
-4.98863
-4.97343
-4.96053
-4.9497
-4.94185
-4.93641
-4.9323
-4.92933
-4.92706
-4.92558
-4.92257
-4.91905
-4.91283
-4.90873
-4.90807
-4.91503
-4.92896
-4.94809
-4.96552
-4.97968
-4.98874
-4.99386
-4.9983
-5.00376
-5.01112
-5.02203
-5.03625
-5.05226
-5.06764
-5.08241
-5.09508
-5.10369
-5.11003
-5.11192
-5.10995
-5.1037
-5.09221
-5.0746
-5.05009
-5.0187
-4.98318
-4.94606
-4.9132
-4.88663
-4.87153
-4.86956
-4.87744
-4.89521
-4.91844
-4.94242
-4.96553
-4.98637
-5.00248
-5.01297
-5.01764
-5.01758
-5.01001
-4.99739
-4.98088
-4.96433
-4.95099
-4.94688
-4.95155
-4.96559
-4.98496
-5.00781
-5.03056
-5.05002
-5.06415
-5.07165
-5.0694
-5.05882
-5.03981
-5.01413
-4.98781
-4.96561
-4.94883
-4.94008
-4.93826
-4.94183
-4.94772
-4.95324
-4.96077
-4.96959
-4.98016
-4.99131
-5.00194
-5.0131
-5.02247
-5.03256
-5.03991
-5.04617
-5.04888
-5.04743
-5.04375
-5.03711
-5.02908
-5.01908
-5.00653
-4.99315
-4.97884
-4.96706
-4.95896
-4.95666
-4.96106
-4.97218
-4.98594
-5.00071
-5.01369
-5.0241
-5.03072
-5.03521
-5.03655
-5.038
-5.03807
-5.03578
-5.03053
-5.02411
-5.01596
-5.00505
-4.99263
-4.97982
-4.9675
-4.95738
-4.95246
-4.95214
-4.95957
-4.97603
-5.00045
-5.02856
-5.05768
-5.08832
-5.11602
-5.14177
-5.16267
-5.17787
-5.18625
-5.18583
-5.17884
-5.16491
-5.14676
-5.12388
-5.09939
-5.07726
-5.06103
-5.05559
-5.06022
-5.07296
-5.08798
-5.09904
-5.10385
-5.10096
-5.08968
-5.06883
-5.04019
-5.00633
-4.97172
-4.94328
-4.92864
-4.93303
-4.95431
-4.98724
-5.02239
-5.05308
-5.07721
-5.09319
-5.09994
-5.09718
-5.08775
-5.07624
-5.06293
-5.05219
-5.04665
-5.04743
-5.05547
-5.06965
-5.08575
-5.10259
-5.11675
-5.12571
-5.1281
-5.12269
-5.11408
-5.10319
-5.08743
-5.07154
-5.05719
-5.04693
-5.03932
-5.0365
-5.03728
-5.03883
-5.03665
-5.03167
-5.02248
-5.00995
-4.99781
-4.98865
-4.98448
-4.98489
-4.99242
-5.00378
-5.02028
-5.03824
-5.05711
-5.07565
-5.08948
-5.09515
-5.09216
-5.07991
-5.05951
-5.03604
-5.01626
-5.00424
-5.00186
-5.00911
-5.02335
-5.03831
-5.05146
-5.05802
-5.05805
-5.05281
-5.04303
-5.03534
-5.03468
-5.03969
-5.04555
-5.0511
-5.05388
-5.05318
-5.04989
-5.04622
-5.04401
-5.04437
-5.0473
-5.05312
-5.06215
-5.0749
-5.09171
-5.11435
-5.14332
-5.17403
-5.20322
-5.23039
-5.25225
-5.26683
-5.27373
-5.27243
-5.26102
-5.23899
-5.20599
-5.16445
-5.11608
-5.06604
-5.02374
-4.99493
-4.98232
-4.9833
-4.99094
-5.00132
-5.00423
-4.99954
-4.98617
-4.96717
-4.94648
-4.92687
-4.91319
-4.90782
-4.90894
-4.91512
-4.9247
-4.93596
-4.94697
-4.95758
-4.96751
-4.97873
-4.9909
-5.00234
-5.01641
-5.03062
-5.04825
-5.06394
-5.07896
-5.09418
-5.10783
-5.12167
-5.13313
-5.1423
-5.1507
-5.15991
-5.17113
-5.1841
-5.19682
-5.20995
-5.21843
-5.21883
-5.21009
-5.19366
-5.17067
-5.14472
-5.12096
-5.10046
-5.08277
-5.06711
-5.05303
-5.04158
-5.03216
-5.02339
-5.0158
-5.0081
-5.00207
-4.99502
-4.98902
-4.98238
-4.98114
-4.98924
-5.01196
-5.04887
-5.0982
-5.1498
-5.19759
-5.23559
-5.26266
-5.27711
-5.27851
-5.26907
-5.25075
-5.22737
-5.20239
-5.17915
-5.15943
-5.14435
-5.13413
-5.12938
-5.12897
-5.13037
-5.13067
-5.12891
-5.12304
-5.1143
-5.10228
-5.09165
-5.08229
-5.07502
-5.07064
-5.0676
-5.06643
-5.06414
-5.06596
-5.07152
-5.07925
-5.08852
-5.09844
-5.10632
-5.11166
-5.11287
-5.11013
-5.1048
-5.0977
-5.09153
-5.08713
-5.08772
-5.09418
-5.10493
-5.12163
-5.13819
-5.15703
-5.1735
-5.18577
-5.19448
-5.19996
-5.20337
-5.20688
-5.21211
-5.21841
-5.22509
-5.2306
-5.23216
-5.22701
-5.2158
-5.19591
-5.1699
-5.14309
-5.11422
-5.09084
-5.07592
-5.06819
-5.06814
-5.07183
-5.07752
-5.08058
-5.08171
-5.07887
-5.07565
-5.07309
-5.06981
-5.06746
-5.06544
-5.06287
-5.05887
-5.0518
-5.04651
-5.04195
-5.04136
-5.04888
-5.06502
-5.08861
-5.11534
-5.14111
-5.16425
-5.18282
-5.19487
-5.20014
-5.20072
-5.19633
-5.19077
-5.18228
-5.17303
-5.16206
-5.15087
-5.14096
-5.13454
-5.13094
-5.12909
-5.12707
-5.12533
-5.12065
-5.11306
-5.10583
-5.0987
-5.09425
-5.09438
-5.10061
-5.11324
-5.12902
-5.14704
-5.16241
-5.175
-5.18345
-5.18953
-5.19615
-5.20492
-5.21624
-5.22836
-5.23762
-5.2394
-5.23474
-5.22178
-5.20466
-5.18371
-5.16249
-5.14151
-5.123
-5.1086
-5.09594
-5.08597
-5.07666
-5.0675
-5.05508
-5.04001
-5.02342
-5.00691
-4.99301
-4.9848
-4.98311
-4.98982
-5.00334
-5.02008
-5.03775
-5.05315
-5.06548
-5.0748
-5.07839
-5.07953
-5.07858
-5.08073
-5.08421
-5.09055
-5.0986
-5.10533
-5.10716
-5.10415
-5.09403
-5.07858
-5.05967
-5.04124
-5.02584
-5.01758
-5.01991
-5.03103
-5.04847
-5.06563
-5.08033
-5.08587
-5.08181
-5.06952
-5.05197
-5.03382
-5.02083
-5.01411
-5.01349
-5.02056
-5.02916
-5.04011
-5.04993
-5.05803
-5.06271
-5.06543
-5.06501
-5.06255
-5.05912
-5.05557
-5.051
-5.04729
-5.04427
-5.04244
-5.04138
-5.04127
-5.04276
-5.04321
-5.04332
-5.04448
-5.04571
-5.05017
-5.05586
-5.06187
-5.06906
-5.07353
-5.07432
-5.07134
-5.06384
-5.05733
-5.0553
-5.0624
-5.0786
-5.10133
-5.12544
-5.14755
-5.16029
-5.16445
-5.16101
-5.14704
-5.12625
-5.10168
-5.07259
-5.04486
-5.01975
-5.00126
-4.99229
-4.98962
-4.99135
-4.99466
-4.99844
-5.00126
-5.00629
-5.01575
-5.02954
-5.04673
-5.0631
-5.07769
-5.08777
-5.09612
-5.10347
-5.11133
-5.11826
-5.12274
-5.1242
-5.12097
-5.11286
-5.10536
-5.10413
-5.1078
-5.11215
-5.10957
-5.09747
-5.07474
-5.04697
-5.0192
-5.00282
-5.00416
-5.02147
-5.0494
-5.08016
-5.10879
-5.13175
-5.14845
-5.15778
-5.15838
-5.15095
-5.13218
-5.10745
-5.07947
-5.04933
-5.02287
-5.00591
-5.00228
-5.01008
-5.02975
-5.05519
-5.0812
-5.10532
-5.12238
-5.13359
-5.13945
-5.14044
-5.13956
-5.13821
-5.13605
-5.13103
-5.12329
-5.11272
-5.09705
-5.07994
-5.06152
-5.04361
-5.02747
-5.01388
-5.00173
-4.99301
-4.98434
-4.97907
-4.97503
-4.97001
-4.96454
-4.96046
-4.95895
-4.96403
-4.97399
-4.98748
-4.9983
-5.00567
-5.00752
-5.00735
-5.00445
-4.99833
-4.99087
-4.9812
-4.97204
-4.96411
-4.95701
-4.9514
-4.94697
-4.94147
-4.93569
-4.93039
-4.92843
-4.93155
-4.94177
-4.96128
-4.98856
-5.02059
-5.05088
-5.07673
-5.09525
-5.10685
-5.1114
-5.11073
-5.10423
-5.09634
-5.09121
-5.08752
-5.08417
-5.07625
-5.06389
-5.04368
-5.01711
-4.98964
-4.96273
-4.93949
-4.92005
-4.90739
-4.9048
-4.91523
-4.93778
-4.96792
-4.99774
-5.02306
-5.03998
-5.0481
-5.04785
-5.0421
-5.03454
-5.02881
-5.02382
-5.02558
-5.03189
-5.04235
-5.0572
-5.07264
-5.08885
-5.10479
-5.11962
-5.13167
-5.14062
-5.14743
-5.15385
-5.16074
-5.16657
-5.17101
-5.17051
-5.16379
-5.14883
-5.12645
-5.10031
-5.0747
-5.05014
-5.02559
-4.9995
-4.97074
-4.94034
-4.91216
-4.8862
-4.86652
-4.85541
-4.85544
-4.86444
-4.88398
-4.91014
-4.93945
-4.97078
-4.99963
-5.02652
-5.04829
-5.0649
-5.07791
-5.08741
-5.09353
-5.09682
-5.09773
-5.09415
-5.08533
-5.07232
-5.05409
-5.036
-5.01678
-4.99495
-4.97094
-4.94413
-4.91506
-4.89055
-4.87208
-4.86655
-4.8767
-4.9012
-4.93435
-4.97038
-5.00393
-5.03193
-5.05429
-5.07049
-5.07995
-5.0867
-5.08877
-5.08577
-5.0799
-5.06961
-5.05397
-5.03302
-5.01182
-4.99313
-4.98283
