1.0774
1.06939
1.05789
1.04453
1.03142
1.02078
1.01433
1.01278
1.01564
1.0214
1.02816
1.03411
1.0379
1.03876
1.03661
1.0321
1.02653
1.02144
1.01807
1.01693
1.01769
1.01944
1.02119
1.0223
1.02269
1.02283
1.02356
1.02566
1.02922
1.03316
1.03542
1.0338
1.02695
1.01486
0.998855
0.981197
0.964381
0.950546
0.941045
0.936335
0.936159
0.939907
0.946834
0.956152
0.967008
0.978583
0.990222
1.00148
1.01201
1.02144
1.02944
1.03581
1.04068
1.04442
1.0473
1.04933
1.05025
1.05003
1.0493
1.04922
1.05083
1.05424
1.05841
1.06152
1.06154
1.05695
1.04718
1.03292
1.01616
0.999715
0.986469
0.978268
0.975207
0.975785
0.977826
0.979387
0.979248
0.976843
0.97194
0.964679
0.955855
0.947198
0.941029
0.939394
0.943244
0.952136
0.964528
0.978344
0.991578
1.00268
1.0107
1.01533
1.01687
1.01618
1.01458
1.01358
1.01438
1.01768
1.02352
1.03156
1.04122
1.05177
1.0625
1.07279
1.08221
1.09045
1.09708
1.10154
1.1033
1.10209
1.09819
1.09232
1.08544
1.0784
1.0717
1.06539
1.05921
1.0528
1.04584
1.03831
1.03054
1.02323
1.01736
1.01394
1.0137
1.01675
1.0225
1.02987
1.03773
1.0452
1.05184
1.05761
1.0628
1.06768
1.07223
1.07604
1.07861
1.07996
1.08065
1.08144
1.08278
1.08477
1.08745
1.09105
1.09584
1.10168
1.10767
1.11232
1.11409
1.11186
1.10524
1.09449
1.08042
1.06446
1.04857
1.03499
1.0258
1.02256
1.02603
1.03596
1.05119
1.06976
1.08942
1.10789
1.12308
1.13327
1.1373
1.13473
1.12586
1.1115
1.09277
1.07105
1.04818
1.02648
1.00877
0.997725
0.99496
1.00048
1.01288
1.02998
1.04933
1.06843
1.08494
1.09713
1.10417
1.10625
1.10442
1.10009
1.09457
1.0887
1.08289
1.07711
1.07096
1.06365
1.05435
1.0426
1.02855
1.01311
0.997699
0.98405
0.973802
0.968195
0.967707
0.971893
0.979609
0.989421
1.00006
1.01067
1.02085
1.03042
1.03931
1.04741
1.05446
1.05997
1.06318
1.06332
1.05998
1.05366
1.04567
1.03753
1.03011
1.02314
1.01567
1.00718
0.998743
0.993488
0.995372
1.0067
1.02621
1.04944
1.07087
1.0857
1.0908
1.08513
1.07046
1.05133
1.03283
1.01739
1.00439
0.992785
0.982548
0.974049
0.967337
0.962201
0.958376
0.955633
0.953755
0.952442
0.951251
0.949546
0.946797
0.943156
0.940018
0.939781
0.944524
0.954314
0.966865
0.978984
0.988324
0.994262
0.997679
1.00024
1.00358
1.00879
1.01626
1.02564
1.03611
1.04666
1.05641
1.06465
1.0709
1.07482
1.07628
1.07517
1.0712
1.06385
1.05241
1.03637
1.01585
0.991969
0.967023
0.944109
0.926402
0.916232
0.914415
0.920168
0.931613
0.946493
0.962679
0.978389
0.992178
1.00302
1.01031
1.01373
1.01309
1.00834
0.999929
0.98912
0.978195
0.970009
0.967065
0.97048
0.979638
0.992749
1.00768
1.02245
1.03532
1.04473
1.04933
1.04814
1.04088
1.02821
1.01179
0.994147
0.978242
0.966655
0.960618
0.959606
0.961884
0.965611
0.969893
0.974813
0.980697
0.987441
0.994571
1.00176
1.0089
1.01585
1.02217
1.02727
1.03064
1.03204
1.03148
1.02913
1.0252
1.01985
1.01308
1.00492
0.995594
0.985853
0.977094
0.971093
0.96936
0.972389
0.979398
0.988674
0.998315
1.00687
1.01361
1.01842
1.02152
1.02322
1.02378
1.02333
1.0218
1.019
1.01472
1.00879
1.00131
0.992729
0.983789
0.975473
0.968927
0.965448
0.966242
0.972101
0.983074
0.998446
1.01689
1.03691
1.05713
1.0764
1.09367
1.1079
1.11813
1.12362
1.12394
1.11918
1.1099
1.09709
1.08204
1.06622
1.05157
1.04065
1.03612
1.039
1.04739
1.0574
1.06528
1.06869
1.06656
1.05853
1.04463
1.02544
1.00266
0.979596
0.961044
0.951989
0.955221
0.969707
0.991255
1.01468
1.03574
1.05183
1.06188
1.06588
1.06454
1.05906
1.05109
1.04262
1.03576
1.03227
1.0332
1.03865
1.0479
1.05934
1.07077
1.08001
1.08558
1.08687
1.08407
1.07783
1.06905
1.05875
1.04806
1.03829
1.03075
1.02628
1.0248
1.02522
1.02585
1.025
1.02158
1.01545
1.0075
0.999408
0.993104
0.990119
0.991199
0.996217
1.0045
1.01519
1.02747
1.04035
1.05241
1.06173
1.06621
1.06432
1.05585
1.04245
1.02731
1.01423
1.00631
1.00503
1.00997
1.01915
1.02963
1.03829
1.04277
1.04218
1.03748
1.03127
1.02674
1.026
1.02894
1.03355
1.03745
1.0391
1.03823
1.03564
1.03269
1.03071
1.03055
1.0325
1.03659
1.0429
1.05181
1.06382
1.07922
1.09762
1.11779
1.13785
1.15587
1.17024
1.17996
1.18446
1.18329
1.17588
1.1616
1.1402
1.11241
1.08037
1.04782
1.01962
1.00021
0.991602
0.992254
0.997944
1.00386
1.0063
1.00337
0.994966
0.982505
0.96851
0.955841
0.946819
0.942638
0.943279
0.947803
0.954696
0.962404
0.969843
0.976712
0.983336
0.990213
0.99762
1.00565
1.01432
1.02369
1.03374
1.04419
1.05461
1.06456
1.07376
1.08208
1.08942
1.09584
1.10173
1.10788
1.11516
1.1239
1.13339
1.14184
1.14698
1.14695
1.14092
1.12947
1.11434
1.09785
1.08201
1.06804
1.05624
1.04631
1.03773
1.03009
1.02321
1.01706
1.0116
1.00667
1.00194
0.99714
0.992335
0.98841
0.987591
0.99319
1.00824
1.03334
1.06573
1.10033
1.13218
1.15782
1.17546
1.18459
1.18553
1.17923
1.16722
1.15153
1.13448
1.11828
1.10464
1.09458
1.08847
1.08591
1.08583
1.08677
1.08717
1.0858
1.08198
1.07586
1.06835
1.06085
1.05462
1.05017
1.04725
1.04533
1.04414
1.04392
1.04514
1.04814
1.05289
1.05887
1.06518
1.07073
1.0745
1.07571
1.07418
1.07043
1.06559
1.06118
1.05865
1.05914
1.06325
1.07092
1.08145
1.09359
1.10585
1.11673
1.12521
1.13102
1.13467
1.13725
1.13989
1.14338
1.14778
1.15244
1.15611
1.15725
1.15442
1.14664
1.13378
1.11675
1.09746
1.07862
1.06304
1.05269
1.04804
1.048
1.05056
1.05365
1.05569
1.05594
1.05455
1.05231
1.05009
1.04841
1.04715
1.0458
1.04378
1.04071
1.0366
1.03217
1.02893
1.02894
1.03395
1.04451
1.05953
1.07685
1.09413
1.10945
1.12154
1.12967
1.13368
1.13397
1.13135
1.12683
1.12127
1.11511
1.1085
1.10174
1.09554
1.09076
1.08795
1.08682
1.08628
1.08502
1.0822
1.07784
1.07273
1.06807
1.06521
1.06539
1.06955
1.07777
1.08889
1.1008
1.11135
1.11934
1.12487
1.12913
1.13374
1.13989
1.14754
1.15531
1.16108
1.16288
1.15957
1.15123
1.13901
1.12464
1.10989
1.09611
1.08407
1.07407
1.06603
1.05948
1.05358
1.04717
1.03929
1.02954
1.01838
1.00708
0.997508
0.991635
0.990807
0.995279
1.00409
1.01545
1.02733
1.038
1.04632
1.05173
1.05432
1.05488
1.05475
1.05549
1.05811
1.06254
1.06759
1.07148
1.0725
1.06958
1.06254
1.05203
1.03953
1.02715
1.01738
1.01258
1.01414
1.02175
1.03327
1.04532
1.05441
1.058
1.05509
1.04649
1.0346
1.0227
1.01374
1.00936
1.00965
1.01366
1.02
1.0272
1.03394
1.03934
1.04296
1.04478
1.045
1.04397
1.04199
1.03932
1.03627
1.03319
1.03047
1.02845
1.02734
1.02716
1.02766
1.02836
1.02893
1.0295
1.03073
1.0333
1.03739
1.0424
1.0472
1.05048
1.05121
1.04902
1.04473
1.04049
1.03923
1.04347
1.05396
1.06912
1.08559
1.09973
1.10882
1.1117
1.1084
1.09959
1.08613
1.06905
1.04985
1.03067
1.01393
1.0017
0.994914
0.993035
0.994288
0.996593
0.99861
1.00059
1.00415
1.01085
1.02065
1.03181
1.04232
1.05114
1.05826
1.06423
1.06964
1.07478
1.0794
1.08268
1.08345
1.081
1.0762
1.0719
1.07108
1.07373
1.07643
1.07501
1.06704
1.05249
1.03368
1.01547
1.00426
1.00464
1.01628
1.0348
1.0553
1.07438
1.09009
1.10133
1.10735
1.10765
1.10199
1.09058
1.0743
1.05485
1.03485
1.01762
1.00641
1.00349
1.00929
1.0222
1.03916
1.0567
1.07197
1.08335
1.09052
1.09412
1.09529
1.09511
1.09421
1.09257
1.08962
1.08466
1.07722
1.06737
1.05577
1.04338
1.03124
1.02018
1.01072
1.00302
0.997003
0.992432
0.988922
0.985927
0.982884
0.979535
0.976513
0.97551
0.978291
0.984929
0.993318
1.00073
1.00554
1.00758
1.00737
1.00533
1.00166
0.996486
0.990239
0.983732
0.977842
0.97311
0.969469
0.966311
0.962945
0.959197
0.955761
0.954157
0.956337
0.96396
0.977568
0.996057
1.0169
1.0371
1.05423
1.06688
1.07451
1.07724
1.07579
1.07156
1.0665
1.06237
1.05961
1.05687
1.05179
1.04255
1.02877
1.01156
0.992845
0.974606
0.958408
0.945552
0.937617
0.936597
0.94395
0.958982
0.978469
0.998146
1.01452
1.0256
1.03081
1.03075
1.02701
1.02188
1.01765
1.01594
1.01731
1.02172
1.02879
1.03799
1.04859
1.05969
1.07042
1.08001
1.08794
1.0941
1.09885
1.10293
1.10702
1.1111
1.11416
1.11444
1.11005
1.09998
1.08496
1.06743
1.04996
1.03328
1.01641
0.998313
0.978942
0.959076
0.93989
0.922883
0.909865
0.902661
0.90248
0.909387
0.922313
0.939451
0.958885
0.978967
0.998404
1.01612
1.03124
1.04322
1.052
1.05803
1.06201
1.0644
1.06501
1.06302
1.05765
1.04888
1.03763
1.02507
1.01175
0.997296
0.981089
0.963116
0.944545
0.927699
0.915792
0.912205
0.918871
0.934902
0.956895
0.980717
1.00308
1.02205
1.03686
1.04755
1.05457
1.05836
1.05934
1.05774
1.05353
1.04636
1.03593
1.02257
1.00804
0.995584
0.988717
