-3.50173
-3.50022
-3.50052
-3.50202
-3.50127
-3.50127
-3.50081
-3.50096
-3.50097
-3.50051
-3.50097
-3.50067
-3.50067
-3.50082
-3.49961
-3.50006
-3.49961
-3.50066
-3.50142
-3.50218
-3.50187
-3.50203
-3.50172
-3.50248
-3.50278
-3.50263
-3.50308
-3.50323
-3.50293
-3.50248
-3.50188
-3.50143
-3.50082
-3.49991
-3.50036
-3.50036
-3.50036
-3.50006
-3.4993
-3.49915
-3.49794
-3.49794
-3.49809
-3.49779
-3.49704
-3.4978
-3.49674
-3.49659
-3.49614
-3.49689
-3.49629
-3.49644
-3.49644
-3.49689
-3.49719
-3.49885
-3.4981
-3.49946
-3.4984
-3.49855
-3.49855
-3.49779
-3.49855
-3.49825
-3.4984
-3.49886
-3.49946
-3.50052
-3.50006
-3.50021
-3.50021
-3.50081
-3.50096
-3.50066
-3.50112
-3.50067
-3.50037
-3.50006
-3.50022
-3.49886
-3.49991
-3.49976
-3.49945
-3.49885
-3.49945
-3.50021
-3.50051
-3.50021
-3.49931
-3.49795
-3.49629
-3.49689
-3.49689
-3.49795
-3.49795
-3.4981
-3.49794
-3.49825
-3.4987
-3.49915
-3.49961
-3.50021
-3.50036
-3.49961
-3.49961
-3.49915
-3.499
-3.4987
-3.499
-3.49855
-3.4987
-3.4993
-3.499
-3.49855
-3.49885
-3.4993
-3.50021
-3.50006
-3.50082
-3.50112
-3.50142
-3.50202
-3.50142
-3.50096
-3.50127
-3.50248
-3.50097
-3.50066
-3.50067
-3.50082
-3.50112
-3.50157
-3.50172
-3.50112
-3.50097
-3.49991
-3.50097
-3.50082
-3.50021
-3.50097
-3.50051
-3.50187
-3.50157
-3.50248
-3.50308
-3.50263
-3.50248
-3.50278
-3.50188
-3.50188
-3.50067
-3.50021
-3.49976
-3.50127
-3.50172
-3.50142
-3.50126
-3.50202
-3.50217
-3.50308
-3.50278
-3.50202
-3.50202
-3.50127
-3.50112
-3.50082
-3.50082
-3.50007
-3.50082
-3.50203
-3.50233
-3.50203
-3.50187
-3.50263
-3.50232
-3.50202
-3.50126
-3.50036
-3.50021
-3.50067
-3.50021
-3.50052
-3.50128
-3.50112
-3.50082
-3.50052
-3.50142
-3.50067
-3.50067
-3.49931
-3.49946
-3.49976
-3.49931
-3.49961
-3.49916
-3.4987
-3.4981
-3.49795
-3.49825
-3.49704
-3.49688
-3.49719
-3.49734
-3.49719
-3.49825
-3.49885
-3.49991
-3.49976
-3.49976
-3.49946
-3.49931
-3.50112
-3.50067
-3.50097
-3.50127
-3.50188
-3.50127
-3.50203
-3.50187
-3.50202
-3.50097
-3.50097
-3.50006
-3.50051
-3.50051
-3.4996
-3.50051
-3.49975
-3.50006
-3.49991
-3.49976
-3.50022
-3.49947
-3.49886
-3.49901
-3.49976
-3.49885
-3.4993
-3.49915
-3.49946
-3.49961
-3.49946
-3.4987
-3.49855
-3.49885
-3.49885
-3.4987
-3.4984
-3.4987
-3.49825
-3.49885
-3.4981
-3.4987
-3.49839
-3.49824
-3.49749
-3.4978
-3.49704
-3.49719
-3.49734
-3.49734
-3.49795
-3.4984
-3.49794
-3.49764
-3.49779
-3.4981
-3.49764
-3.49779
-3.4981
-3.49734
-3.4978
-3.49749
-3.49719
-3.49689
-3.49644
-3.49598
-3.49553
-3.49493
-3.49523
-3.49553
-3.49703
-3.49703
-3.49718
-3.49794
-3.49718
-3.49779
-3.4987
-3.4984
-3.49795
-3.4981
-3.49795
-3.4975
-3.49705
-3.49795
-3.4975
-3.4975
-3.49719
-3.49704
-3.49598
-3.49628
-3.49583
-3.49613
-3.49583
-3.49629
-3.49689
-3.49704
-3.49705
-3.49765
-3.4972
-3.4975
-3.4975
-3.49644
-3.49659
-3.49824
-3.49885
-3.49915
-3.49885
-3.499
-3.49931
-3.4984
-3.49855
-3.49855
-3.499
-3.49946
-3.4993
-3.49976
-3.4987
-3.4993
-3.499
-3.50021
-3.50082
-3.50021
-3.50006
-3.49931
-3.49931
-3.49946
-3.49915
-3.49976
-3.50006
-3.50142
-3.50232
-3.50262
-3.50247
-3.50308
-3.50293
-3.50323
-3.50339
-3.50369
-3.50308
-3.50293
-3.50172
-3.50233
-3.50308
-3.50308
-3.50203
-3.50203
-3.50278
-3.50308
-3.50354
-3.50414
-3.50429
-3.50399
-3.50429
-3.50278
-3.50142
-3.50142
-3.50278
-3.50323
-3.50233
-3.50263
-3.50142
-3.50127
-3.50082
-3.50067
-3.50082
-3.49991
-3.50006
-3.50006
-3.50112
-3.50082
-3.50006
-3.49991
-3.50006
-3.50141
-3.50172
-3.50187
-3.50188
-3.50112
-3.50082
-3.50112
-3.50188
-3.50188
-3.50203
-3.50233
-3.50232
-3.50171
-3.50065
-3.5002
-3.49975
-3.50036
-3.50036
-3.49946
-3.49946
-3.50037
-3.50112
-3.50036
-3.49915
-3.49961
-3.499
-3.49854
-3.49824
-3.49764
-3.49749
-3.49779
-3.49673
-3.49643
-3.49674
-3.49734
-3.49779
-3.49658
-3.49734
-3.49961
-3.4993
-3.49945
-3.49975
-3.50081
-3.4999
-3.4993
-3.49945
-3.50006
-3.49915
-3.4993
-3.4993
-3.4987
-3.49869
-3.499
-3.4993
-3.49809
-3.49809
-3.49703
-3.49749
-3.49704
-3.49658
-3.49704
-3.49689
-3.49583
-3.49568
-3.49614
-3.49583
-3.49507
-3.49492
-3.49477
-3.49431
-3.49416
-3.49462
-3.49387
-3.49402
-3.49387
-3.49478
-3.49659
-3.49613
-3.49522
-3.49568
-3.49628
-3.49523
-3.49493
-3.49523
-3.49583
-3.49643
-3.49719
-3.49794
-3.49855
-3.49855
-3.49825
-3.49779
-3.49719
-3.49598
-3.49553
-3.49689
-3.49734
-3.49644
-3.49659
-3.49689
-3.49689
-3.49704
-3.4975
-3.4972
-3.49659
-3.49569
-3.49584
-3.49553
-3.49432
-3.49431
-3.49461
-3.49492
-3.49492
-3.49402
-3.49554
-3.49478
-3.49448
-3.49372
-3.49342
-3.49372
-3.49311
-3.49296
-3.49386
-3.49402
-3.49341
-3.49266
-3.49236
-3.49221
-3.49251
-3.49251
-3.49341
-3.49447
-3.49387
-3.49492
-3.49507
-3.49764
-3.49764
-3.49704
-3.49734
-3.49719
-3.49855
-3.499
-3.49855
-3.4981
-3.4981
-3.4984
-3.49825
-3.49674
-3.49719
-3.49795
-3.49841
-3.49871
-3.49946
-3.49916
-3.49795
-3.49795
-3.4984
-3.4984
-3.49765
-3.49644
-3.49644
-3.49734
-3.4978
-3.4984
-3.4981
-3.49916
-3.49931
-3.50052
-3.49976
-3.49976
-3.49945
-3.4996
-3.49885
-3.49961
-3.49931
-3.49931
-3.49886
-3.49947
-3.50022
-3.50022
-3.50022
-3.49991
-3.50006
-3.50067
-3.50172
-3.50248
-3.50248
-3.50142
-3.50052
-3.50022
-3.50022
-3.49992
-3.50022
-3.50007
-3.50052
-3.49976
-3.50037
-3.50036
-3.49976
-3.49976
-3.49961
-3.50022
-3.49825
-3.49825
-3.49931
-3.49991
-3.50022
-3.50067
-3.50022
-3.49992
-3.49931
-3.49886
-3.49916
-3.49931
-3.49976
-3.49916
-3.49901
-3.49931
-3.49855
-3.49946
-3.4978
-3.49825
-3.49841
-3.49795
-3.49795
-3.49795
-3.4975
-3.49704
-3.49704
-3.49674
-3.49644
-3.49644
-3.49629
-3.49539
-3.49584
-3.49523
-3.49478
-3.49689
-3.49629
-3.49628
-3.49689
-3.49613
-3.49614
-3.49599
-3.49705
-3.49705
-3.4978
-3.49705
-3.4972
-3.49795
-3.4972
-3.49674
-3.49674
-3.4972
-3.4978
-3.49689
-3.49825
-3.49855
-3.49795
-3.49794
-3.49825
-3.49931
-3.50007
-3.49992
-3.50007
-3.50052
-3.50037
-3.49961
-3.49977
-3.49931
-3.50052
-3.50037
-3.50037
-3.49931
-3.49826
-3.49765
-3.49841
-3.49901
-3.49886
-3.49765
-3.49781
-3.49735
-3.49629
-3.49675
-3.49659
-3.49644
-3.49629
-3.49629
-3.49659
-3.49569
-3.49584
-3.49539
-3.49599
-3.49614
-3.49584
-3.49554
-3.49508
-3.49493
-3.49539
-3.496
-3.49509
-3.49539
-3.49494
-3.49615
-3.49675
-3.49765
-3.49735
-3.4969
-3.4975
-3.4969
-3.49675
-3.4963
-3.49675
-3.49615
-3.4957
-3.49584
-3.4963
-3.49675
-3.49735
-3.4969
-3.4969
-3.4972
-3.4969
-3.49675
-3.49615
-3.496
-3.49721
-3.4969
-3.4972
-3.49645
-3.4975
-3.49705
-3.49675
-3.4972
-3.49811
-3.49841
-3.49977
-3.50023
-3.50053
-3.50037
-3.50052
-3.49976
-3.4987
-3.4987
-3.4984
-3.49856
-3.49766
-3.49872
-3.49887
-3.49917
-3.49977
-3.50007
-3.49977
-3.50022
-3.50007
-3.49901
-3.50007
-3.49916
-3.49932
-3.49901
-3.49902
-3.49826
-3.49826
-3.4975
-3.4966
-3.49614
-3.4966
-3.4966
-3.4975
-3.49856
-3.49977
-3.50037
-3.50052
-3.50128
-3.50068
-3.49992
-3.50022
-3.49962
-3.50022
-3.49977
-3.49826
-3.49826
-3.49781
-3.49751
-3.49781
-3.49675
-3.4966
-3.49644
-3.4972
-3.49765
-3.49765
-3.49705
-3.49796
-3.49706
-3.4969
-3.49841
-3.49766
-3.49705
-3.49811
-3.49781
-3.49886
-3.49886
-3.49871
-3.49992
-3.50007
-3.49992
-3.49977
-3.50053
-3.50037
-3.50007
-3.49947
-3.49856
-3.49902
-3.49962
-3.50098
-3.50038
-3.49977
-3.49902
-3.49917
-3.49917
-3.49872
-3.49902
-3.49947
-3.49856
-3.4975
-3.4975
-3.49721
-3.49751
-3.49706
-3.49691
-3.496
-3.49645
-3.49599
-3.49644
-3.4972
-3.49705
-3.4972
-3.49721
-3.49721
-3.49661
-3.49645
-3.49676
-3.49691
-3.49797
-3.4963
-3.496
-3.4972
-3.49705
-3.49644
-3.49629
-3.49704
-3.49614
-3.49644
-3.49645
-3.49615
-3.49736
-3.49736
-3.49781
-3.49826
-3.4975
-3.4969
-3.4969
-3.4972
-3.4966
-3.4963
-3.4969
-3.49599
-3.49629
-3.49644
-3.49674
-3.4972
-3.4978
-3.4972
-3.4975
-3.49569
-3.49569
-3.49614
-3.49569
-3.49524
-3.49569
-3.49569
-3.49659
-3.49659
-3.4975
-3.4972
-3.49735
-3.49614
-3.49629
-3.49645
-3.49584
-3.49614
-3.49584
-3.49644
-3.49735
-3.49735
-3.4972
-3.4975
-3.49705
-3.4969
-3.49674
-3.4972
-3.49704
-3.49583
-3.49493
-3.49448
-3.49524
-3.49524
-3.49539
-3.49494
-3.49509
-3.49554
-3.49705
-3.4969
-3.49659
-3.49765
-3.4981
-3.49886
-3.49856
-3.50007
-3.50052
-3.49977
-3.50037
-3.50082
-3.50188
-3.50173
-3.50097
-3.49991
-3.4993
-3.49931
-3.50022
-3.50052
-3.50128
-3.50158
-3.50188
-3.50173
-3.50158
-3.50173
-3.50233
-3.49991
-3.49961
-3.49931
-3.49916
-3.50021
-3.49976
-3.49931
-3.49916
-3.49961
-3.49976
-3.49946
-3.49916
-3.49946
-3.50021
-3.49991
-3.49976
-3.49886
-3.49871
-3.49886
-3.49901
-3.49916
-3.49976
-3.50022
-3.50097
-3.50203
-3.50233
-3.50172
-3.50233
-3.50187
-3.50172
-3.50142
-3.50172
-3.50036
-3.50051
-3.50097
-3.50112
-3.50233
-3.50203
-3.50233
-3.50142
-3.50006
-3.49991
-3.50037
-3.50052
-3.50021
-3.50022
-3.49961
-3.49886
-3.49901
-3.49764
-3.4984
-3.49916
-3.49901
-3.49931
-3.49946
-3.49825
-3.499
-3.49839
-3.49824
-3.49839
-3.49885
-3.499
-3.49931
-3.49931
-3.49886
-3.49901
-3.49916
-3.4981
-3.49916
-3.49976
-3.49916
-3.49961
-3.50007
-3.50007
-3.49916
-3.49976
-3.49976
-3.49976
