1.61609
1.60408
1.58683
1.56679
1.54713
1.53116
1.52149
1.51918
1.52346
1.5321
1.54224
1.55116
1.55685
1.55814
1.55491
1.54816
1.5398
1.53216
1.5271
1.5254
1.52654
1.52916
1.53179
1.53345
1.53403
1.53424
1.53533
1.53849
1.54383
1.54974
1.55312
1.5507
1.54043
1.52228
1.49828
1.4718
1.44657
1.42582
1.41157
1.4045
1.40424
1.40986
1.42025
1.43423
1.45051
1.46787
1.48533
1.50221
1.51801
1.53216
1.54415
1.55371
1.56103
1.56663
1.57096
1.574
1.57537
1.57504
1.57395
1.57384
1.57625
1.58136
1.58762
1.59228
1.59232
1.58543
1.57077
1.54938
1.52424
1.49957
1.4797
1.4674
1.46281
1.46368
1.46674
1.46908
1.46887
1.46526
1.45791
1.44702
1.43378
1.4208
1.41154
1.40909
1.41487
1.4282
1.44679
1.46752
1.48737
1.50402
1.51605
1.52299
1.5253
1.52426
1.52187
1.52036
1.52157
1.52652
1.53529
1.54735
1.56183
1.57765
1.59375
1.60918
1.62332
1.63567
1.64562
1.65231
1.65494
1.65314
1.64728
1.63848
1.62817
1.61761
1.60754
1.59808
1.58882
1.5792
1.56876
1.55746
1.54582
1.53485
1.52603
1.52091
1.52055
1.52513
1.53375
1.54481
1.55659
1.5678
1.57775
1.58641
1.59419
1.60152
1.60835
1.61405
1.61792
1.61993
1.62097
1.62216
1.62417
1.62716
1.63118
1.63657
1.64376
1.65252
1.66151
1.66849
1.67113
1.66779
1.65787
1.64174
1.62063
1.59669
1.57286
1.55248
1.53869
1.53384
1.53904
1.55395
1.57678
1.60464
1.63412
1.66183
1.68462
1.6999
1.70595
1.7021
1.68879
1.66725
1.63915
1.60657
1.57226
1.53972
1.51316
1.49659
1.49244
1.50072
1.51932
1.54497
1.57399
1.60264
1.62742
1.6457
1.65626
1.65937
1.65663
1.65014
1.64185
1.63305
1.62434
1.61567
1.60643
1.59548
1.58153
1.5639
1.54283
1.51966
1.49655
1.47607
1.4607
1.45229
1.45156
1.45784
1.46941
1.48413
1.50009
1.516
1.53127
1.54563
1.55897
1.57111
1.58169
1.58995
1.59477
1.59498
1.58997
1.5805
1.5685
1.55629
1.54516
1.53471
1.52351
1.51077
1.49811
1.49023
1.49306
1.51005
1.53932
1.57416
1.6063
1.62855
1.6362
1.6277
1.60568
1.57699
1.54924
1.52608
1.50658
1.48918
1.47382
1.46107
1.451
1.4433
1.43756
1.43345
1.43063
1.42866
1.42688
1.42432
1.42019
1.41473
1.41003
1.40967
1.41679
1.43147
1.4503
1.46848
1.48249
1.49139
1.49652
1.50036
1.50537
1.51318
1.52439
1.53845
1.55416
1.57
1.58462
1.59698
1.60635
1.61223
1.61442
1.61275
1.60681
1.59577
1.57862
1.55456
1.52377
1.48795
1.45053
1.41616
1.3896
1.37435
1.37162
1.38025
1.39742
1.41974
1.44402
1.46758
1.48827
1.50453
1.51547
1.5206
1.51963
1.51251
1.49989
1.48368
1.46729
1.45501
1.4506
1.45572
1.46946
1.48912
1.51152
1.53367
1.55298
1.5671
1.574
1.57221
1.56132
1.54231
1.51769
1.49122
1.46736
1.44998
1.44093
1.43941
1.44283
1.44842
1.45484
1.46222
1.47105
1.48116
1.49186
1.50263
1.51335
1.52377
1.53326
1.54091
1.54596
1.54806
1.54721
1.54369
1.5378
1.52977
1.51962
1.50737
1.49339
1.47878
1.46564
1.45664
1.45404
1.45858
1.4691
1.48301
1.49747
1.5103
1.52041
1.52763
1.53227
1.53482
1.53567
1.53499
1.53269
1.52851
1.52208
1.51318
1.50196
1.48909
1.47568
1.46321
1.45339
1.44817
1.44936
1.45815
1.47461
1.49767
1.52533
1.55536
1.58569
1.61459
1.6405
1.66185
1.6772
1.68543
1.68592
1.67877
1.66485
1.64564
1.62306
1.59933
1.57735
1.56097
1.55418
1.5585
1.57108
1.5861
1.59792
1.60303
1.59983
1.5878
1.56695
1.53816
1.504
1.46939
1.44157
1.42798
1.43283
1.45456
1.48688
1.52203
1.55362
1.57775
1.59282
1.59882
1.59682
1.58859
1.57663
1.56394
1.55364
1.54841
1.5498
1.55798
1.57186
1.58901
1.60615
1.62002
1.62837
1.63031
1.6261
1.61674
1.60358
1.58812
1.57209
1.55743
1.54612
1.53942
1.53719
1.53783
1.53877
1.5375
1.53237
1.52317
1.51125
1.49911
1.48966
1.48518
1.4868
1.49433
1.50675
1.52279
1.5412
1.56052
1.57861
1.59259
1.59931
1.59647
1.58378
1.56368
1.54097
1.52134
1.50947
1.50754
1.51495
1.52873
1.54444
1.55744
1.56415
1.56327
1.55622
1.5469
1.54011
1.53901
1.5434
1.55032
1.55617
1.55865
1.55734
1.55346
1.54904
1.54607
1.54582
1.54875
1.55488
1.56436
1.57772
1.59573
1.61883
1.64644
1.67669
1.70678
1.7338
1.75536
1.76994
1.77669
1.77493
1.76382
1.7424
1.7103
1.66861
1.62055
1.57173
1.52942
1.50032
1.4874
1.48838
1.49692
1.50578
1.50945
1.50506
1.49245
1.47376
1.45276
1.43376
1.42023
1.41396
1.41492
1.4217
1.43204
1.44361
1.45476
1.46507
1.475
1.48532
1.49643
1.50847
1.52149
1.53554
1.5506
1.56629
1.58191
1.59683
1.61064
1.62312
1.63412
1.64375
1.6526
1.66182
1.67273
1.68586
1.70009
1.71276
1.72047
1.72042
1.71138
1.6942
1.67151
1.64677
1.62302
1.60206
1.58437
1.56946
1.55659
1.54514
1.53481
1.52559
1.5174
1.51
1.50291
1.49571
1.4885
1.48262
1.48139
1.48978
1.51235
1.55002
1.59859
1.65049
1.69827
1.73673
1.7632
1.77689
1.77829
1.76885
1.75084
1.7273
1.70172
1.67742
1.65695
1.64188
1.63271
1.62886
1.62875
1.63015
1.63075
1.6287
1.62298
1.61378
1.60252
1.59128
1.58193
1.57526
1.57088
1.56799
1.56621
1.56589
1.56771
1.57221
1.57933
1.5883
1.59777
1.6061
1.61174
1.61356
1.61127
1.60564
1.59839
1.59177
1.58798
1.58871
1.59487
1.60638
1.62217
1.64039
1.65878
1.6751
1.68781
1.69653
1.70201
1.70587
1.70984
1.71507
1.72167
1.72865
1.73416
1.73587
1.73163
1.71996
1.70068
1.67512
1.64619
1.61793
1.59456
1.57904
1.57206
1.572
1.57585
1.58047
1.58353
1.58391
1.58182
1.57846
1.57514
1.57262
1.57072
1.56869
1.56567
1.56107
1.5549
1.54826
1.5434
1.54341
1.55093
1.56677
1.5893
1.61528
1.6412
1.66418
1.6823
1.6945
1.70052
1.70095
1.69702
1.69025
1.68191
1.67266
1.66275
1.65261
1.64331
1.63614
1.63193
1.63023
1.62942
1.62753
1.6233
1.61676
1.60909
1.6021
1.59781
1.59809
1.60433
1.61665
1.63333
1.6512
1.66702
1.67901
1.6873
1.69369
1.70062
1.70984
1.72131
1.73297
1.74162
1.74431
1.73935
1.72684
1.70851
1.68696
1.66483
1.64416
1.6261
1.6111
1.59904
1.58923
1.58036
1.57075
1.55893
1.54431
1.52757
1.51062
1.49626
1.48745
1.48621
1.49292
1.50614
1.52318
1.541
1.55701
1.56948
1.5776
1.58149
1.58232
1.58213
1.58323
1.58716
1.59381
1.60139
1.60722
1.60875
1.60438
1.59381
1.57805
1.5593
1.54072
1.52607
1.51887
1.52121
1.53262
1.54991
1.56797
1.58161
1.587
1.58264
1.56974
1.5519
1.53405
1.52061
1.51405
1.51448
1.52049
1.53
1.5408
1.55092
1.55901
1.56445
1.56717
1.56751
1.56596
1.56298
1.55898
1.5544
1.54978
1.54571
1.54267
1.54101
1.54074
1.54148
1.54253
1.5434
1.54426
1.54609
1.54995
1.55609
1.56361
1.5708
1.57572
1.57681
1.57353
1.56709
1.56074
1.55885
1.56521
1.58095
1.60368
1.62839
1.64959
1.66323
1.66754
1.66259
1.64939
1.62919
1.60357
1.57478
1.546
1.5209
1.50255
1.49237
1.48955
1.49143
1.49489
1.49792
1.50089
1.50622
1.51628
1.53098
1.54771
1.56348
1.57671
1.58739
1.59635
1.60446
1.61216
1.61909
1.62402
1.62518
1.6215
1.6143
1.60786
1.60662
1.6106
1.61464
1.61251
1.60056
1.57874
1.55052
1.52321
1.50638
1.50696
1.52442
1.5522
1.58295
1.61158
1.63514
1.652
1.66103
1.66147
1.65299
1.63587
1.61145
1.58227
1.55228
1.52643
1.50962
1.50523
1.51394
1.5333
1.55875
1.58506
1.60796
1.62502
1.63578
1.64119
1.64293
1.64266
1.64131
1.63885
1.63443
1.62699
1.61582
1.60106
1.58365
1.56507
1.54687
1.53028
1.51608
1.50453
1.49551
1.48865
1.48338
1.47889
1.47433
1.4693
1.46477
1.46327
1.46744
1.47739
1.48998
1.5011
1.50832
1.51138
1.51105
1.508
1.50249
1.49473
1.48536
1.4756
1.46676
1.45966
1.4542
1.44947
1.44442
1.4388
1.43364
1.43124
1.43451
1.44594
1.46635
1.49409
1.52535
1.55564
1.58134
1.60032
1.61176
1.61586
1.61368
1.60734
1.59975
1.59356
1.58942
1.58531
1.57769
1.56382
1.54316
1.51734
1.48927
1.46191
1.43761
1.41833
1.40643
1.4049
1.41592
1.43847
1.4677
1.49722
1.52178
1.5384
1.54622
1.54612
1.54052
1.53282
1.52648
1.5239
1.52597
1.53259
1.54319
1.55699
1.57288
1.58954
1.60563
1.62001
1.63191
1.64116
1.64828
1.65439
1.66053
1.66666
1.67124
1.67166
1.66508
1.64997
1.62744
1.60115
1.57494
1.54992
1.52462
1.49747
1.46841
1.43861
1.40983
1.38432
1.3648
1.35399
1.35372
1.36408
1.38347
1.40918
1.43833
1.46845
1.49761
1.52419
1.54686
1.56483
1.578
1.58704
1.59301
1.5966
1.59752
1.59454
1.58647
1.57331
1.55645
1.5376
1.51762
1.49594
1.47163
1.44467
1.41682
1.39155
1.37369
1.36831
1.37831
1.40235
1.43534
1.47108
1.50462
1.53307
1.55528
1.57133
1.58185
1.58754
1.58901
1.58661
1.58029
1.56955
1.5539
1.53386
1.51206
1.49338
1.48308
