           1   -0.966219   -0.966219           0
           2   -0.974478   -0.970348   0.0041292
           3   -0.972439   -0.971045  0.00248378
           4   -0.973928   -0.971766   0.0018984
           5   -0.974921   -0.972397  0.00160015
           6    -0.97137   -0.972226  0.00131769
           7   -0.973214   -0.972367  0.00112257
           8   -0.978168   -0.973092  0.00121282
           9   -0.970985   -0.972858  0.00109493
          10   -0.974394   -0.973012 0.000991319
          11   -0.977922   -0.973458  0.00100167
          12   -0.976548   -0.973716  0.00094996
          13   -0.971986   -0.973583 0.000883901
          14   -0.972922   -0.973535 0.000819691
          15   -0.974166   -0.973577 0.000764246
          16   -0.974077   -0.973609 0.000715568
          17   -0.974118   -0.973639 0.000672826
          18   -0.975215   -0.973726 0.000640365
          19    -0.97709   -0.973903 0.000631063
          20   -0.976166   -0.974016  0.00060928
           1   -0.905748   -0.905748           0
           2   -0.907088   -0.906418     0.00067
           3   -0.905573   -0.906136 0.000478547
           4   -0.909302   -0.906928  0.00086083
           5   -0.905586   -0.906659 0.000718803
           6   -0.901937   -0.905872 0.000981818
           7   -0.907319   -0.906079 0.000855146
           8   -0.908727    -0.90641 0.000811194
           9   -0.909557    -0.90676 0.000796277
          10   -0.905496   -0.906633 0.000723335
          11   -0.904659   -0.906454 0.000678447
          12   -0.906495   -0.906457 0.000619344
          13   -0.910366   -0.906758 0.000644202
          14   -0.909788   -0.906974 0.000634471
          15   -0.905929   -0.906905 0.000594759
          16   -0.907504   -0.906942 0.000557606
          17    -0.90854   -0.907036 0.000532146
          18   -0.905066   -0.906927 0.000513517
          19   -0.907418   -0.906953 0.000486425
          20   -0.904019   -0.906806  0.00048421
           1   -0.832141   -0.832141           0
           2   -0.833146   -0.832643   0.0005024
           3   -0.833917   -0.833068 0.000514163
           4   -0.833437    -0.83316 0.000375093
           5   -0.833338   -0.833196 0.000292729
           6   -0.832185   -0.833027 0.000292425
           7   -0.835252   -0.833345  0.00040261
           8   -0.832616   -0.833254 0.000360383
           9    -0.83548   -0.833501 0.000402733
          10   -0.833555   -0.833507 0.000360256
          11   -0.833393   -0.833496 0.000326028
          12   -0.834089   -0.833546 0.000301689
          13   -0.835475   -0.833694 0.000314713
          14   -0.833674   -0.833693 0.000291371
          15   -0.834374   -0.833738 0.000275024
          16   -0.833014   -0.833693 0.000261207
          17   -0.832393   -0.833616 0.000257002
          18   -0.833181   -0.833592  0.00024351
          19   -0.833366    -0.83358 0.000230645
          20   -0.832778    -0.83354 0.000222452
           1   -0.760698   -0.760698           0
           2   -0.760595   -0.760647    5.16e-05
           3   -0.761769   -0.761021 0.000375185
           4   -0.761716   -0.761195 0.000317156
           5   -0.761394   -0.761235 0.000248897
           6   -0.760174   -0.761058 0.000269296
           7   -0.762645   -0.761285  0.00032124
           8    -0.76261    -0.76145 0.000323825
           9   -0.761518   -0.761458 0.000285684
          10   -0.761527   -0.761465 0.000255618
          11   -0.760577   -0.761384 0.000244901
          12    -0.76199   -0.761434 0.000229188
          13   -0.761464   -0.761437 0.000210834
          14   -0.761156   -0.761417 0.000196222
          15   -0.761981   -0.761454 0.000186504
          16   -0.762442   -0.761516  0.00018505
          17   -0.761325   -0.761505 0.000174188
          18   -0.761673   -0.761514 0.000164491
          19   -0.761477   -0.761512 0.000155605
          20    -0.76179   -0.761526  0.00014827
           1   -0.695398   -0.695398           0
           2   -0.694322    -0.69486   0.0005376
           3   -0.694188   -0.694636 0.000382771
           4   -0.696445   -0.695088 0.000527012
           5   -0.695172   -0.695105 0.000408566
           6   -0.693639   -0.694861 0.000413477
           7   -0.695809   -0.694996 0.000374783
           8   -0.694701   -0.694959 0.000326664
           9   -0.695714   -0.695043 0.000300038
          10   -0.694562   -0.694995 0.000272632
          11    -0.69401   -0.694905  0.00026237
          12   -0.694081   -0.694837 0.000249172
          13   -0.695167   -0.694862 0.000230611
          14   -0.695298   -0.694893 0.000215767
          15   -0.695272   -0.694919 0.000202449
          16   -0.695944   -0.694983 0.000199926
          17   -0.695474   -0.695012 0.000190013
          18   -0.694817   -0.695001 0.000179472
          19   -0.695218   -0.695012 0.000170147
          20   -0.694122   -0.694968 0.000167444
           1   -0.635083   -0.635083           0
           2   -0.635138    -0.63511    2.72e-05
           3   -0.634563   -0.634928 0.000183075
           4   -0.635414    -0.63505 0.000177608
           5    -0.63599   -0.635238  0.00023309
           6    -0.63381      -0.635 0.000304654
           7   -0.636145   -0.635163 0.000305038
           8   -0.634671   -0.635102 0.000271241
           9   -0.634798   -0.635068 0.000241578
          10   -0.634998   -0.635061 0.000216186
          11   -0.635676   -0.635117 0.000203378
          12   -0.634089   -0.635031  0.00020448
          13   -0.635439   -0.635063 0.000190692
          14   -0.636009    -0.63513 0.000189036
          15   -0.634995   -0.635121 0.000176214
          16   -0.634513   -0.635083 0.000169164
          17   -0.635526   -0.635109 0.000161018
          18   -0.633633   -0.635027 0.000172553
          19   -0.635559   -0.635055 0.000165603
          20   -0.635862   -0.635096 0.000162205
           1    -0.58314    -0.58314           0
           2   -0.582639    -0.58289   0.0002504
           3   -0.582261    -0.58268 0.000254622
           4   -0.583032   -0.582768   0.0002004
           5   -0.582706   -0.582756  0.00015573
           6   -0.583305   -0.582847  0.00015668
           7   -0.582026    -0.58273 0.000176936
           8   -0.582081   -0.582649 0.000173376
           9   -0.582559   -0.582639 0.000153226
          10   -0.582668   -0.582642 0.000137081
          11   -0.582764   -0.582653 0.000124492
          12   -0.583154   -0.582695 0.000121091
          13   -0.582647   -0.582691 0.000111447
          14   -0.584206   -0.582799 0.000149506
          15   -0.582386   -0.582772 0.000141886
          16    -0.58245   -0.582751 0.000134238
          17   -0.580638   -0.582627 0.000177089
          18   -0.583129   -0.582655 0.000169272
          19   -0.583165   -0.582682 0.000162349
          20   -0.582974   -0.582696 0.000154711
           1   -0.539322   -0.539322           0
           2   -0.536635   -0.537978   0.0013432
           3   -0.535823    -0.53726  0.00105712
           4   -0.536646   -0.537106 0.000763112
           5    -0.53622   -0.536929 0.000617116
           6   -0.536855   -0.536917 0.000504024
           7   -0.537227   -0.536961  0.00042828
           8   -0.537338   -0.537008 0.000373874
           9   -0.535942    -0.53689 0.000350347
          10   -0.537024   -0.536903 0.000313647
          11   -0.537302   -0.536939 0.000286016
          12   -0.536883   -0.536935 0.000261138
          13   -0.536814   -0.536926 0.000240391
          14   -0.536452   -0.536892 0.000225114
          15   -0.538339   -0.536988  0.00023072
          16   -0.536986   -0.536988 0.000215819
          17   -0.537623   -0.537025  0.00020614
          18   -0.537158   -0.537033 0.000194491
          19   -0.537981   -0.537083 0.000190616
          20   -0.537693   -0.537113 0.000183389
           1    -0.49753    -0.49753           0
           2   -0.496832   -0.497181   0.0003492
           3   -0.497954   -0.497439 0.000327221
           4   -0.497116   -0.497358  0.00024506
           5   -0.497455   -0.497378 0.000190812
           6   -0.497212    -0.49735 0.000158223
           7   -0.497424   -0.497361  0.00013414
           8   -0.496706   -0.497279  0.00014212
           9   -0.498124   -0.497373 0.000156624
          10   -0.497636   -0.497399 0.000142543
          11   -0.496301   -0.497299 0.000163067
          12   -0.496202   -0.497208 0.000174676
          13   -0.496886   -0.497183 0.000162569
          14   -0.496766   -0.497153 0.000153434
          15   -0.497134   -0.497152 0.000142845
          16   -0.495855   -0.497071 0.000156278
          17   -0.497769   -0.497112  0.00015243
          18   -0.496388   -0.497072 0.000149234
          19    -0.49699   -0.497067 0.000141226
          20   -0.496334   -0.497031 0.000138902
           1   -0.462426   -0.462426           0
           2   -0.462351   -0.462389    3.76e-05
           3   -0.463061   -0.462613 0.000225049
           4   -0.461903   -0.462435 0.000238316
           5   -0.461498   -0.462248 0.000263164
           6   -0.463037   -0.462379 0.000251914
           7   -0.462221   -0.462357 0.000214108
           8    -0.46354   -0.462505 0.000237192
           9   -0.462606   -0.462516 0.000209489
          10   -0.461892   -0.462454 0.000197488
          11   -0.461803   -0.462394 0.000188163
          12   -0.461915   -0.462354 0.000176349
          13   -0.462703   -0.462381 0.000164421
          14   -0.462879   -0.462417 0.000156324
          15    -0.46136   -0.462346 0.000161688
          16   -0.461837   -0.462315 0.000154562
          17   -0.462737   -0.462339 0.000147295
          18   -0.462126   -0.462328 0.000139375
          19    -0.46184   -0.462302 0.000134309
          20   -0.462601   -0.462317 0.000128291
