         0.5    -0.974016   0.00060928     0.330284   0.00447289    0.0283173    0.0376711      79.0264     0.589584
    0.666667    -0.906806   0.00048421     0.433665   0.00214684    0.0112293    0.0103539      30.0852     0.326611
    0.833333     -0.83354  0.000222452     0.440136   0.00126539   0.00345248   0.00329861      13.2051    0.0708527
           1    -0.761526   0.00014827     0.419692  0.000657896    0.0013576   0.00215893      7.39486    0.0282858
     1.16667    -0.694968  0.000167444     0.381061  0.000757933   -0.0037344   0.00137367      4.76541    0.0173854
     1.33333    -0.635096  0.000162205     0.335468  0.000476162   -0.0012162  0.000906565      3.36006    0.0115502
         1.5    -0.582696  0.000154711     0.294021  0.000476257  -0.00058134   0.00070889      2.52454   0.00812332
     1.66667    -0.537113  0.000183389     0.256286  0.000377784  -0.00041334  0.000781397      1.98506   0.00612837
     1.83333    -0.497031  0.000138902     0.223952  0.000219085   -0.0006492  0.000476388      1.63466   0.00291995
           2    -0.462317  0.000128291     0.196522    0.0002332   0.00023064  0.000436543      1.36251   0.00281338
