           1     -0.2359     -0.2359           0
           2    0.173818  -0.0310406    0.204859
           3   0.0033088  -0.0195908    0.118828
           4  -0.0202516   -0.019756   0.0840245
           5   0.0801332  0.00022184   0.0680822
           6   0.0748292   0.0126564   0.0569626
           7    -0.15512  -0.0113116   0.0537786
           8  -0.0734684  -0.0190812   0.0472172
           9    0.296902   0.0160281   0.0544674
          10   0.0084776    0.015273   0.0487229
          11   0.0256328   0.0162148   0.0440816
          12   -0.101453  0.00640917   0.0414183
          13   0.0057352  0.00635732   0.0380993
          14   0.0861716   0.0120583   0.0357309
          15  -0.0493476  0.00796461   0.0335146
          16   0.0827452   0.0126384   0.0316965
          17   -0.068604  0.00785944   0.0301548
          18     0.21369   0.0192945   0.0306437
          19    0.453951   0.0421712    0.036926
          20   -0.234906   0.0283173   0.0376711
           1   0.0359288   0.0359288           0
           2   -0.066724  -0.0153976   0.0513264
           3   0.0069476  -0.0079492   0.0305551
           4   0.0608952   0.0092619    0.027623
           5   0.0155244   0.0105144   0.0214333
           6  -0.0373476   0.0025374   0.0192325
           7   0.0236812  0.00555794   0.0165327
           8   0.0953564   0.0167828   0.0181932
           9  -0.0513792   0.0092092   0.0177426
          10   0.0317572    0.011464   0.0160288
          11  -0.0121844  0.00931415   0.0146571
          12   0.0497072   0.0126802    0.013797
          13  -0.0230984  0.00992803   0.0129864
          14   0.0116968   0.0100544   0.0120237
          15     0.00167  0.00949541   0.0112074
          16   0.0549392   0.0123357   0.0108615
          17   0.0748752   0.0160144   0.0108456
          18  -0.0239776   0.0137927   0.0104639
          19  -0.0668372  0.00954899   0.0107692
          20   0.0431548   0.0112293   0.0103539
           1  -0.0334688  -0.0334688           0
           2  -0.0141136  -0.0237912   0.0096776
           3   0.0179484   -0.009878   0.0149932
           4   0.0042892  -0.0063362   0.0111778
           5   0.0010476 -0.00485944  0.00878329
           6   -0.004132  -0.0047382  0.00717255
           7    0.013812 -0.00208817  0.00661585
           8   0.0159708   0.0001692  0.00615815
           9   -0.001994-7.11556e-05  0.00543629
          10   0.0226712  0.00220308  0.00536794
          11  -0.0223856-3.22545e-05  0.00534532
          12   0.0240096  0.00197123  0.00527488
          13  -0.0004996  0.00178117   0.0048559
          14  -0.0046652  0.00132071  0.00451921
          15    0.011294   0.0019856  0.00425937
          16   0.0053756  0.00219747  0.00398991
          17   0.0156044  0.00298612  0.00382994
          18   0.0018992  0.00292573  0.00361141
          19   0.0013432  0.00284244  0.00341706
          20   0.0150432  0.00345248  0.00329861
           1   0.0025212   0.0025212           0
           2   -0.003412  -0.0004454   0.0029666
           3  -0.0184708 -0.00645387  0.00624782
           4  -0.0024324  -0.0054485  0.00453083
           5  -0.0129948 -0.00695776  0.00382033
           6    0.008376 -0.00440213  0.00403251
           7  -0.0106108 -0.00528909  0.00352162
           8  -0.0019592 -0.00487285  0.00307808
           9   0.0067916  -0.0035768  0.00300814
          10   -0.003462 -0.00356532  0.00269058
          11   0.0025588 -0.00300858  0.00249659
          12   -0.000794 -0.00282403  0.00228653
          13   0.0079348 -0.00199643  0.00226026
          14    0.002046 -0.00170769  0.00211242
          15   0.0034764 -0.00136208   0.0019967
          16   0.0054748-0.000934775    0.001916
          17   0.0186648 0.000218141  0.00213737
          18  -0.0058064-0.000116556  0.00204274
          19    0.007444 0.000281368  0.00197279
          20    0.021806   0.0013576  0.00215893
           1  -0.0003692  -0.0003692           0
           2  -0.0005504  -0.0004598    9.06e-05
           3   0.0004688-0.000150267 0.000313922
           4  -0.0090092   -0.002365  0.00222583
           5   -0.008696  -0.0036312  0.00213912
           6   0.0026996 -0.00257607  0.00204056
           7   0.0009476 -0.00207269  0.00179655
           8   -0.010302 -0.00310135  0.00186517
           9  -0.0012728 -0.00289818  0.00165742
          10  -0.0069388 -0.00330224  0.00153652
          11  -0.0038688 -0.00335375  0.00139079
          12   0.0027232 -0.00284733  0.00136688
          13   -0.017616 -0.00398338  0.00169456
          14  -0.0055944 -0.00409846  0.00157307
          15  -0.0006164 -0.00386632  0.00148274
          16   0.0081876 -0.00311295  0.00157837
          17  -0.0102668 -0.00353376  0.00154119
          18  -0.0042576 -0.00357398   0.0014536
          19  -0.0109164 -0.00396042  0.00142824
          20     0.00056  -0.0037344  0.00137367
           1  -0.0021956  -0.0021956           0
           2  -0.0015808  -0.0018882   0.0003074
           3    -0.00102  -0.0015988 0.000339486
           4    0.006016   0.0003049  0.00191878
           5   0.0039848  0.00104088  0.00165852
           6   0.0076392   0.0021406  0.00174447
           7  -0.0018904  0.00156474  0.00158282
           8  -0.0019964   0.0011196  0.00144123
           9  -0.0065028 0.000272667  0.00152737
          10  -0.0082736 -0.00058196  0.00161142
          11  -0.0045692-0.000944436  0.00150198
          12   -0.003672 -0.00117173  0.00138982
          13   0.0015208-0.000964615  0.00129512
          14   -0.000644-0.000941714  0.00119927
          15   0.0020528 -0.00074208  0.00113416
          16  -0.0042624  -0.0009621  0.00108349
          17  -0.0055636 -0.00123278  0.00105314
          18   0.0015196 -0.00107987  0.00100461
          19  -0.0026992 -0.00116509 0.000954084
          20  -0.0021872  -0.0012162 0.000906565
           1   0.0003472   0.0003472           0
           2   0.0017472   0.0010472      0.0007
           3  -0.0068088 -0.00157147  0.00264967
           4  -0.0029504  -0.0019162  0.00190505
           5  -0.0033596 -0.00220488  0.00150362
           6   0.0011528 -0.00164527  0.00134923
           7  -0.0014664 -0.00161971  0.00114059
           8   0.0012964  -0.0012552  0.00105289
           9   0.0005648 -0.00105298 0.000950328
          10  -0.0004056 -0.00098824 0.000852461
          11  -0.0023736 -0.00111418 0.000781297
          12   0.0058612  -0.0005329 0.000920096
          13  -0.0016948-0.000622277 0.000851071
          14   0.0014872  -0.0004716 0.000802216
          15  -0.0044428-0.000736347  0.00079236
          16  -0.0036652  -0.0009194 0.000763455
          17    0.003612-0.000652847 0.000765077
          18  -0.0022092-0.000739311 0.000726485
          19  -0.0026928-0.000842126 0.000694835
          20   0.0043736 -0.00058134  0.00070889
           1   0.0010496   0.0010496           0
           2   -0.002682  -0.0008162   0.0018658
           3  -0.0007484  -0.0007936  0.00107746
           4   0.0001116  -0.0005673 0.000794776
           5  -0.0037256 -0.00119896 0.000882041
           6   0.0003424-0.000942067 0.000764629
           7   0.0002888-0.000766229 0.000669725
           8  -0.0079932  -0.0016696  0.00107354
           9   -0.002898 -0.00180609 0.000956557
          10   0.0082756 -0.00079792  0.00132227
          11     0.00058-0.000672655  0.00120258
          12  -0.0021088-0.000792333  0.00110431
          13   0.0003164-0.000707046  0.00101939
          14    0.000534  -0.0006184 0.000947925
          15  -0.0020392 -0.00071312 0.000887539
          16   -0.000608 -0.00070655 0.000830242
          17  -0.0005288-0.000696094 0.000779947
          18  -0.0046324-0.000914778  0.00076717
          19   0.0059252-0.000554779 0.000810059
          20    0.002274 -0.00041334 0.000781397
           1  -0.0005924  -0.0005924           0
           2  -0.0013488  -0.0009706   0.0003782
           3   0.0017088-7.74667e-05 0.000919438
           4  -0.0033544  -0.0008967  0.00104586
           5   0.0023452 -0.00024832  0.00103764
           6  -0.0042856  -0.0009212  0.00108193
           7  -0.0024384 -0.00113794 0.000939731
           8     5.2e-05  -0.0009892 0.000827312
           9    0.000336-0.000841956  0.00074433
          10   0.0013236  -0.0006254 0.000700084
          11  -0.0011888-0.000676618 0.000635318
          12  -0.0013356-0.000731533 0.000582557
          13  -0.0040088-0.000983631 0.000592212
          14  -0.0026684 -0.00110397 0.000561333
          15   0.0023276  -0.0008752 0.000570454
          16  -0.0030148 -0.00100892 0.000550112
          17   0.0014492-0.000864329  0.00053659
          18   -4.28e-05-0.000818689 0.000507956
          19   0.0019044-0.000675368 0.000501398
          20   -0.000152  -0.0006492 0.000476388
           1  -0.0010352  -0.0010352           0
           2  -0.0004408   -0.000738   0.0002972
           3   0.0014352   -1.36e-05 0.000744445
           4    0.004606   0.0011413  0.00126921
           5    0.001274  0.00116784 0.000983484
           6   -0.001704   0.0006892 0.000934839
           7   0.0019868 0.000874571 0.000811538
           8   0.0026956   0.0011022 0.000738756
           9  -0.0017216 0.000788444 0.000723134
          10    0.000566   0.0007662 0.000647173
          11  -0.0009284 0.000612145 0.000605321
          12  -0.0020624 0.000389267 0.000595836
          13  -0.0020312 0.000203077 0.000578851
          14   -1.12e-05 0.000187771  0.00053613
          15  -0.0029256-1.97867e-05 0.000540547
          16     0.00286   0.0001602 0.000536715
          17   0.0014672 0.000237082 0.000509984
          18   0.0009564 0.000277044 0.000482475
          19  -0.0008184 0.000219389 0.000460003
          20   0.0004444  0.00023064 0.000436543
