           1     71.4395     71.4395           0
           2     79.1918     75.3157     3.87612
           3     77.9587     76.1967     2.40505
           4     78.7151     76.8263     1.81344
           5     79.7328     77.4076     1.52021
           6     76.5439     77.2636     1.24957
           7     77.8119      77.342     1.05898
           8     83.3852     78.0974     1.18815
           9     76.0799     77.8732     1.07156
          10     79.7384     78.0597    0.976412
          11     82.4195     78.4561    0.968051
          12     81.4639     78.7067    0.918565
          13     77.4408     78.6093     0.85055
          14     77.8996     78.5586    0.789086
          15     79.1364     78.5972    0.735609
          16     78.9726     78.6206    0.688499
          17     79.0635     78.6467    0.647256
          18     80.2293     78.7346     0.61654
          19     82.1271     78.9131     0.60991
          20     81.1775     79.0264    0.589584
           1     29.5819     29.5819           0
           2     29.5626     29.5722   0.0096516
           3     29.7772     29.6405    0.068566
           4      31.754     30.1689    0.530572
           5     29.4663     30.0284    0.434339
           6     26.7475     29.4816     0.65174
           7     30.0529     29.5632    0.556835
           8     31.5673     29.8137    0.543424
           9     31.4632      29.997    0.513104
          10     29.2454     29.9218    0.465048
          11     29.0146     29.8394    0.428661
          12     29.8969     29.8441    0.391342
          13     32.3424     30.0363    0.408065
          14     31.9749     30.1748     0.40237
          15     29.5942     30.1361    0.376581
          16     30.5878     30.1643    0.353389
          17     31.9021     30.2665    0.347333
          18     28.9947     30.1959    0.335005
          19      30.502      30.212    0.317292
          20     27.6768     30.0852    0.326611
           1     13.0813     13.0813           0
           2     13.5004     13.2909    0.209541
           3      13.188     13.2566    0.125743
           4     13.2165     13.2466   0.0894769
           5     12.8455     13.1664    0.106014
           6     12.9251     13.1261    0.095441
           7     13.6781      13.205      0.1128
           8     13.2488     13.2105   0.0978412
           9     13.8178      13.278    0.109541
          10     12.8401     13.2342    0.107314
          11     13.0695     13.2192    0.098216
          12     13.2731     13.2237   0.0897711
          13     13.4028     13.2375   0.0837192
          14     13.4552      13.253   0.0790531
          15     13.7178      13.284   0.0798501
          16     12.6575     13.2448   0.0843357
          17     13.0605      13.234   0.0799582
          18     13.2435     13.2345   0.0753872
          19     12.8614     13.2149   0.0739639
          20     13.0184     13.2051   0.0708527
           1     7.23724     7.23724           0
           2     7.30306     7.27015   0.0329084
           3     7.46697     7.33575   0.0683018
           4     7.45251     7.36494   0.0564315
           5     7.22283     7.33652   0.0521392
           6     7.41415     7.34946   0.0444942
           7     7.51538     7.37316   0.0444515
           8     7.47165     7.38547   0.0404168
           9     7.30289      7.3763   0.0368063
          10     7.28103     7.36677   0.0342713
          11     7.33765     7.36412   0.0311124
          12     7.45743      7.3719   0.0294468
          13     7.58432     7.38824   0.0316338
          14     7.15174     7.37135     0.03381
          15     7.55301     7.38346    0.033725
          16     7.41049     7.38515    0.031592
          17     7.48164     7.39082   0.0302135
          18     7.59663     7.40226   0.0306946
          19     7.27405     7.39551    0.029808
          20     7.38248     7.39486   0.0282858
           1     4.86091     4.86091           0
           2     4.72069      4.7908   0.0701105
           3     4.69983     4.76048   0.0505764
           4     4.76001     4.76036   0.0357631
           5     4.80834     4.76996   0.0293166
           6      4.6905     4.75671   0.0273556
           7      4.8731     4.77334   0.0284776
           8     4.79029     4.77546   0.0247532
           9     4.86141     4.78501   0.0238276
          10     4.63707     4.77022   0.0259433
          11     4.76614     4.76985   0.0234695
          12      4.8304     4.77489   0.0220109
          13     4.81516     4.77799   0.0204826
          14     4.64949     4.76881   0.0210678
          15      4.7909     4.77028   0.0196683
          16     4.81904     4.77333   0.0186487
          17     4.86642     4.77881   0.0183533
          18     4.64559     4.77141   0.0188198
          19     4.70991     4.76817   0.0180936
          20     4.71298     4.76541   0.0173854
           1     3.36916     3.36916           0
           2     3.30372     3.33644   0.0327225
           3     3.37115     3.34801   0.0221529
           4     3.33566     3.34492   0.0159659
           5     3.39153     3.35425   0.0154868
           6     3.26598     3.33953   0.0193992
           7     3.40302      3.3486   0.0187369
           8     3.40783     3.35601   0.0178359
           9     3.33663     3.35385   0.0158765
          10     3.30828      3.3493   0.0149139
          11     3.42158     3.35587   0.0150055
          12      3.3354     3.35416   0.0138039
          13     3.38705     3.35669   0.0129473
          14      3.3393     3.35545   0.0120511
          15     3.26318      3.3493   0.0127948
          16     3.45403     3.35584   0.0136416
          17     3.39195     3.35797   0.0129889
          18     3.31917     3.35581   0.0124343
          19     3.39014     3.35762   0.0118996
          20     3.40647     3.36006   0.0115502
           1     2.49485     2.49485           0
           2     2.49542     2.49513 0.000287467
           3     2.48671     2.49233  0.00281184
           4     2.51358     2.49764  0.00567191
           5       2.498     2.49771  0.00439402
           6     2.59074     2.51322    0.015914
           7     2.51055     2.51283   0.0134552
           8     2.47344     2.50791   0.0126505
           9     2.55378     2.51301   0.0122656
          10     2.54482     2.51619   0.0114227
          11     2.54013     2.51836    0.010559
          12     2.54962     2.52097  0.00998465
          13     2.57303     2.52497   0.0100197
          14     2.53955     2.52601  0.00933472
          15     2.47732     2.52277  0.00927666
          16     2.55805     2.52497  0.00895324
          17     2.46472     2.52143  0.00912649
          18     2.51336     2.52098  0.00861622
          19     2.56265     2.52317  0.00844008
          20     2.55057     2.52454  0.00812332
           1     2.01403     2.01403           0
           2     1.97633     1.99518   0.0188489
           3     1.95298     1.98111   0.0177855
           4     1.99183     1.98379   0.0128586
           5     1.95713     1.97846   0.0112977
           6     1.98838     1.98011  0.00937137
           7     2.03408     1.98782   0.0110528
           8     2.03205     1.99335   0.0110538
           9     1.94501     1.98798   0.0111304
          10     1.99662     1.98884   0.0099928
          11     2.00065     1.98992  0.00910234
          12     1.99979     1.99074  0.00834991
          13     1.97388     1.98944  0.00778957
          14     1.99051     1.98952  0.00721214
          15     1.99585     1.98994  0.00672739
          16     1.97333      1.9889    0.006378
          17      1.9517     1.98671  0.00637822
          18     1.95649     1.98503  0.00624344
          19     2.01947     1.98685  0.00617761
          20     1.95101     1.98506  0.00612837
           1     1.63143     1.63143           0
           2     1.59273     1.61208   0.0193529
           3     1.62876     1.61764   0.0124797
           4     1.63806     1.62274   0.0101943
           5     1.64352      1.6269  0.00892288
           6     1.62882     1.62722  0.00729253
           7      1.6384     1.62882  0.00636676
           8     1.64058     1.63029  0.00570657
           9     1.62475     1.62967  0.00507012
          10     1.65748     1.63245  0.00531953
          11     1.62666     1.63193  0.00484045
          12     1.62661     1.63148  0.00444085
          13     1.64598      1.6326  0.00423439
          14     1.64466     1.63346  0.00401382
          15     1.64769     1.63441  0.00385529
          16     1.62923     1.63409  0.00362076
          17     1.63039     1.63387  0.00340804
          18     1.63899     1.63415  0.00322569
          19     1.64147     1.63454  0.00307538
          20      1.6369     1.63466  0.00291995
           1     1.37635     1.37635           0
           2      1.3844     1.38037   0.0040272
           3     1.35825       1.373  0.00773277
           4     1.36184     1.37021  0.00613873
           5     1.37483     1.37113  0.00484405
           6     1.36392     1.36993   0.0041336
           7     1.35781      1.3682  0.00389908
           8     1.38246     1.36998   0.0038182
           9     1.35043     1.36781  0.00400718
          10     1.35267      1.3663  0.00389081
          11     1.35253     1.36504  0.00373541
          12     1.36363     1.36493  0.00341198
          13     1.36925     1.36526  0.00315616
          14     1.35604      1.3646  0.00299535
          15     1.36724     1.36478  0.00279406
          16     1.34462     1.36352  0.00290142
          17      1.3499     1.36272   0.0028406
          18     1.34368     1.36166   0.0028794
          19      1.3572     1.36142  0.00273371
          20     1.38323     1.36251  0.00281338
