           1    0.376904    0.376904           0
           2    0.332224    0.354564   0.0223402
           3    0.338896    0.349342   0.0139154
           4    0.334476    0.345625   0.0105181
           5    0.322808    0.341062  0.00933822
           6    0.353974    0.343214   0.0079225
           7    0.330977    0.341466  0.00692018
           8    0.304596    0.336857  0.00756021
           9    0.356104    0.338995  0.00700204
          10    0.334522    0.338548  0.00627877
          11    0.294439    0.334538   0.0069523
          12    0.303556    0.331956  0.00685162
          13    0.345896    0.333029  0.00639313
          14    0.343204    0.333755  0.00596335
          15    0.323054    0.333042  0.00559723
          16    0.335562    0.333199   0.0052381
          17    0.327294    0.332852  0.00493258
          18    0.328304    0.332599  0.00465734
          19     0.30982    0.331401  0.00456564
          20    0.309074    0.330284  0.00447289
           1    0.429964    0.429964           0
           2    0.425153    0.427559  0.00240571
           3    0.426497    0.427205  0.00143327
           4     0.44902    0.432659  0.00554717
           5    0.434761    0.433079  0.00431735
           6    0.414438    0.429972  0.00469878
           7    0.440499    0.431476   0.0042464
           8    0.443098    0.432929  0.00395405
           9    0.440352    0.433754  0.00358334
          10    0.438948    0.434273  0.00324686
          11    0.444577     0.43521  0.00308266
          12    0.423816     0.43426  0.00296994
          13    0.440855    0.434768  0.00277865
          14    0.439658    0.435117  0.00259613
          15    0.424536    0.434412  0.00251771
          16    0.431425    0.434225  0.00236249
          17    0.429789    0.433964  0.00223446
          18    0.425024    0.433467  0.00216443
          19    0.447914    0.434228  0.00218398
          20    0.422983    0.433665  0.00214684
           1    0.438538    0.438538           0
           2     0.44128    0.439909  0.00137089
           3    0.440358    0.440059 0.000805498
           4    0.443626     0.44095  0.00105812
           5    0.448274    0.442415  0.00167837
           6    0.437551    0.441604  0.00159221
           7    0.437201    0.440975  0.00148542
           8    0.440875    0.440963  0.00128647
           9    0.441883    0.441065  0.00113916
          10    0.435829    0.440542  0.00114555
          11     0.42535    0.439161  0.00172655
          12     0.43805    0.439068  0.00157883
          13    0.443944    0.439443  0.00149997
          14    0.449316    0.440148   0.0015575
          15    0.445623    0.440513  0.00149518
          16    0.432154    0.439991    0.001493
          17    0.433487    0.439608  0.00145367
          18    0.441969    0.439739  0.00137679
          19    0.443904    0.439959  0.00132063
          20    0.443511    0.440136  0.00126539
           1    0.422283    0.422283           0
           2    0.420782    0.421533 0.000750263
           3    0.419911    0.420992 0.000692729
           4    0.419875    0.420713 0.000563815
           5    0.420399     0.42065 0.000441221
           6    0.419659    0.420485 0.000396291
           7    0.418869    0.420254 0.000406733
           8    0.420219     0.42025 0.000352268
           9    0.417974    0.419997 0.000400536
          10    0.418171    0.419814 0.000402081
          11    0.419711    0.419805 0.000363816
          12    0.422224    0.420007 0.000388528
          13    0.421627    0.420131 0.000378511
          14    0.418912    0.420044 0.000361087
          15    0.418383    0.419933 0.000353927
          16    0.410345    0.419334  0.00068464
          17     0.41668    0.419178 0.000661785
          18    0.423946    0.419443 0.000677846
          19    0.424454    0.419707 0.000693304
          20    0.419408    0.419692 0.000657896
           1    0.377274    0.377274           0
           2    0.379628    0.378451  0.00117703
           3    0.379322    0.378742 0.000738996
           4    0.380646    0.379218 0.000706833
           5     0.38041    0.379456 0.000597187
           6    0.381962    0.379874 0.000641984
           7    0.388976    0.381174  0.00140905
           8    0.380972    0.381149  0.00122053
           9    0.378726     0.38088  0.00110957
          10    0.378325    0.380624  0.00102477
          11    0.374751     0.38009  0.00106971
          12     0.38068    0.380139 0.000977746
          13    0.381445     0.38024 0.000904987
          14    0.378115    0.380088  0.00085149
          15    0.383225    0.380297  0.00081982
          16    0.383169    0.380477 0.000787601
          17    0.384541    0.380716 0.000777496
          18     0.37924    0.380634   0.0007376
          19    0.381833    0.380697 0.000700549
          20    0.387984    0.381061 0.000757933
           1    0.336118    0.336118           0
           2    0.335658    0.335888 0.000230119
           3    0.335923      0.3359 0.000133385
           4    0.333276    0.335244 0.000662646
           5    0.331201    0.334435 0.000957663
           6    0.334741    0.334486 0.000783589
           7    0.336463    0.334769 0.000719929
           8    0.338725    0.335263 0.000795759
           9    0.336635    0.335416 0.000718146
          10     0.33099    0.334973  0.00078005
          11    0.334994    0.334975 0.000705585
          12    0.337543    0.335189 0.000678736
          13    0.338611    0.335452 0.000677557
          14    0.336919    0.335557 0.000635984
          15    0.335125    0.335528 0.000592768
          16    0.336016    0.335559 0.000555321
          17    0.332772    0.335395 0.000546787
          18    0.337562    0.335515 0.000529393
          19    0.335019    0.335489 0.000501435
          20    0.335071    0.335468 0.000476162
           1    0.296382    0.296382           0
           2    0.295199     0.29579 0.000591486
           3    0.293819    0.295133 0.000740686
           4    0.296376    0.295444 0.000608986
           5    0.290544    0.294464  0.00108761
           6    0.295503    0.294637 0.000904779
           7     0.29254    0.294337 0.000821289
           8    0.294772    0.294392 0.000713333
           9    0.296952    0.294676 0.000690413
          10    0.295062    0.294715 0.000618726
          11    0.291241    0.294399  0.00064259
          12    0.293665    0.294338 0.000589784
          13    0.294633    0.294361 0.000542998
          14    0.295849    0.294467 0.000513845
          15    0.292332    0.294325 0.000499084
          16    0.293688    0.294285 0.000468544
          17    0.288781    0.293961 0.000546371
          18    0.295378     0.29404 0.000521102
          19    0.292624    0.293965  0.00049851
          20    0.295089    0.294021 0.000476257
           1    0.257957    0.257957           0
           2    0.255995    0.256976 0.000980763
           3    0.256561    0.256838 0.000582923
           4    0.258877    0.257347  0.00065565
           5     0.25679    0.257236 0.000519945
           6    0.257751    0.257322 0.000433115
           7    0.257351    0.257326 0.000366072
           8    0.256114    0.257174 0.000351361
           9    0.255726    0.257014 0.000349152
          10    0.255257    0.256838 0.000358283
          11    0.257901    0.256935 0.000338178
          12    0.256207    0.256874 0.000314605
          13    0.252365    0.256527 0.000451748
          14    0.258267    0.256651 0.000436304
          15    0.257604    0.256715 0.000411116
          16    0.255074    0.256612 0.000398011
          17    0.254597    0.256494 0.000392213
          18    0.252882    0.256293 0.000420708
          19    0.256044     0.25628 0.000398166
          20    0.256404    0.256286 0.000377784
           1    0.224745    0.224745           0
           2    0.224293    0.224519 0.000226125
           3     0.22533    0.224789 0.000300376
           4    0.222298    0.224167 0.000657948
           5    0.223232     0.22398 0.000542827
           6    0.223504      0.2239 0.000450246
           7    0.225762    0.224166 0.000464229
           8    0.223333    0.224062 0.000415305
           9    0.223977    0.224053 0.000366387
          10    0.223899    0.224037 0.000328065
          11    0.224374    0.224068 0.000298315
          12     0.22366    0.224034 0.000274442
          13     0.22429    0.224054 0.000253218
          14     0.22528    0.224141 0.000250261
          15    0.223479    0.224097 0.000237125
          16    0.222176    0.223977 0.000252219
          17    0.222988    0.223919 0.000243958
          18    0.223937     0.22392 0.000230008
          19    0.225207    0.223988 0.000227868
          20    0.223276    0.223952 0.000219085
           1     0.19784     0.19784           0
           2    0.195774    0.196807  0.00103335
           3    0.194922    0.196179 0.000866445
           4     0.19482    0.195839 0.000700543
           5    0.195617    0.195795 0.000544456
           6    0.196509    0.195914 0.000460205
           7    0.196922    0.196058 0.000414782
           8    0.195562    0.195996 0.000364514
           9    0.195897    0.195985 0.000321659
          10    0.196872    0.196074 0.000301085
          11    0.196499    0.196112 0.000275079
          12    0.194939    0.196014 0.000269475
          13    0.197705    0.196145 0.000279923
          14    0.196632    0.196179 0.000261487
          15    0.196948    0.196231 0.000248767
          16    0.196923    0.196274 0.000236686
          17    0.198348    0.196396 0.000253617
          18    0.198034    0.196487 0.000255843
          19    0.196391    0.196482 0.000242056
          20    0.197294    0.196522   0.0002332
