   0.0115332           0           0
   0.0345996           0           0
   0.0576661           0           0
   0.0807325           0           0
    0.103799           0           0
    0.126865           0           0
    0.149932           0           0
    0.172998           0           0
    0.196065           0           0
    0.219131           0           0
    0.242198           0           0
    0.265264           0           0
     0.28833           0           0
    0.311397           0           0
    0.334463           0           0
     0.35753           0           0
    0.380596           0           0
    0.403663           0           0
    0.426729           0           0
    0.449795           0           0
    0.472862           0           0
    0.495928           0           0
    0.518995           0           0
    0.542061           0           0
    0.565128           0           0
    0.588194           0           0
     0.61126           0           0
    0.634327           0           0
    0.657393           0           0
     0.68046           0           0
    0.703526           0           0
    0.726593           0           0
    0.749659           0           0
    0.772725           0           0
    0.795792           0           0
    0.818858           0           0
    0.841925           0           0
    0.864991           0           0
    0.888058 8.83686e-05           0
    0.911124  0.00366587           0
     0.93419    0.046064           0
    0.957257    0.295752           0
    0.980323       1.005           0
     1.00339     2.23287           0
     1.02646     3.62009           0
     1.04952      4.6074           0
     1.07259     4.89896           0
     1.09566     4.50806           0
     1.11872     3.67008           0
     1.14179     2.70199           0
     1.16485      1.8184           0
     1.18792     1.12679           0
     1.21099    0.652891           0
     1.23405    0.350239           0
     1.25712    0.176672           0
     1.28019   0.0856386           0
     1.30325    0.048939           0
     1.32632   0.0423521           0
     1.34939   0.0605647           0
     1.37245    0.104833           0
     1.39552    0.179805           0
     1.41859    0.299069           0
     1.44165    0.451613           0
     1.46472    0.631775           0
     1.48778    0.796671           0
     1.51085    0.930101           0
     1.53392     0.97092           0
     1.55698    0.925323           0
     1.58005    0.807683           0
     1.60312    0.640107           0
     1.62618    0.466623           0
     1.64925    0.319669           0
     1.67232    0.218248           0
     1.69538    0.192842           0
     1.71845      0.2511           0
     1.74152    0.429907           0
     1.76458     0.74797           0
     1.78765     1.19924           0
     1.81071     1.72172           0
     1.83378     2.23148           0
     1.85685     2.60076           0
     1.87991     2.71851           0
     1.90298     2.57067           0
     1.92605     2.18943           0
     1.94911     1.68701           0
     1.97218     1.19814           0
     1.99525    0.798389           0
     2.01831    0.537255           0
     2.04138    0.427659           0
     2.06445    0.457602           0
     2.08751    0.584683           0
     2.11058    0.760304           0
     2.13364    0.919802           0
     2.15671     1.02252           0
     2.17978     1.02632           0
     2.20284    0.919999           0
     2.22591    0.781655           0
     2.24898    0.651603           0
     2.27204    0.570032           0
     2.29511    0.571865           0
   0.0115332           0           0
   0.0345996           0           0
   0.0576661           0           0
   0.0807325           0           0
    0.103799           0           0
    0.126865           0           0
    0.149932           0           0
    0.172998           0           0
    0.196065           0           0
    0.219131           0           0
    0.242198           0           0
    0.265264           0           0
     0.28833           0           0
    0.311397           0           0
    0.334463           0           0
     0.35753           0           0
    0.380596           0           0
    0.403663           0           0
    0.426729           0           0
    0.449795           0           0
    0.472862           0           0
    0.495928           0           0
    0.518995           0           0
    0.542061           0           0
    0.565128           0           0
    0.588194           0           0
     0.61126           0           0
    0.634327           0           0
    0.657393           0           0
     0.68046           0           0
    0.703526           0           0
    0.726593           0           0
    0.749659           0           0
    0.772725           0           0
    0.795792           0           0
    0.818858           0           0
    0.841925           0           0
    0.864991           0           0
    0.888058 5.89124e-05 2.94562e-05
    0.911124  0.00352595 0.000139919
     0.93419   0.0457513 0.000312772
    0.957257    0.294877  0.00087463
    0.980323     1.00117  0.00383741
     1.00339     2.23478  0.00190938
     1.02646     3.61896  0.00112449
     1.04952     4.61322  0.00581564
     1.07259      4.8952  0.00376599
     1.09566     4.50442  0.00364296
     1.11872     3.67123  0.00115548
     1.14179     2.70659  0.00459745
     1.16485     1.82298  0.00458411
     1.18792     1.12725 0.000460949
     1.21099    0.652274 0.000617811
     1.23405    0.346349  0.00388994
     1.25712    0.176253  0.00041895
     1.28019   0.0854792 0.000159469
     1.30325   0.0489902 5.12915e-05
     1.32632   0.0415597 0.000792369
     1.34939   0.0603956  0.00016905
     1.37245    0.104737 9.55829e-05
     1.39552    0.182068  0.00226352
     1.41859    0.300838  0.00176914
     1.44165    0.452497  0.00088304
     1.46472    0.632931  0.00115594
     1.48778    0.794974  0.00169761
     1.51085    0.924926  0.00517514
     1.53392    0.968625  0.00229559
     1.55698     0.92642  0.00109727
     1.58005    0.809502   0.0018192
     1.60312    0.641752  0.00164519
     1.62618     0.46665 2.63547e-05
     1.64925    0.319323 0.000345906
     1.67232    0.218613 0.000365504
     1.69538    0.191254  0.00158819
     1.71845    0.250612 0.000487748
     1.74152     0.42845  0.00145729
     1.76458    0.749323   0.0013523
     1.78765      1.1963  0.00294602
     1.81071     1.72178 5.84563e-05
     1.83378     2.23701  0.00553024
     1.85685     2.60212  0.00135432
     1.87991     2.71672   0.0017913
     1.90298     2.56811  0.00255806
     1.92605      2.1917  0.00226544
     1.94911     1.68915  0.00214029
     1.97218     1.19986   0.0017187
     1.99525    0.797926 0.000462471
     2.01831     0.53703 0.000225268
     2.04138    0.427522 0.000136583
     2.06445    0.455116  0.00248563
     2.08751    0.583873 0.000810335
     2.11058    0.759618 0.000685807
     2.13364    0.919412 0.000390388
     2.15671     1.02042  0.00210894
     2.17978     1.02696 0.000639288
     2.20284    0.923746  0.00374744
     2.22591    0.780449   0.0012062
     2.24898    0.652217 0.000613184
     2.27204    0.570807  0.00077406
     2.29511    0.569376  0.00248964
   0.0115332           0           0
   0.0345996           0           0
   0.0576661           0           0
   0.0807325           0           0
    0.103799           0           0
    0.126865           0           0
    0.149932           0           0
    0.172998           0           0
    0.196065           0           0
    0.219131           0           0
    0.242198           0           0
    0.265264           0           0
     0.28833           0           0
    0.311397           0           0
    0.334463           0           0
     0.35753           0           0
    0.380596           0           0
    0.403663           0           0
    0.426729           0           0
    0.449795           0           0
    0.472862           0           0
    0.495928           0           0
    0.518995           0           0
    0.542061           0           0
    0.565128           0           0
    0.588194           0           0
     0.61126           0           0
    0.634327           0           0
    0.657393           0           0
     0.68046           0           0
    0.703526           0           0
    0.726593           0           0
    0.749659           0           0
    0.772725           0           0
    0.795792           0           0
    0.818858           0           0
    0.841925           0           0
    0.864991           0           0
    0.888058 9.81873e-05 4.27989e-05
    0.911124  0.00345599 0.000106865
     0.93419   0.0451945 0.000585331
    0.957257    0.293157  0.00179229
    0.980323     0.99921   0.0029554
     1.00339     2.23542  0.00127485
     1.02646     3.61852 0.000784825
     1.04952     4.61898  0.00666972
     1.07259     4.90608   0.0111024
     1.09566     4.49842  0.00635553
     1.11872     3.67133 0.000674198
     1.14179     2.70049   0.0066527
     1.16485     1.82238  0.00271394
     1.18792     1.12743 0.000321896
     1.21099    0.651225   0.0011072
     1.23405    0.346466   0.0022489
     1.25712     0.17589 0.000435873
     1.28019   0.0859174 0.000447812
     1.30325   0.0490621 7.76746e-05
     1.32632   0.0415685 0.000457559
     1.34939   0.0599502 0.000456051
     1.37245    0.104469 0.000273866
     1.39552    0.181833  0.00132791
     1.41859    0.300787  0.00102269
     1.44165    0.452923 0.000664772
     1.46472    0.630712  0.00231712
     1.48778    0.795435  0.00108309
     1.51085    0.925491  0.00304079
     1.53392    0.972497   0.0040926
     1.55698    0.928865  0.00252602
     1.58005    0.810293  0.00131483
     1.60312    0.639774  0.00219438
     1.62618    0.466396 0.000253755
     1.64925     0.31799  0.00134726
     1.67232    0.217791 0.000849027
     1.69538    0.190551  0.00115552
     1.71845    0.250163 0.000529503
     1.74152    0.427927 0.000990559
     1.76458    0.748031  0.00150904
     1.78765     1.19722  0.00193675
     1.81071     1.72303   0.0012493
     1.83378     2.23712   0.0031948
     1.85685      2.6018 0.000843612
     1.87991     2.72134  0.00473447
     1.90298      2.5661  0.00249304
     1.92605     2.19066  0.00167109
     1.94911     1.68979  0.00139256
     1.97218     1.20036  0.00111215
     1.99525     0.79583  0.00211337
     2.01831    0.537848 0.000828648
     2.04138    0.428281 0.000763191
     2.06445    0.455773  0.00157826
     2.08751    0.583565 0.000560304
     2.11058    0.759376 0.000464315
     2.13364    0.919186  0.00031935
     2.15671     1.01945  0.00155324
     2.17978     1.02563    0.001379
     2.20284      0.9219  0.00284408
     2.22591    0.781908  0.00161633
     2.24898    0.651792 0.000552442
     2.27204    0.570477 0.000555554
     2.29511    0.569461  0.00143992
   0.0115332           0           0
   0.0345996           0           0
   0.0576661           0           0
   0.0807325           0           0
    0.103799           0           0
    0.126865           0           0
    0.149932           0           0
    0.172998           0           0
    0.196065           0           0
    0.219131           0           0
    0.242198           0           0
    0.265264           0           0
     0.28833           0           0
    0.311397           0           0
    0.334463           0           0
     0.35753           0           0
    0.380596           0           0
    0.403663           0           0
    0.426729           0           0
    0.449795           0           0
    0.472862           0           0
    0.495928           0           0
    0.518995           0           0
    0.542061           0           0
    0.565128           0           0
    0.588194           0           0
     0.61126           0           0
    0.634327           0           0
    0.657393           0           0
     0.68046           0           0
    0.703526           0           0
    0.726593           0           0
    0.749659           0           0
    0.772725           0           0
    0.795792           0           0
    0.818858           0           0
    0.841925           0           0
    0.864991           0           0
    0.888058 0.000114143 3.42118e-05
    0.911124  0.00346998 7.68491e-05
     0.93419   0.0456049  0.00058285
    0.957257    0.291556  0.00204219
    0.980323    0.998999  0.00210036
     1.00339     2.23455  0.00125353
     1.02646     3.61951  0.00112964
     1.04952     4.61808  0.00480112
     1.07259     4.90727  0.00793881
     1.09566     4.49654     0.00487
     1.11872     3.67273   0.0014759
     1.14179      2.7015  0.00481148
     1.16485     1.82324  0.00210103
     1.18792       1.129  0.00158652
     1.21099    0.649846  0.00158619
     1.23405    0.345857  0.00170281
     1.25712    0.175619  0.00041063
     1.28019   0.0860267 0.000334973
     1.30325   0.0488791 0.000191007
     1.32632   0.0421557 0.000670368
     1.34939   0.0599858 0.000324438
     1.37245    0.105209 0.000764916
     1.39552    0.183026  0.00151811
     1.41859    0.301242   0.0008544
     1.44165    0.453243 0.000568365
     1.46472    0.628775  0.00253663
     1.48778    0.795882 0.000886724
     1.51085    0.923606  0.00285967
     1.53392     0.97112  0.00320461
     1.55698    0.929753  0.00199492
     1.58005    0.809907  0.00100674
     1.60312    0.640014  0.00157016
     1.62618    0.466519 0.000217329
     1.64925    0.317931 0.000954533
     1.67232    0.217499 0.000667502
     1.69538    0.190688 0.000828551
     1.71845    0.250803 0.000740773
     1.74152    0.428641  0.00099972
     1.76458    0.746817  0.00161672
     1.78765     1.19574  0.00201884
     1.81071     1.72291 0.000891205
     1.83378      2.2367  0.00229756
     1.85685     2.60331   0.0016229
     1.87991     2.72206  0.00342538
     1.90298     2.56772  0.00239713
     1.92605     2.18811  0.00280467
     1.94911     1.69179  0.00222963
     1.97218     1.20081 0.000903696
     1.99525    0.796103  0.00151908
     2.01831    0.536774  0.00122308
     2.04138    0.429134  0.00100914
     2.06445    0.455273  0.00122266
     2.08751    0.583433 0.000417449
     2.11058    0.760115 0.000808295
     2.13364    0.918573 0.000652881
     2.15671     1.01882  0.00126468
     2.17978     1.02563 0.000975108
     2.20284    0.922886  0.00223979
     2.22591    0.781131  0.00138201
     2.24898    0.651771 0.000391223
     2.27204    0.571478  0.00107598
     2.29511    0.569648  0.00103512
   0.0115332           0           0
   0.0345996           0           0
   0.0576661           0           0
   0.0807325           0           0
    0.103799           0           0
    0.126865           0           0
    0.149932           0           0
    0.172998           0           0
    0.196065           0           0
    0.219131           0           0
    0.242198           0           0
    0.265264           0           0
     0.28833           0           0
    0.311397           0           0
    0.334463           0           0
     0.35753           0           0
    0.380596           0           0
    0.403663           0           0
    0.426729           0           0
    0.449795           0           0
    0.472862           0           0
    0.495928           0           0
    0.518995           0           0
    0.542061           0           0
    0.565128           0           0
    0.588194           0           0
     0.61126           0           0
    0.634327           0           0
    0.657393           0           0
     0.68046           0           0
    0.703526           0           0
    0.726593           0           0
    0.749659           0           0
    0.772725           0           0
    0.795792           0           0
    0.818858           0           0
    0.841925           0           0
    0.864991           0           0
    0.888058 0.000106042 2.77108e-05
    0.911124  0.00355673 0.000105209
     0.93419   0.0461546 0.000711321
    0.957257    0.290831  0.00174013
    0.980323    0.996903  0.00265362
     1.00339     2.23048  0.00418336
     1.02646     3.62247  0.00309143
     1.04952     4.62275  0.00596485
     1.07259     4.90491  0.00658489
     1.09566     4.49952  0.00480654
     1.11872     3.67331  0.00128365
     1.14179     2.69976   0.0041126
     1.16485     1.82269  0.00171733
     1.18792     1.12824  0.00144501
     1.21099    0.649028  0.00147616
     1.23405    0.347544  0.00214095
     1.25712    0.175606 0.000318332
     1.28019   0.0861362 0.000281629
     1.30325   0.0486216 0.000296965
     1.32632   0.0419387 0.000562749
     1.34939   0.0596601 0.000411353
     1.37245    0.105414 0.000626876
     1.39552    0.182575  0.00125941
     1.41859    0.299818  0.00157026
     1.44165    0.453523 0.000521751
     1.46472    0.628575  0.00197505
     1.48778    0.796566 0.000969919
     1.51085    0.924229  0.00230113
     1.53392    0.972158  0.00269027
     1.55698    0.930944  0.00195065
     1.58005    0.809827  0.00078391
     1.60312    0.639694  0.00125752
     1.62618    0.465611 0.000924043
     1.64925    0.317479 0.000866496
     1.67232    0.217165 0.000615395
     1.69538    0.190587 0.000649823
     1.71845    0.250798 0.000573817
     1.74152    0.428355 0.000825473
     1.76458    0.746501   0.0012916
     1.78765     1.19486  0.00179287
     1.81071      1.7228 0.000699315
     1.83378     2.23858  0.00258723
     1.85685     2.60392  0.00139954
     1.87991     2.72289  0.00277737
     1.90298     2.56713  0.00195045
     1.92605     2.18791  0.00218223
     1.94911     1.69153  0.00174782
     1.97218     1.20046 0.000780438
     1.99525    0.795846  0.00120443
     2.01831    0.537213  0.00104385
     2.04138    0.429058 0.000785355
     2.06445    0.455945  0.00116108
     2.08751    0.583166 0.000419399
     2.11058    0.759341 0.000995589
     2.13364    0.918501 0.000510831
     2.15671     1.01905  0.00100493
     2.17978     1.02534 0.000810952
     2.20284    0.922785  0.00173791
     2.22591    0.780945  0.00108643
     2.24898    0.652323 0.000629796
     2.27204    0.571364 0.000841221
     2.29511    0.569309 0.000870282
   0.0115332           0           0
   0.0345996           0           0
   0.0576661           0           0
   0.0807325           0           0
    0.103799           0           0
    0.126865           0           0
    0.149932           0           0
    0.172998           0           0
    0.196065           0           0
    0.219131           0           0
    0.242198           0           0
    0.265264           0           0
     0.28833           0           0
    0.311397           0           0
    0.334463           0           0
     0.35753           0           0
    0.380596           0           0
    0.403663           0           0
    0.426729           0           0
    0.449795           0           0
    0.472862           0           0
    0.495928           0           0
    0.518995           0           0
    0.542061           0           0
    0.565128           0           0
    0.588194           0           0
     0.61126           0           0
    0.634327           0           0
    0.657393           0           0
     0.68046           0           0
    0.703526           0           0
    0.726593           0           0
    0.749659           0           0
    0.772725           0           0
    0.795792           0           0
    0.818858           0           0
    0.841925           0           0
    0.864991           0           0
    0.888058 0.000100642 2.32613e-05
    0.911124  0.00352128 9.29286e-05
     0.93419   0.0463435 0.000610768
    0.957257    0.290882  0.00142173
    0.980323    0.996144  0.00229577
     1.00339     2.23136   0.0035275
     1.02646     3.62473  0.00339026
     1.04952     4.62232  0.00488867
     1.07259     4.90675  0.00568298
     1.09566       4.499  0.00395865
     1.11872     3.67067  0.00284574
     1.14179     2.69983  0.00335869
     1.16485     1.82191  0.00160212
     1.18792     1.12715  0.00160709
     1.21099    0.649719  0.00138955
     1.23405    0.348129  0.00184346
     1.25712    0.175751 0.000297408
     1.28019   0.0860958 0.000233471
     1.30325    0.048287 0.000413257
     1.32632   0.0417897  0.00048304
     1.34939   0.0594536 0.000394258
     1.37245     0.10489 0.000732031
     1.39552     0.18216  0.00110887
     1.41859     0.29916  0.00144146
     1.44165    0.452878 0.000772327
     1.46472    0.628445  0.00161785
     1.48778    0.797265  0.00105617
     1.51085    0.924684  0.00193308
     1.53392    0.973526  0.00258808
     1.55698    0.932198  0.00202738
     1.58005    0.810767  0.00113722
     1.60312    0.640513  0.00131338
     1.62618    0.465433 0.000775066
     1.64925    0.316452  0.00124667
     1.67232    0.216767 0.000641195
     1.69538    0.189457  0.00124842
     1.71845    0.250229 0.000737302
     1.74152    0.427311  0.00124216
     1.76458    0.746137  0.00111555
     1.78765     1.19445  0.00152122
     1.81071     1.72339 0.000821304
     1.83378     2.23979  0.00243556
     1.85685     2.60504  0.00159407
     1.87991     2.72418  0.00261278
     1.90298     2.56693  0.00160449
     1.92605     2.18841  0.00185015
     1.94911     1.69133  0.00144082
     1.97218     1.20023 0.000678501
     1.99525    0.795911 0.000985553
     2.01831     0.53643  0.00115726
     2.04138    0.428565 0.000809076
     2.06445    0.455588  0.00101305
     2.08751    0.582877 0.000448458
     2.11058    0.758608  0.00109393
     2.13364    0.918857 0.000548049
     2.15671      1.0195   0.0009386
     2.17978     1.02548 0.000678016
     2.20284    0.922839  0.00142004
     2.22591    0.781172 0.000915439
     2.24898    0.652041  0.00058641
     2.27204    0.569967  0.00155664
     2.29511    0.568076  0.00142309
   0.0115332           0           0
   0.0345996           0           0
   0.0576661           0           0
   0.0807325           0           0
    0.103799           0           0
    0.126865           0           0
    0.149932           0           0
    0.172998           0           0
    0.196065           0           0
    0.219131           0           0
    0.242198           0           0
    0.265264           0           0
     0.28833           0           0
    0.311397           0           0
    0.334463           0           0
     0.35753           0           0
    0.380596           0           0
    0.403663           0           0
    0.426729           0           0
    0.449795           0           0
    0.472862           0           0
    0.495928           0           0
    0.518995           0           0
    0.542061           0           0
    0.565128           0           0
    0.588194           0           0
     0.61126           0           0
    0.634327           0           0
    0.657393           0           0
     0.68046           0           0
    0.703526           0           0
    0.726593           0           0
    0.749659           0           0
    0.772725           0           0
    0.795792           0           0
    0.818858           0           0
    0.841925           0           0
    0.864991           0           0
    0.888058 9.04726e-05 2.21339e-05
    0.911124     0.00344  0.00011303
     0.93419   0.0464253 0.000522627
    0.957257    0.290495  0.00126243
    0.980323     0.99647  0.00196753
     1.00339      2.2339  0.00391414
     1.02646     3.62582  0.00306528
     1.04952      4.6233  0.00424514
     1.07259     4.90486  0.00516252
     1.09566     4.49531  0.00498038
     1.11872     3.67025  0.00244161
     1.14179     2.69913  0.00292386
     1.16485     1.82169  0.00137214
     1.18792     1.12679  0.00140595
     1.21099    0.650263  0.00129413
     1.23405    0.349071  0.00182072
     1.25712    0.176485 0.000776129
     1.28019   0.0866845 0.000620956
     1.30325    0.048469 0.000393862
     1.32632   0.0417701 0.000408716
     1.34939   0.0595686 0.000352489
     1.37245    0.104996 0.000627596
     1.39552    0.182552  0.00101588
     1.41859    0.299069  0.00122161
     1.44165    0.452976 0.000659924
     1.46472     0.62842  0.00136756
     1.48778    0.797245 0.000892861
     1.51085    0.923556  0.00198518
     1.53392    0.973248  0.00220498
     1.55698    0.931485  0.00185598
     1.58005    0.811601   0.0012727
     1.60312    0.640264  0.00113764
     1.62618    0.465705 0.000709164
     1.64925    0.316444  0.00105366
     1.67232    0.216926 0.000564674
     1.69538    0.189925  0.00115428
     1.71845    0.250766 0.000822847
     1.74152    0.428231  0.00139566
     1.76458     0.74682  0.00116417
     1.78765      1.1946  0.00129451
     1.81071     1.72447  0.00128948
     1.83378     2.23902  0.00219858
     1.85685     2.60391  0.00175302
     1.87991     2.72216  0.00299807
     1.90298     2.56524  0.00216733
     1.92605      2.1881  0.00159386
     1.94911      1.6915   0.0012296
     1.97218     1.19996 0.000635158
     1.99525    0.796594  0.00107763
     2.01831    0.537106  0.00118914
     2.04138     0.42929 0.000996686
     2.06445    0.456271  0.00109515
     2.08751    0.583376 0.000626749
     2.11058    0.758555  0.00092607
     2.13364    0.918913 0.000466648
     2.15671     1.01891 0.000988126
     2.17978     1.02512 0.000675776
     2.20284    0.922449  0.00126204
     2.22591    0.781502 0.000841127
     2.24898     0.65227 0.000545726
     2.27204    0.570263  0.00134836
     2.29511    0.568805  0.00140629
   0.0115332           0           0
   0.0345996           0           0
   0.0576661           0           0
   0.0807325           0           0
    0.103799           0           0
    0.126865           0           0
    0.149932           0           0
    0.172998           0           0
    0.196065           0           0
    0.219131           0           0
    0.242198           0           0
    0.265264           0           0
     0.28833           0           0
    0.311397           0           0
    0.334463           0           0
     0.35753           0           0
    0.380596           0           0
    0.403663           0           0
    0.426729           0           0
    0.449795           0           0
    0.472862           0           0
    0.495928           0           0
    0.518995           0           0
    0.542061           0           0
    0.565128           0           0
    0.588194           0           0
     0.61126           0           0
    0.634327           0           0
    0.657393           0           0
     0.68046           0           0
    0.703526           0           0
    0.726593           0           0
    0.749659           0           0
    0.772725           0           0
    0.795792           0           0
    0.818858           0           0
    0.841925           0           0
    0.864991           0           0
    0.888058 8.10046e-05 2.13793e-05
    0.911124  0.00339477 0.000107829
     0.93419   0.0465798 0.000478247
    0.957257    0.291046  0.00122427
    0.980323    0.996151   0.0017335
     1.00339     2.23537   0.0036963
     1.02646     3.62588  0.00265523
     1.04952     4.62622  0.00469532
     1.07259     4.90399   0.0045551
     1.09566     4.49603  0.00437262
     1.11872      3.6658  0.00492075
     1.14179     2.69704  0.00328285
     1.16485     1.81924  0.00272308
     1.18792     1.12689  0.00122161
     1.21099    0.650939  0.00130888
     1.23405    0.350405  0.00206537
     1.25712     0.17752  0.00123402
     1.28019   0.0872289 0.000765182
     1.30325   0.0487346 0.000432317
     1.32632   0.0419262 0.000386858
     1.34939   0.0600129 0.000539038
     1.37245    0.105426 0.000692914
     1.39552    0.182959 0.000969524
     1.41859    0.299526  0.00115232
     1.44165    0.453836  0.00103274
     1.46472    0.628062  0.00123735
     1.48778    0.797197 0.000774733
     1.51085    0.922468  0.00203464
     1.53392    0.972728  0.00197907
     1.55698    0.930345  0.00197083
     1.58005     0.81044  0.00160123
     1.60312    0.640244 0.000985436
     1.62618    0.466304 0.000858349
     1.64925    0.316822 0.000987666
     1.67232    0.217261 0.000592775
     1.69538    0.190659  0.00124046
     1.71845    0.251545  0.00105517
     1.74152    0.429348  0.00164595
     1.76458    0.747962  0.00152316
     1.78765     1.19561  0.00150874
     1.81071     1.72461  0.00112543
     1.83378     2.23879  0.00191855
     1.85685     2.60208  0.00238003
     1.87991      2.7199  0.00344062
     1.90298     2.56263  0.00321613
     1.92605     2.18691  0.00182103
     1.94911     1.69124  0.00109633
     1.97218     1.20052 0.000784745
     1.99525    0.797532  0.00132272
     2.01831    0.538566  0.00178637
     2.04138    0.430465  0.00145784
     2.06445    0.457657  0.00167972
     2.08751    0.584537  0.00128226
     2.11058    0.758621 0.000804691
     2.13364    0.918726 0.000445332
     2.15671     1.01752  0.00163701
     2.17978     1.02389  0.00136768
     2.20284     0.92145  0.00148027
     2.22591    0.781212 0.000784024
     2.24898    0.652633 0.000595993
     2.27204    0.570936  0.00134805
     2.29511    0.570297   0.0019262
   0.0115332           0           0
   0.0345996           0           0
   0.0576661           0           0
   0.0807325           0           0
    0.103799           0           0
    0.126865           0           0
    0.149932           0           0
    0.172998           0           0
    0.196065           0           0
    0.219131           0           0
    0.242198           0           0
    0.265264           0           0
     0.28833           0           0
    0.311397           0           0
    0.334463           0           0
     0.35753           0           0
    0.380596           0           0
    0.403663           0           0
    0.426729           0           0
    0.449795           0           0
    0.472862           0           0
    0.495928           0           0
    0.518995           0           0
    0.542061           0           0
    0.565128           0           0
    0.588194           0           0
     0.61126           0           0
    0.634327           0           0
    0.657393           0           0
     0.68046           0           0
    0.703526           0           0
    0.726593           0           0
    0.749659           0           0
    0.772725           0           0
    0.795792           0           0
    0.818858           0           0
    0.841925           0           0
    0.864991           0           0
    0.888058 8.18228e-05 1.88725e-05
    0.911124  0.00340935 9.62064e-05
     0.93419   0.0465728 0.000421833
    0.957257    0.291476  0.00116215
    0.980323     0.99739  0.00196763
     1.00339     2.23454  0.00336424
     1.02646     3.62618  0.00236092
     1.04952     4.62683   0.0041861
     1.07259     4.90234  0.00434232
     1.09566     4.49574  0.00386711
     1.11872     3.66556  0.00434646
     1.14179     2.69699  0.00289562
     1.16485     1.81912  0.00240469
     1.18792     1.12651  0.00114218
     1.21099    0.651297  0.00120849
     1.23405    0.350819  0.00186789
     1.25712    0.177535  0.00108841
     1.28019   0.0873058 0.000679193
     1.30325   0.0488455 0.000397054
     1.32632   0.0420021 0.000349525
     1.34939   0.0600636 0.000478081
     1.37245    0.105174  0.00066084
     1.39552    0.182688  0.00089715
     1.41859    0.299338  0.00103337
     1.44165    0.453847 0.000910859
     1.46472    0.628011  0.00109242
     1.48778    0.796801 0.000789702
     1.51085     0.92316  0.00192344
     1.53392    0.972768  0.00174583
     1.55698    0.930599  0.00175663
     1.58005    0.810891  0.00148259
     1.60312    0.640563 0.000925668
     1.62618    0.466188 0.000765881
     1.64925     0.31659 0.000901474
     1.67232    0.217145 0.000535495
     1.69538     0.19049  0.00110692
     1.71845    0.251608 0.000932756
     1.74152    0.429482  0.00145773
     1.76458    0.747797  0.00135332
     1.78765     1.19601   0.0013878
     1.81071     1.72568  0.00145451
     1.83378     2.23916  0.00173211
     1.85685     2.60146  0.00218951
     1.87991     2.71931  0.00309092
     1.90298     2.56208  0.00288894
     1.92605     2.18679  0.00161008
     1.94911     1.69031   0.0013419
     1.97218     1.20011 0.000802815
     1.99525    0.797622     0.00117
     2.01831    0.538652  0.00157781
     2.04138    0.430816  0.00133275
     2.06445    0.458029  0.00152731
     2.08751    0.584559  0.00113105
     2.11058    0.758774 0.000726003
     2.13364    0.919105  0.00054558
     2.15671     1.01761  0.00144649
     2.17978     1.02399  0.00121074
     2.20284    0.920839  0.00144163
     2.22591    0.781237 0.000691918
     2.24898    0.652576 0.000528722
     2.27204    0.570605   0.0012342
     2.29511    0.570235  0.00169989
   0.0115332           0           0
   0.0345996           0           0
   0.0576661           0           0
   0.0807325           0           0
    0.103799           0           0
    0.126865           0           0
    0.149932           0           0
    0.172998           0           0
    0.196065           0           0
    0.219131           0           0
    0.242198           0           0
    0.265264           0           0
     0.28833           0           0
    0.311397           0           0
    0.334463           0           0
     0.35753           0           0
    0.380596           0           0
    0.403663           0           0
    0.426729           0           0
    0.449795           0           0
    0.472862           0           0
    0.495928           0           0
    0.518995           0           0
    0.542061           0           0
    0.565128           0           0
    0.588194           0           0
     0.61126           0           0
    0.634327           0           0
    0.657393           0           0
     0.68046           0           0
    0.703526           0           0
    0.726593           0           0
    0.749659           0           0
    0.772725           0           0
    0.795792           0           0
    0.818858           0           0
    0.841925           0           0
    0.864991           0           0
    0.888058 7.80589e-05 1.72946e-05
    0.911124  0.00334405 0.000108019
     0.93419   0.0464207 0.000406774
    0.957257    0.291427  0.00104061
    0.980323    0.998335  0.00199758
     1.00339     2.23515  0.00307133
     1.02646     3.62349   0.0034222
     1.04952     4.62709  0.00375304
     1.07259     4.90313  0.00396328
     1.09566     4.49535   0.0034811
     1.11872     3.66636  0.00396979
     1.14179     2.69768  0.00267833
     1.16485     1.81954  0.00219231
     1.18792     1.12678   0.0010578
     1.21099    0.650401  0.00140371
     1.23405    0.350617  0.00168287
     1.25712    0.177544 0.000973543
     1.28019   0.0871093 0.000638473
     1.30325   0.0486073 0.000427634
     1.32632   0.0417671 0.000391141
     1.34939   0.0598732 0.000468076
     1.37245    0.104785  0.00070777
     1.39552    0.182875 0.000823956
     1.41859    0.299422 0.000928023
     1.44165    0.453739 0.000821782
     1.46472    0.628019 0.000977115
     1.48778    0.796967 0.000725576
     1.51085    0.923461  0.00174638
     1.53392    0.972846  0.00156346
     1.55698    0.930782  0.00158179
     1.58005    0.811349   0.0014028
     1.60312    0.640843  0.00087424
     1.62618    0.466344 0.000702461
     1.64925    0.316518 0.000809531
     1.67232    0.217022 0.000494328
     1.69538    0.189948  0.00112887
     1.71845    0.251269   0.0009006
     1.74152    0.429331  0.00131248
     1.76458    0.747256  0.00132605
     1.78765     1.19505  0.00156496
     1.81071     1.72555  0.00130688
     1.83378     2.23982  0.00168526
     1.85685     2.60219  0.00209207
     1.87991     2.71955  0.00277546
     1.90298     2.56338  0.00289438
     1.92605     2.18705  0.00146327
     1.94911     1.69074  0.00127576
     1.97218     1.19964 0.000861011
     1.99525    0.797294   0.0010965
     2.01831    0.538292  0.00145647
     2.04138    0.430355  0.00127795
     2.06445    0.457751    0.001394
     2.08751    0.584088  0.00111607
     2.11058       0.759 0.000687397
     2.13364    0.918966 0.000507456
     2.15671     1.01776  0.00130264
     2.17978     1.02474  0.00131363
     2.20284     0.92122  0.00134464
     2.22591    0.780938 0.000687651
     2.24898    0.652105 0.000667028
     2.27204    0.570057  0.00123234
     2.29511    0.569729  0.00160234
