-0.0442031   0.440651   0.354081
0.337689   0.0273148   0.172606
0.342658   -0.18902   -0.275105
-0.116587   0.375488   -0.08244
-0.277151   -0.230002   0.283633
-0.399265   -0.373196   -0.0830203
-0.111322   0.195673   0.019236
0.0536513   -0.239222   -0.104846
0.283443   0.464082   0.314234
-0.286365   -0.296507   0.0674068
0.167905   0.343131   0.0126453
0.0311069   0.234607   0.284822
0.478209   -0.140085   0.302007
-0.130115   -0.182519   0.142855
-0.420358   -0.477229   0.10858
-0.443771   -0.229126   0.48206
-0.114012   0.374207   0.161233
0.00894707   -0.0335316   -0.0975271
-0.201014   -0.136177   -0.178631
0.0900586   -0.0067479   0.429386
0.253733   0.270859   0.20943
-0.324165   0.105001   0.219643
-0.164734   0.240166   -0.352056
0.120199   -0.413689   0.278622
0.216018   -0.403628   -0.255145
0.0803067   0.224088   -0.133217
0.486491   -0.207148   -0.0496272
-0.264998   -0.410402   -0.489579
-0.419693   0.00155217   0.426072
-0.0314548   0.154983   0.477437
0.430418   0.109782   -0.467517
-0.243445   0.394266   -0.449689
-0.254931   0.108751   -0.479407
0.240162   -0.48551   -0.468415
0.270975   0.25704   -0.20757
-0.394652   0.479479   -0.237806
-0.305339   0.311227   -0.197227
0.399707   0.463606   -0.274423
-0.454293   -0.375414   -0.383127
-0.106939   -0.291346   0.46927
-0.0277331   0.34814   -0.4682
0.47784   0.189033   -0.223656
-0.117868   0.089475   0.189434
0.459681   0.0181026   -0.00934347
-0.391151   -0.0376283   -0.127596
0.427656   0.36641   0.13154
0.345448   -0.318905   -0.488732
0.0955831   0.391466   0.209621
0.222866   0.0692692   -0.124284
0.0930488   -0.0625048   0.206368
-0.305038   0.295014   0.156545
-0.194649   -0.4639   0.0862333
-0.08281   -0.394565   -0.0936384
-0.220671   -0.0332914   0.326421
-0.480049   -0.276194   0.12989
-0.0367371   -0.326017   -0.272767
0.271425   0.109887   -0.341975
0.425225   -0.361731   -0.19307
-0.0311753   -0.104019   -0.280082
0.349201   -0.175195   0.11774
-0.377728   0.251677   0.375205
0.0657253   -0.249989   -0.429657
-0.141217   -0.393533   0.266309
-0.255976   0.422544   0.322073
-0.15062   0.163873   -0.179507
-0.451676   -0.0440565   -0.382132
-0.115244   -0.0562901   -0.480839
-0.453455   -0.428525   0.317245
0.373753   0.0048346   -0.21471
-0.422667   -0.187829   -0.260936
-0.2207   -0.00557681   0.00473339
-0.0855075   0.46925   -0.30315
0.499908   0.354331   -0.0563874
-0.324167   0.171973   -0.0423756
-0.184313   0.218755   0.372336
0.15683   -0.24978   0.157259
-0.00374386   -0.239167   0.307658
0.26783   0.481288   0.11707
0.40732   0.319354   0.405025
0.306157   0.48804   -0.0862404
0.38956   -0.115277   -0.484402
0.180159   0.175202   0.46617
-0.238231   -0.365751   -0.222298
-0.363564   -0.0928783   0.118627
0.156608   0.408378   -0.167189
0.34347   0.182385   0.0273458
0.134135   -0.445759   -0.0150322
0.330397   -0.328903   0.257817
0.279043   0.0217822   0.374374
0.194172   -0.0935374   -0.410543
0.03164   -0.458155   -0.481261
0.064704   0.062508   -0.340482
-0.223766   -0.250608   -0.383728
0.205871   -0.2222   0.367782
0.365525   0.309342   -0.403348
0.170512   -0.112985   -0.214479
0.261114   -0.272481   -0.0781272
-0.413093   0.244441   -0.41761
0.39492   -0.373051   0.0428384
-0.33774   0.136686   -0.267008
0.153929   0.367779   0.433541
0.0932424   0.137288   0.121436
0.0312225   0.25835   -0.316658
-0.301654   0.431179   -0.0408731
-0.0285335   -0.35383   0.10414
0.43865   0.140472   0.323917
-0.464846   0.426397   -0.489879
0.199084   -0.0862404   0.00662489
