-5.10981
-5.08899
-5.06173
-5.02876
-4.99209
-4.95663
-4.92539
-4.90215
-4.88943
-4.88487
-4.88548
-4.89164
-4.90148
-4.91279
-4.92741
-4.94379
-4.95968
-4.97412
-4.98636
-4.99558
-5.00344
-5.00945
-5.01379
-5.01573
-5.01695
-5.01229
-5.00376
-4.99131
-4.97486
-4.95681
-4.93816
-4.92122
-4.90686
-4.89864
-4.89674
-4.90322
-4.91664
-4.93433
-4.95517
-4.97649
-4.99663
-5.01279
-5.02571
-5.03615
-5.04198
-5.04503
-5.0453
-5.04012
-5.03147
-5.01867
-5.00184
-4.9825
-4.96335
-4.94687
-4.93744
-4.93716
-4.94433
-4.95501
-4.96472
-4.96983
-4.97316
-4.97561
-4.97601
-4.97714
-4.97768
-4.97728
-4.97586
-4.97231
-4.9669
-4.96146
-4.95895
-4.96097
-4.96875
-4.98367
-5.00235
-5.02356
-5.04417
-5.06355
-5.08278
-5.10126
-5.12023
-5.14147
-5.16032
-5.1775
-5.18887
-5.195
-5.19592
-5.19105
-5.17953
-5.16397
-5.14487
-5.12218
-5.09998
-5.08051
-5.06633
-5.05785
-5.05184
-5.04843
-5.04195
-5.03481
-5.02629
-5.01834
-5.01399
-5.01734
-5.02495
-5.03547
-5.04655
-5.05441
-5.05666
-5.05067
-5.03995
-5.02813
-5.01836
-5.01231
-5.01158
-5.0134
-5.01674
-5.01622
-5.008
-4.99274
-4.97175
-4.95072
-4.93157
-4.91851
-4.91548
-4.9214
-4.93277
-4.94904
-4.96606
-4.98308
-4.99944
-5.01452
-5.02768
-5.04285
-5.05692
-5.07124
-5.08325
-5.09451
-5.1016
-5.1049
-5.10444
-5.10237
-5.09799
-5.09295
-5.08735
-5.08061
-5.07416
-5.07021
-5.06704
-5.06459
-5.06467
-5.06641
-5.07051
-5.0785
-5.08734
-5.09722
-5.10372
-5.10506
-5.10153
-5.09401
-5.08159
-5.06726
-5.05196
-5.03698
-5.02118
-5.0075
-4.99647
-4.98938
-4.98506
-4.98247
-4.98109
-4.97744
-4.97008
-4.96016
-4.95438
-4.95408
-4.96104
-4.97218
-4.98496
-4.99654
-5.0066
-5.01437
-5.0209
-5.0268
-5.03185
-5.03937
-5.05014
-5.06381
-5.07756
-5.08839
-5.09743
-5.10335
-5.10747
-5.11031
-5.11184
-5.11313
-5.11612
-5.12064
-5.12931
-5.14391
-5.16118
-5.17937
-5.1964
-5.20791
-5.21408
-5.21188
-5.20353
-5.18924
-5.17088
-5.15178
-5.13497
-5.12258
-5.11543
-5.11258
-5.11158
-5.11164
-5.10886
-5.10255
-5.0912
-5.07767
-5.06472
-5.05779
-5.05729
-5.06309
-5.07584
-5.0926
-5.11321
-5.13652
-5.16351
-5.19214
-5.22123
-5.24804
-5.26971
-5.28782
-5.2961
-5.29559
-5.2857
-5.26605
-5.24073
-5.21069
-5.18056
-5.15452
-5.13425
-5.12231
-5.11872
-5.12042
-5.12342
-5.12323
-5.11943
-5.11288
-5.10176
-5.08906
-5.07861
-5.07039
-5.06504
-5.06257
-5.0637
-5.06637
-5.06741
-5.06826
-5.06607
-5.0602
-5.05254
-5.04514
-5.03984
-5.03971
-5.04806
-5.06127
-5.08026
-5.10267
-5.12597
-5.14733
-5.16352
-5.17152
-5.17148
-5.16219
-5.14805
-5.13394
-5.12595
-5.12503
-5.12582
-5.12594
-5.12104
-5.11275
-5.10274
-5.09489
-5.09023
-5.09194
-5.10023
-5.1135
-5.12549
-5.13317
-5.13488
-5.12985
-5.11792
-5.10192
-5.08671
-5.07369
-5.06668
-5.0662
-5.07229
-5.08321
-5.09635
-5.11091
-5.1233
-5.1319
-5.13604
-5.13598
-5.13326
-5.12689
-5.11908
-5.11184
-5.10597
-5.10318
-5.10454
-5.10802
-5.11172
-5.11499
-5.11769
-5.11849
-5.11905
-5.11989
-5.12046
-5.1206
-5.11759
-5.11326
-5.10419
-5.09118
-5.07461
-5.05563
-5.03696
-5.02242
-5.01337
-5.01071
-5.01317
-5.02037
-5.03079
-5.0427
-5.05727
-5.0729
-5.09023
-5.10752
-5.12136
-5.13045
-5.1324
-5.12589
-5.11337
-5.09509
-5.0738
-5.05309
-5.03388
-5.01916
-5.01106
-5.00959
-5.01423
-5.02339
-5.03564
-5.0483
-5.06203
-5.07391
-5.08211
-5.08633
-5.08852
-5.08576
-5.08039
-5.07384
-5.06554
-5.05535
-5.04239
-5.02624
-5.00766
-4.99102
-4.97692
-4.9675
-4.9628
-4.96329
-4.96882
-4.97762
-4.98707
-4.99684
-5.0054
-5.01332
-5.01905
-5.02103
-5.02038
-5.01492
-5.00645
-4.99572
-4.98676
-4.979
-4.97499
-4.9763
-4.9823
-4.99202
-5.0059
-5.02005
-5.03613
-5.04978
-5.06156
-5.06945
-5.07451
-5.07771
-5.07739
-5.07688
-5.07599
-5.07471
-5.07333
-5.06769
-5.05831
-5.04417
-5.02643
-5.00949
-4.99818
-4.99496
-4.99729
-5.00536
-5.01513
-5.02339
-5.03002
-5.03562
-5.04009
-5.04596
-5.05396
-5.06452
-5.07444
-5.08389
-5.08503
-5.07808
-5.06396
-5.04309
-5.02072
-4.9993
-4.98129
-4.9692
-4.96226
-4.96187
-4.96628
-4.97365
-4.98392
-4.99277
-5.00235
-5.01219
-5.02167
-5.03276
-5.04514
-5.05756
-5.07327
-5.08913
-5.10341
-5.11433
-5.11965
-5.12134
-5.11957
-5.11925
-5.12218
-5.12889
-5.13573
-5.14028
-5.14024
-5.13097
-5.11432
-5.09167
-5.06388
-5.03455
-5.00629
-4.97754
-4.95001
-4.92396
-4.90217
-4.88969
-4.88779
-4.89452
-4.90803
-4.92666
-4.94628
-4.96607
-4.98432
-5.00299
-5.02069
-5.0372
-5.05341
-5.06473
-5.07424
-5.07774
-5.07781
-5.07595
-5.07258
-5.06811
-5.06475
-5.06221
-5.05978
-5.05846
-5.05557
-5.05017
-5.04593
-5.04368
-5.04544
-5.05201
-5.06469
-5.08293
-5.10202
-5.11951
-5.13221
-5.13934
-5.14046
-5.13639
-5.12821
-5.11752
-5.10303
-5.08692
-5.06907
-5.05233
-5.04188
-5.04059
-5.0492
-5.0637
-5.08143
-5.09733
-5.10944
-5.11809
-5.12638
-5.13353
-5.13862
-5.13975
-5.13485
-5.12446
-5.10724
-5.08788
-5.07133
-5.06028
-5.05776
-5.06025
-5.0635
-5.06368
-5.06048
-5.05562
-5.05012
-5.04689
-5.04683
-5.05031
-5.05765
-5.06608
-5.07786
-5.08987
-5.10503
-5.12246
-5.14095
-5.15963
-5.17535
-5.18649
-5.19256
-5.19006
-5.18059
-5.16312
-5.14084
-5.11936
-5.10145
-5.09134
-5.08979
-5.09747
-5.11226
-5.1309
-5.15098
-5.16815
-5.1827
-5.19164
-5.19629
-5.19867
-5.19936
-5.1971
-5.1935
-5.18666
-5.17503
-5.16075
-5.14581
-5.13213
-5.12449
-5.12346
-5.12845
-5.13775
-5.14745
-5.15794
-5.16363
-5.16358
-5.16035
-5.15463
-5.14365
-5.1315
-5.11923
-5.10374
-5.08802
-5.0715
-5.05266
-5.03361
-5.01588
-5.0005
-4.98825
-4.98063
-4.97765
-4.97764
-4.97892
-4.97957
-4.98103
-4.98225
-4.98383
-4.98636
-4.99128
-4.99888
-5.01063
-5.02362
-5.03385
-5.04121
-5.04388
-5.04178
-5.03407
-5.02367
-5.00949
-4.99512
-4.9823
-4.97402
-4.97129
-4.97517
-4.98681
-5.00726
-5.03154
-5.05606
-5.07777
-5.09214
-5.09744
-5.09137
-5.07383
-5.05006
-5.02818
-5.01582
-5.01369
-5.01997
-5.02791
-5.03318
-5.03564
-5.03839
-5.04437
-5.05483
-5.06831
-5.08245
-5.09716
-5.10841
-5.11656
-5.11898
-5.11548
-5.10485
-5.09033
-5.07183
-5.05237
-5.03275
-5.01419
-4.99633
-4.9782
-4.96455
-4.95943
-4.96314
-4.97624
-4.99617
-5.0182
-5.03902
-5.05596
-5.06785
-5.07335
-5.07394
-5.07624
-5.08187
-5.09411
-5.11303
-5.13668
-5.16349
-5.18982
-5.21452
-5.23603
-5.25225
-5.26105
-5.26254
-5.25233
-5.2341
-5.20692
-5.17275
-5.13354
-5.0935
-5.05513
-5.02406
-5.0006
-4.98487
-4.97994
-4.98429
-4.99587
-5.00984
-5.02487
-5.03836
-5.04803
-5.05522
-5.06237
-5.07174
-5.08605
-5.10275
-5.11412
-5.11639
-5.10811
-5.08958
-5.06222
-5.03048
-4.99865
-4.97086
-4.95281
-4.94517
-4.94744
-4.95592
-4.96599
-4.97576
-4.98419
-4.99047
-4.99767
-5.00605
-5.01463
-5.02448
-5.03187
-5.03442
-5.02836
-5.01353
-4.99107
-4.96263
-4.93461
-4.9118
-4.89927
-4.89884
-4.90806
-4.92118
-4.93455
-4.94498
-4.95082
-4.95101
-4.94534
-4.93647
-4.92488
-4.91088
-4.89749
-4.88558
-4.87932
-4.88246
-4.89704
-4.919
-4.94039
-4.95985
-4.97373
-4.98268
-4.99086
-4.99922
-5.00994
-5.02363
-5.03874
-5.05325
-5.06463
-5.07141
-5.07216
-5.0655
-5.05411
-5.04032
-5.02477
-5.01225
-5.00034
-4.99298
-4.99008
-4.99046
-4.99771
-5.01576
-5.04399
-5.08126
-5.12084
-5.15745
-5.18662
-5.20575
-5.21165
-5.20422
-5.18453
-5.15217
-5.10966
-5.06096
-5.01192
-4.96978
-4.93821
-4.92025
-4.91729
-4.92751
-4.94866
-4.97647
-5.00571
-5.03252
-5.05505
-5.07127
-5.08317
-5.09399
-5.1064
-5.12276
-5.14101
-5.159
-5.17417
-5.1851
-5.18762
-5.18358
-5.1722
-5.1548
-5.13239
-5.10708
-5.08222
-5.05634
-5.03148
-5.00838
-4.98631
-4.96647
-4.95012
-4.94638
-4.9529
-4.96814
-4.98562
-5.00325
-5.02237
-5.04279
-5.06363
-5.08418
-5.1015
-5.11613
-5.12603
-5.13152
-5.1308
-5.12503
-5.11156
-5.09304
-5.07121
-5.05004
-5.03386
-5.02413
-5.02302
-5.02772
-5.03647
-5.04873
-5.0614
-5.07354
-5.08696
-5.09838
-5.1075
-5.11526
-5.12166
-5.12748
-5.13224
-5.13299
-5.13162
-5.12573
-5.11682
-5.10244
-5.08588
-5.06955
-5.05514
-5.0462
-5.04124
-5.04208
-5.04543
-5.05053
-5.05476
-5.05735
-5.05964
-5.06341
-5.06603
-5.06881
-5.07073
-5.07501
-5.08214
-5.09171
-5.10478
-5.1152
-5.12438
-5.12941
-5.13243
-5.13282
-5.13341
-5.13434
-5.13784
-5.141
-5.14494
-5.14954
-5.15261
-5.15355
-5.15225
-5.14874
-5.14202
-5.13048
-5.11526
-5.09596
-5.07685
-5.05852
-5.04504
-5.03685
-5.0373
-5.04476
-5.05851
-5.07491
-5.09266
-5.10831
-5.12379
-5.13398
-5.13988
-5.14265
-5.14233
-5.14217
-5.14272
-5.14427
-5.14584
-5.14884
-5.1477
-5.14605
-5.14008
-5.13136
-5.11804
-5.10299
-5.08892
-5.0792
-5.07509
-5.07579
-5.08188
-5.09076
-5.10126
-5.11325
-5.12356
-5.13251
-5.13901
-5.14513
-5.15332
-5.16534
-5.17973
-5.1922
-5.19572
-5.18796
-5.16728
-5.1349
-5.09628
-5.05752
-5.02454
-5.00219
-4.98997
-4.98692
-4.9879
-4.98936
-4.98929
-4.99006
-4.9927
-4.99863
-5.00784
-5.01962
-5.03078
-5.03866
-5.04336
-5.04498
-5.04414
-5.03998
-5.03241
-5.02226
-5.00887
-4.99542
-4.9831
-4.97561
-4.97428
-4.97997
-4.99276
-5.0125
-5.03391
-5.05783
-5.07915
-5.09592
-5.10956
-5.11863
-5.12409
-5.12848
-5.13236
-5.13463
-5.1331
-5.1254
-5.11067
-5.08777
-5.06079
-5.03203
-5.00502
-4.98086
-4.96174
-4.94904
-4.94298
-4.94352
-4.95212
-4.96358
-4.98094
-5.00167
-5.02168
-5.03852
-5.0494
-5.05445
