1.6364
1.61618
1.58938
1.5567
1.5205
1.48459
1.45335
1.43026
1.41663
1.41162
1.41313
1.41914
1.42837
1.44029
1.45446
1.47008
1.48582
1.50025
1.5125
1.52232
1.53003
1.53604
1.54053
1.54322
1.54339
1.54009
1.53261
1.52077
1.50507
1.48672
1.46747
1.44948
1.43512
1.42659
1.42545
1.43208
1.44565
1.46425
1.48553
1.50716
1.52715
1.54421
1.55774
1.56772
1.57431
1.57751
1.57703
1.57245
1.5635
1.55024
1.53326
1.51392
1.49463
1.47875
1.46978
1.4695
1.47651
1.48673
1.49584
1.50155
1.50413
1.50522
1.50623
1.50751
1.5085
1.50825
1.50607
1.50192
1.49651
1.49138
1.48872
1.49074
1.49882
1.51284
1.53121
1.55166
1.57227
1.59211
1.61134
1.63072
1.65075
1.67093
1.68978
1.70545
1.71652
1.72235
1.72281
1.71794
1.70778
1.69252
1.67297
1.65088
1.62899
1.61027
1.5967
1.58822
1.58297
1.57834
1.57232
1.56427
1.55514
1.5472
1.54316
1.54484
1.55215
1.56296
1.57389
1.5813
1.58249
1.5768
1.56593
1.55336
1.54299
1.53754
1.53742
1.54059
1.54348
1.54235
1.53458
1.51963
1.49925
1.47715
1.45786
1.4454
1.44207
1.44784
1.46056
1.47714
1.49476
1.51178
1.52769
1.54277
1.55758
1.57246
1.58728
1.60145
1.61406
1.62412
1.6309
1.63421
1.63435
1.63198
1.62775
1.62225
1.61605
1.60976
1.60407
1.59952
1.59635
1.59465
1.59458
1.59663
1.60133
1.60872
1.61786
1.62683
1.63332
1.63542
1.63234
1.62452
1.61316
1.59943
1.58429
1.56856
1.5532
1.53937
1.52819
1.5205
1.51634
1.5145
1.51251
1.5078
1.49953
1.48977
1.48279
1.48234
1.48899
1.50013
1.5123
1.52342
1.53304
1.54126
1.54809
1.55369
1.55919
1.56657
1.57718
1.5904
1.604
1.61573
1.62447
1.63039
1.63436
1.6372
1.63933
1.64108
1.64346
1.64829
1.65741
1.67141
1.68898
1.70732
1.72329
1.73435
1.739
1.7368
1.72815
1.71416
1.69657
1.67792
1.66126
1.64902
1.64187
1.63872
1.63787
1.63747
1.63529
1.62913
1.61839
1.60487
1.59222
1.58423
1.58313
1.58923
1.60152
1.61859
1.6392
1.66266
1.68859
1.71646
1.74495
1.77191
1.79479
1.81123
1.81951
1.81855
1.80805
1.78871
1.76248
1.73245
1.70231
1.67583
1.65601
1.64452
1.64093
1.64263
1.64578
1.6468
1.6436
1.63599
1.62532
1.61368
1.60309
1.59502
1.59012
1.58825
1.58878
1.59069
1.59279
1.59364
1.5919
1.58693
1.57943
1.57158
1.56643
1.56675
1.57405
1.58816
1.6076
1.63016
1.65332
1.67437
1.69055
1.69931
1.69897
1.68983
1.67524
1.66114
1.65284
1.65116
1.65241
1.65207
1.64778
1.63964
1.62963
1.62072
1.61607
1.61793
1.62652
1.63948
1.65268
1.66187
1.66419
1.65885
1.64707
1.63153
1.61572
1.603
1.59584
1.59537
1.6013
1.61222
1.62596
1.64007
1.65231
1.66106
1.6655
1.66559
1.66197
1.65575
1.64839
1.64146
1.63635
1.63401
1.63461
1.63749
1.64133
1.64475
1.64685
1.64765
1.64791
1.64829
1.64871
1.64824
1.64569
1.64015
1.63108
1.61822
1.60181
1.58313
1.56476
1.54976
1.54042
1.53745
1.54021
1.54742
1.55784
1.57065
1.58537
1.60161
1.61864
1.63502
1.6487
1.65749
1.65974
1.65474
1.64282
1.6253
1.60431
1.5827
1.5635
1.54922
1.54128
1.53981
1.54399
1.55255
1.56404
1.57701
1.58998
1.60155
1.6105
1.61594
1.61752
1.61552
1.61075
1.60405
1.59575
1.58541
1.5723
1.5563
1.53863
1.52153
1.50743
1.49802
1.49393
1.49487
1.49995
1.50784
1.51714
1.5266
1.53532
1.54263
1.5479
1.55033
1.54908
1.54377
1.535
1.52442
1.51426
1.50665
1.50309
1.50425
1.5101
1.52012
1.53339
1.5486
1.56407
1.57818
1.58965
1.59785
1.60276
1.6049
1.60518
1.60468
1.60424
1.60387
1.60234
1.5976
1.58791
1.57318
1.55559
1.5391
1.5278
1.52397
1.52721
1.53497
1.54414
1.5524
1.55872
1.56342
1.56774
1.5733
1.5813
1.59171
1.60284
1.61154
1.61418
1.60829
1.59372
1.57285
1.54957
1.52786
1.51045
1.49851
1.49217
1.49118
1.49499
1.50251
1.51217
1.52253
1.53272
1.54256
1.55249
1.56328
1.57567
1.59005
1.60606
1.62236
1.63679
1.64711
1.65214
1.65261
1.651
1.65038
1.65301
1.65911
1.66655
1.6717
1.67091
1.66194
1.64469
1.62098
1.59349
1.56447
1.535
1.50549
1.47676
1.45071
1.43013
1.4178
1.41529
1.42218
1.43628
1.45462
1.47454
1.49432
1.51333
1.53155
1.5491
1.56576
1.58075
1.59298
1.60144
1.60569
1.60607
1.6036
1.59962
1.59546
1.5921
1.58986
1.58833
1.58641
1.58306
1.57812
1.57283
1.56951
1.57067
1.578
1.59159
1.60967
1.62907
1.64625
1.65865
1.66518
1.66599
1.66193
1.6539
1.6426
1.62841
1.61185
1.59415
1.57802
1.56742
1.56598
1.57444
1.58984
1.60742
1.62332
1.63588
1.64544
1.65313
1.65967
1.66445
1.66558
1.66099
1.64969
1.63277
1.61357
1.59672
1.58627
1.58345
1.58594
1.58948
1.59057
1.58798
1.58282
1.57747
1.57439
1.57509
1.57963
1.58696
1.596
1.60642
1.61874
1.63359
1.65102
1.67012
1.6891
1.70572
1.71761
1.72278
1.71998
1.70915
1.69168
1.67031
1.64883
1.63123
1.62081
1.61941
1.62694
1.64157
1.66037
1.68014
1.69806
1.71217
1.72156
1.72651
1.72814
1.72776
1.72596
1.72206
1.71476
1.70344
1.68901
1.67392
1.6613
1.65382
1.65278
1.65762
1.66617
1.67556
1.68333
1.68796
1.68882
1.68589
1.67957
1.6704
1.65901
1.64583
1.63125
1.61537
1.59825
1.58001
1.56112
1.54263
1.5262
1.5135
1.50557
1.50229
1.50243
1.50431
1.50647
1.50823
1.50976
1.51179
1.51523
1.5209
1.52941
1.54055
1.55279
1.56362
1.57083
1.57319
1.57049
1.56309
1.55178
1.5379
1.52338
1.51056
1.50183
1.49926
1.50419
1.51689
1.53628
1.55996
1.58463
1.60648
1.62176
1.62721
1.62098
1.60391
1.5806
1.55887
1.54606
1.54452
1.55065
1.55844
1.56385
1.56663
1.56938
1.57521
1.58536
1.59884
1.61359
1.62754
1.63894
1.64618
1.648
1.64374
1.63371
1.61904
1.60131
1.582
1.56208
1.542
1.52248
1.50496
1.49192
1.48619
1.48975
1.50254
1.52217
1.54466
1.56578
1.58226
1.59264
1.59754
1.59934
1.60149
1.60742
1.61936
1.63767
1.66102
1.68708
1.7134
1.73795
1.75901
1.77492
1.78402
1.78476
1.77606
1.75768
1.73035
1.69588
1.65697
1.61693
1.57932
1.5475
1.52404
1.51027
1.5061
1.51029
1.52081
1.53508
1.55041
1.56436
1.57523
1.58288
1.58958
1.59909
1.61325
1.6292
1.64102
1.6439
1.63591
1.61753
1.59078
1.55905
1.52691
1.49943
1.48078
1.47283
1.4745
1.48252
1.4932
1.50372
1.51276
1.5204
1.52759
1.53553
1.54471
1.55426
1.56179
1.56419
1.55873
1.54421
1.52145
1.49346
1.46514
1.44219
1.42921
1.42771
1.43557
1.44839
1.46161
1.47188
1.47742
1.47776
1.4733
1.46473
1.45299
1.43929
1.4253
1.41339
1.40714
1.41042
1.42455
1.4459
1.46805
1.48614
1.49897
1.50807
1.51595
1.52477
1.53579
1.54933
1.56459
1.5797
1.59214
1.59937
1.59982
1.59345
1.58177
1.56722
1.55243
1.5393
1.52876
1.5211
1.51684
1.51752
1.52567
1.54372
1.57226
1.60892
1.6488
1.68601
1.71548
1.73385
1.73945
1.73187
1.71142
1.67907
1.63686
1.58861
1.53988
1.49684
1.46466
1.44656
1.44344
1.45396
1.47496
1.50232
1.5317
1.55911
1.58149
1.59772
1.60931
1.61983
1.6327
1.64905
1.66745
1.68544
1.70077
1.71139
1.71542
1.71168
1.70031
1.6826
1.66049
1.63594
1.61063
1.58581
1.56201
1.53905
1.51668
1.49609
1.48095
1.47585
1.48222
1.4967
1.51433
1.53241
1.55092
1.5706
1.59113
1.61107
1.6287
1.64273
1.65247
1.65751
1.65724
1.65087
1.63801
1.61964
1.59841
1.578
1.56197
1.55269
1.55083
1.55552
1.56503
1.57729
1.59056
1.60361
1.61567
1.62633
1.63545
1.64321
1.64992
1.65574
1.66035
1.66291
1.66229
1.65746
1.64795
1.63417
1.61761
1.60068
1.58612
1.57627
1.57222
1.57336
1.57762
1.58241
1.58604
1.58847
1.59076
1.59348
1.5961
1.59827
1.6008
1.60524
1.61266
1.62284
1.6344
1.64542
1.65415
1.65963
1.66205
1.66259
1.66287
1.66411
1.6667
1.67047
1.67486
1.67916
1.68253
1.68407
1.68308
1.67897
1.67134
1.65995
1.64488
1.62678
1.60722
1.58859
1.57391
1.56587
1.56587
1.57347
1.58677
1.60332
1.62077
1.63718
1.65099
1.66118
1.66738
1.67
1.67014
1.66922
1.66857
1.6689
1.67018
1.67151
1.67158
1.66902
1.6629
1.65297
1.63995
1.62552
1.61205
1.60202
1.59716
1.59802
1.60395
1.61358
1.6253
1.63743
1.6485
1.65744
1.66425
1.67037
1.67826
1.68967
1.70345
1.71517
1.71929
1.71168
1.691
1.65907
1.62046
1.58155
1.54873
1.52622
1.51461
1.51125
1.51208
1.51369
1.51453
1.51515
1.51749
1.52342
1.53323
1.54516
1.55662
1.56556
1.57117
1.57339
1.5724
1.56824
1.56082
1.55022
1.53714
1.52308
1.51046
1.50206
1.50028
1.50628
1.51966
1.5388
1.56126
1.58443
1.6059
1.62388
1.63752
1.64704
1.65356
1.65841
1.66229
1.66456
1.66317
1.65562
1.64029
1.61754
1.58981
1.56059
1.53298
1.50897
1.48985
1.47685
1.47095
1.47208
1.47933
1.49169
1.50829
1.52766
1.54722
1.5639
1.57539
1.58074
