1.25319
1.36479
1.50818
1.67928
1.86718
2.05168
2.2151
2.34065
2.41935
2.45756
2.46618
2.44951
2.41459
2.36754
2.30602
2.23549
2.16393
2.09701
2.0389
1.99237
1.95399
1.92435
1.90331
1.89359
1.89404
1.91739
1.96137
2.02617
2.11003
2.20421
2.3013
2.39004
2.46165
2.50249
2.50766
2.47175
2.39999
2.303
2.18989
2.07296
1.96169
1.86616
1.7875
1.72526
1.68389
1.66015
1.6548
1.67396
1.7139
1.77516
1.85504
1.94609
2.03587
2.11019
2.15115
2.14995
2.11334
2.05915
2.0072
1.971
1.9451
1.9245
1.90859
1.89127
1.87677
1.86808
1.86691
1.87529
1.89043
1.90427
1.90497
1.88342
1.8335
1.75261
1.6514
1.53808
1.4241
1.31365
1.20496
1.09823
0.990678
0.880779
0.782122
0.698357
0.641616
0.612628
0.61159
0.639175
0.696434
0.77677
0.876286
0.989755
1.10145
1.19898
1.27187
1.31897
1.3511
1.3743
1.40481
1.43957
1.47784
1.51034
1.52462
1.5084
1.46918
1.41527
1.36016
1.32078
1.30879
1.33119
1.37676
1.42957
1.47367
1.49893
1.50113
1.49091
1.47924
1.48618
1.52573
1.59771
1.69464
1.79553
1.88466
1.94328
1.95754
1.92975
1.8723
1.79428
1.71128
1.62934
1.55138
1.47818
1.40996
1.33825
1.26987
1.20389
1.14817
1.10233
1.07517
1.06637
1.07489
1.09448
1.12437
1.15928
1.19707
1.23692
1.27393
1.30219
1.32439
1.34043
1.34625
1.34254
1.32683
1.29627
1.25967
1.22182
1.1977
1.19588
1.21804
1.26144
1.32501
1.39946
1.48008
1.56162
1.64333
1.71586
1.77482
1.81523
1.83904
1.85128
1.85889
1.87493
1.90431
1.93972
1.95768
1.94683
1.90251
1.83755
1.76587
1.69893
1.63906
1.58775
1.54275
1.50197
1.46274
1.41348
1.34949
1.27323
1.19607
1.12987
1.07548
1.03539
1.00485
0.980504
0.960844
0.942184
0.917685
0.882895
0.828098
0.7486
0.654796
0.55777
0.470293
0.408175
0.375441
0.379548
0.415025
0.478385
0.560929
0.649152
0.729052
0.790037
0.828688
0.849422
0.861331
0.870596
0.890411
0.926877
0.983694
1.04968
1.10947
1.1421
1.14047
1.10369
1.03301
0.938342
0.823915
0.695071
0.552224
0.402325
0.252395
0.114647
0.00228271
-0.0811313
-0.118168
-0.108023
-0.049121
0.0566277
0.195051
0.355194
0.517085
0.661672
0.776886
0.852785
0.890095
0.901273
0.903948
0.91624
0.944484
0.98765
1.04622
1.10905
1.16335
1.20555
1.23288
1.24585
1.24503
1.23748
1.2331
1.23288
1.24589
1.27474
1.31353
1.3523
1.37927
1.38095
1.34665
1.28383
1.19442
1.08918
0.980305
0.881196
0.806106
0.767991
0.770993
0.816637
0.887702
0.959644
1.00706
1.02535
1.03312
1.04517
1.07546
1.11994
1.16996
1.20995
1.22978
1.21757
1.17266
1.10461
1.03683
0.986669
0.965234
0.976533
1.0181
1.07746
1.13603
1.18217
1.20163
1.1903
1.14876
1.08422
1.00777
0.927709
0.857434
0.80482
0.773689
0.763824
0.770601
0.793029
0.822845
0.851897
0.874984
0.886392
0.883676
0.872682
0.860604
0.852403
0.8508
0.858674
0.871215
0.8859
0.90407
0.928263
0.96661
1.01742
1.08823
1.17734
1.28221
1.39596
1.50561
1.59492
1.65457
1.6803
1.67587
1.64534
1.59532
1.53212
1.45557
1.37101
1.28034
1.19174
1.11812
1.06819
1.05131
1.0721
1.12468
1.20476
1.30069
1.3974
1.48468
1.54959
1.58384
1.58688
1.56183
1.51548
1.45492
1.38992
1.32359
1.26592
1.22412
1.20133
1.19476
1.20957
1.23917
1.27854
1.32784
1.38798
1.46195
1.55016
1.64753
1.73921
1.81749
1.87342
1.90499
1.91168
1.89605
1.86499
1.82751
1.78775
1.75139
1.71926
1.69627
1.68761
1.69301
1.71748
1.75558
1.80135
1.84079
1.86922
1.87739
1.86023
1.81904
1.75735
1.67724
1.5905
1.49878
1.41569
1.34405
1.29007
1.25214
1.22734
1.21697
1.21184
1.21056
1.21337
1.22283
1.25211
1.30396
1.37988
1.47136
1.55898
1.62228
1.65004
1.64783
1.62121
1.58582
1.55408
1.52903
1.509
1.49137
1.46734
1.43287
1.38762
1.34254
1.30551
1.30132
1.33562
1.4067
1.50749
1.61728
1.7207
1.80529
1.86239
1.89258
1.89339
1.86965
1.82794
1.77246
1.71576
1.65609
1.59517
1.53355
1.46585
1.39134
1.31212
1.22317
1.13468
1.0558
0.99573
0.961722
0.948066
0.948322
0.945182
0.929816
0.90117
0.872323
0.857719
0.871474
0.92882
1.02656
1.15741
1.31254
1.47831
1.64545
1.81436
1.97788
2.12923
2.25454
2.3358
2.36589
2.34925
2.29489
2.21355
2.12057
2.02251
1.92527
1.82581
1.72744
1.63198
1.54038
1.46527
1.40366
1.36561
1.34554
1.33827
1.33964
1.34548
1.3488
1.34896
1.34801
1.34599
1.3502
1.36212
1.37089
1.3688
1.34558
1.29586
1.21759
1.11732
1.01347
0.920688
0.85281
0.815046
0.808531
0.829835
0.874442
0.937029
1.01822
1.1113
1.2121
1.30707
1.37507
1.40085
1.38079
1.32982
1.26481
1.20566
1.16093
1.12985
1.10398
1.08358
1.07237
1.07893
1.11261
1.17469
1.26493
1.36548
1.45471
1.51714
1.54343
1.54585
1.54286
1.5505
1.57221
1.6017
1.63092
1.6478
1.64661
1.62635
1.58878
1.54211
1.48287
1.41655
1.3364
1.24485
1.14746
1.05126
0.969048
0.910656
0.882498
0.894658
0.943645
1.02719
1.13084
1.23277
1.31617
1.36317
1.36677
1.32541
1.24788
1.14829
1.04024
0.940315
0.853998
0.790602
0.747917
0.720048
0.703404
0.699607
0.707202
0.732827
0.780612
0.843483
0.910833
0.970551
1.00611
1.01306
0.994035
0.958045
0.920372
0.886909
0.873184
0.883094
0.911716
0.956791
1.02229
1.0983
1.18105
1.2754
1.37444
1.47854
1.58975
1.702
1.80897
1.90409
1.98132
2.03493
2.06499
2.07771
2.08052
2.08083
2.07757
2.07254
2.06294
2.04548
2.01537
1.97077
1.90964
1.842
1.78233
1.73683
1.71257
1.71059
1.73176
1.76808
1.81793
1.86883
1.91098
1.932
1.92449
1.8831
1.80533
1.69264
1.56197
1.43013
1.31394
1.23282
1.19871
1.22058
1.29584
1.40176
1.50219
1.56317
1.57665
1.55385
1.52184
1.49854
1.48459
1.46742
1.43388
1.37882
1.30812
1.23244
1.15826
1.09929
1.05986
1.04921
1.06983
1.12367
1.20138
1.29879
1.4056
1.51689
1.62766
1.73545
1.83706
1.91565
1.95515
1.94942
1.89726
1.80975
1.70669
1.60596
1.52178
1.46086
1.42497
1.40553
1.38095
1.33967
1.2697
1.17015
1.04865
0.914831
0.78293
0.661501
0.559119
0.485123
0.448728
0.454069
0.512675
0.617562
0.767886
0.953964
1.16355
1.37803
1.58149
1.7524
1.88206
1.9658
1.99705
1.98196
1.93036
1.85943
1.7799
1.70435
1.64267
1.59332
1.54683
1.49058
1.41578
1.33523
1.27895
1.2665
1.3057
1.39456
1.52444
1.67693
1.83092
1.96453
2.05523
2.09651
2.09161
2.05579
2.00768
1.9585
1.91417
1.87688
1.83877
1.79713
1.75338
1.7082
1.67541
1.66773
1.69939
1.77341
1.8848
2.02189
2.15885
2.27124
2.33712
2.34879
2.31626
2.26203
2.20515
2.16096
2.13775
2.13917
2.16491
2.20768
2.26379
2.32895
2.39225
2.44514
2.47014
2.45023
2.37839
2.27166
2.16167
2.06348
1.98796
1.93069
1.87758
1.82151
1.75501
1.67636
1.59095
1.50786
1.43912
1.39444
1.38094
1.40165
1.44732
1.50672
1.57142
1.62619
1.67247
1.70062
1.70865
1.69468
1.64538
1.5475
1.40175
1.21745
1.02152
0.840403
0.697019
0.60629
0.579677
0.618986
0.721071
0.883398
1.0942
1.33399
1.57499
1.78511
1.942
2.02982
2.04249
1.98677
1.87562
1.72914
1.57028
1.41845
1.28649
1.18264
1.10056
1.02626
0.947002
0.85611
0.761655
0.674445
0.605752
0.564001
0.562302
0.599688
0.676942
0.787425
0.923233
1.07394
1.22719
1.38137
1.52956
1.66931
1.80128
1.91927
2.01146
2.04886
2.03316
1.97595
1.9028
1.8256
1.74306
1.65512
1.56518
1.47872
1.40621
1.35003
1.31614
1.30502
1.32163
1.36519
1.44113
1.54103
1.65415
1.76272
1.84855
1.90228
1.91755
1.90188
1.86314
1.8076
1.74621
1.6844
1.62098
1.56401
1.51474
1.47121
1.43294
1.39833
1.36936
1.35422
1.35203
1.37002
1.40616
1.46387
1.53242
1.60058
1.65761
1.69038
1.69905
1.68168
1.65036
1.61346
1.58097
1.55525
1.53149
1.50477
1.48093
1.45754
1.434
1.39974
1.35114
1.28964
1.21687
1.1503
1.09209
1.0511
1.02337
1.00782
0.995397
0.98325
0.966079
0.950181
0.934553
0.921031
0.915876
0.922023
0.941132
0.974092
1.02338
1.09215
1.17723
1.27695
1.37823
1.47308
1.54533
1.58697
1.58777
1.55209
1.48629
1.40427
1.31512
1.23141
1.15384
1.09579
1.05668
1.0336
1.02415
1.01857
1.01273
1.00437
0.995708
0.986163
0.990092
1.00347
1.03593
1.08438
1.15002
1.22211
1.28854
1.33578
1.35638
1.35025
1.31767
1.2673
1.20592
1.13847
1.07546
1.01932
0.972764
0.928751
0.87709
0.810969
0.736979
0.675022
0.65315
0.686454
0.781498
0.931112
1.11235
1.29641
1.45477
1.56652
1.63027
1.65385
1.65704
1.65524
1.65628
1.65434
1.64293
1.61493
1.57015
1.51474
1.46213
1.42328
1.40073
1.39482
1.40404
1.42989
1.47236
1.52884
1.59809
1.66895
1.73219
1.77273
1.78149
1.7536
1.68988
1.59513
1.4866
1.37002
1.26251
1.17328
1.10242
1.05299
1.02104
0.998793
0.983835
0.98017
0.997116
1.04518
1.12927
1.24978
1.39136
1.53951
1.67803
1.79844
1.89213
1.95274
1.97735
1.96637
1.91958
1.85057
1.75632
1.64669
1.53719
1.44106
1.37032
1.32754
