-3.47341
-3.47281
-3.47236
-3.47205
-3.4716
-3.47205
-3.47204
-3.47189
-3.4728
-3.47326
-3.47235
-3.4725
-3.47311
-3.4725
-3.47296
-3.47371
-3.47386
-3.47386
-3.47386
-3.47326
-3.47341
-3.47341
-3.47326
-3.47251
-3.47356
-3.4722
-3.47115
-3.47054
-3.46979
-3.47009
-3.47069
-3.47175
-3.47174
-3.47205
-3.47129
-3.47114
-3.47099
-3.47008
-3.46963
-3.46933
-3.46948
-3.46858
-3.46797
-3.46843
-3.46767
-3.46752
-3.46828
-3.46767
-3.46797
-3.46843
-3.46858
-3.46858
-3.46873
-3.46812
-3.46767
-3.46767
-3.46782
-3.46828
-3.46888
-3.46828
-3.46903
-3.47039
-3.46978
-3.46963
-3.46918
-3.46903
-3.46979
-3.47039
-3.47039
-3.47008
-3.47023
-3.47023
-3.46993
-3.47084
-3.47114
-3.4719
-3.4719
-3.47145
-3.47145
-3.47054
-3.46948
-3.47054
-3.47054
-3.47205
-3.47235
-3.47266
-3.47311
-3.47311
-3.47175
-3.47145
-3.4719
-3.47129
-3.47099
-3.47023
-3.46963
-3.46963
-3.46888
-3.47009
-3.46964
-3.47054
-3.47115
-3.47114
-3.47084
-3.4725
-3.4728
-3.4725
-3.47266
-3.47311
-3.47417
-3.47387
-3.47402
-3.47477
-3.47537
-3.47477
-3.47417
-3.47281
-3.47326
-3.47387
-3.47342
-3.47312
-3.47251
-3.47356
-3.47371
-3.47311
-3.47341
-3.47356
-3.4722
-3.4719
-3.4713
-3.4713
-3.47175
-3.47175
-3.47009
-3.47039
-3.46964
-3.46979
-3.46919
-3.47039
-3.4707
-3.4707
-3.47009
-3.47039
-3.47024
-3.4707
-3.4713
-3.47085
-3.47009
-3.47069
-3.47069
-3.46994
-3.47009
-3.46979
-3.46918
-3.46979
-3.46949
-3.47039
-3.4704
-3.46964
-3.46919
-3.46949
-3.46843
-3.46782
-3.46767
-3.46843
-3.46797
-3.46812
-3.46827
-3.46888
-3.46873
-3.46797
-3.46858
-3.46964
-3.47054
-3.47039
-3.4716
-3.47175
-3.47205
-3.47205
-3.47266
-3.47311
-3.47356
-3.47311
-3.47281
-3.47311
-3.47266
-3.47281
-3.47296
-3.47341
-3.47356
-3.47266
-3.47296
-3.47296
-3.47311
-3.47311
-3.47251
-3.47205
-3.47266
-3.47235
-3.4719
-3.4725
-3.4722
-3.47205
-3.47311
-3.47357
-3.47508
-3.47508
-3.47538
-3.47508
-3.47432
-3.47386
-3.47371
-3.47356
-3.47356
-3.47386
-3.47371
-3.47417
-3.47357
-3.47342
-3.47281
-3.47281
-3.4725
-3.47356
-3.47416
-3.47386
-3.47432
-3.47401
-3.47401
-3.47386
-3.47492
-3.47568
-3.47628
-3.47613
-3.47492
-3.47659
-3.47659
-3.47704
-3.47765
-3.47734
-3.47825
-3.47825
-3.47824
-3.4787
-3.47824
-3.47779
-3.47779
-3.47779
-3.47764
-3.47644
-3.47583
-3.47689
-3.47643
-3.47538
-3.47553
-3.47537
-3.47492
-3.47432
-3.47492
-3.47568
-3.47462
-3.47462
-3.47417
-3.47326
-3.47311
-3.47356
-3.47341
-3.47296
-3.47401
-3.47311
-3.47266
-3.47251
-3.47266
-3.47296
-3.47296
-3.47221
-3.47251
-3.47236
-3.47281
-3.4728
-3.47311
-3.47386
-3.47341
-3.47387
-3.47326
-3.47311
-3.47311
-3.47416
-3.47416
-3.47401
-3.47371
-3.47402
-3.47281
-3.4713
-3.47069
-3.471
-3.47084
-3.47039
-3.47099
-3.47069
-3.47084
-3.47084
-3.47099
-3.47099
-3.47039
-3.47084
-3.47099
-3.47084
-3.47054
-3.47039
-3.47129
-3.47114
-3.47069
-3.47039
-3.46963
-3.46918
-3.46993
-3.47054
-3.47038
-3.47024
-3.47084
-3.47084
-3.47114
-3.4716
-3.47175
-3.47235
-3.4719
-3.47311
-3.47311
-3.47296
-3.47281
-3.4725
-3.4722
-3.47265
-3.47295
-3.47325
-3.47295
-3.47295
-3.47295
-3.47205
-3.4719
-3.47129
-3.4716
-3.4725
-3.47266
-3.47296
-3.47266
-3.47115
-3.47054
-3.46979
-3.46948
-3.47039
-3.47039
-3.46993
-3.46978
-3.46978
-3.47024
-3.47084
-3.4716
-3.4713
-3.47205
-3.47236
-3.4716
-3.47039
-3.471
-3.47024
-3.46964
-3.46979
-3.46979
-3.46994
-3.47009
-3.46994
-3.46903
-3.46948
-3.46948
-3.46948
-3.46888
-3.46842
-3.46888
-3.46978
-3.46994
-3.47024
-3.47009
-3.47069
-3.47115
-3.47069
-3.4713
-3.47115
-3.47145
-3.4713
-3.47251
-3.47235
-3.4719
-3.47205
-3.4722
-3.4719
-3.47251
-3.47145
-3.47206
-3.4716
-3.4719
-3.4716
-3.47175
-3.47281
-3.4722
-3.4722
-3.47175
-3.47084
-3.471
-3.47009
-3.47039
-3.471
-3.47084
-3.47039
-3.47039
-3.47099
-3.47009
-3.47039
-3.471
-3.471
-3.4713
-3.4722
-3.47235
-3.47265
-3.47265
-3.47281
-3.4716
-3.47236
-3.47085
-3.46979
-3.47024
-3.47024
-3.47114
-3.47144
-3.47084
-3.47069
-3.47008
-3.47069
-3.47129
-3.47114
-3.47175
-3.47024
-3.46963
-3.46963
-3.46918
-3.46948
-3.46948
-3.46751
-3.46721
-3.46676
-3.46661
-3.46722
-3.46752
-3.46872
-3.46857
-3.46887
-3.46917
-3.46978
-3.46918
-3.46857
-3.46933
-3.46903
-3.46963
-3.47069
-3.47038
-3.47008
-3.47129
-3.47205
-3.47325
-3.47325
-3.47204
-3.47189
-3.47249
-3.47235
-3.47174
-3.47205
-3.47175
-3.47175
-3.47099
-3.47144
-3.47159
-3.47144
-3.47265
-3.47175
-3.4728
-3.47205
-3.47175
-3.47235
-3.47295
-3.47265
-3.47265
-3.47235
-3.47144
-3.47205
-3.4725
-3.47205
-3.4731
-3.47416
-3.47476
-3.47401
-3.4731
-3.47326
-3.47296
-3.47326
-3.47356
-3.47417
-3.47447
-3.47447
-3.47432
-3.47492
-3.47462
-3.47507
-3.47492
-3.47431
-3.47446
-3.47461
-3.47476
-3.47386
-3.47401
-3.47401
-3.47356
-3.47265
-3.47326
-3.47386
-3.47416
-3.47417
-3.47386
-3.47477
-3.47447
-3.47431
-3.47461
-3.47401
-3.47431
-3.47431
-3.47401
-3.47311
-3.4725
-3.4728
-3.47265
-3.4725
-3.47174
-3.47068
-3.47068
-3.47008
-3.47144
-3.47114
-3.47144
-3.47144
-3.47084
-3.47053
-3.46963
-3.46888
-3.46978
-3.47009
-3.47144
-3.47144
-3.47053
-3.47053
-3.47023
-3.47053
-3.47038
-3.47053
-3.47068
-3.47053
-3.47084
-3.47008
-3.47054
-3.47008
-3.46978
-3.47053
-3.47159
-3.47114
-3.47144
-3.47189
-3.47159
-3.47174
-3.47189
-3.47083
-3.47068
-3.47068
-3.47083
-3.47159
-3.47189
-3.47461
-3.47567
-3.47476
-3.47446
-3.47506
-3.47325
-3.47249
-3.4734
-3.47249
-3.47264
-3.47325
-3.47264
-3.47249
-3.47325
-3.4743
-3.47475
-3.47506
-3.47536
-3.47521
-3.47461
-3.4731
-3.4728
-3.47249
-3.47204
-3.47113
-3.47038
-3.46947
-3.47007
-3.47083
-3.47023
-3.47038
-3.47068
-3.47129
-3.47098
-3.47189
-3.47159
-3.47173
-3.47173
-3.47218
-3.47203
-3.47097
-3.46992
-3.47098
-3.47158
-3.47143
-3.47129
-3.47038
-3.47023
-3.47038
-3.46993
-3.46947
-3.46931
-3.46977
-3.46916
-3.46932
-3.46947
-3.46932
-3.46902
-3.46901
-3.46916
-3.46947
-3.46947
-3.46886
-3.46962
-3.46947
-3.47038
-3.47098
-3.47174
-3.47113
-3.47128
-3.47053
-3.47037
-3.47068
-3.47219
-3.47385
-3.47324
-3.47264
-3.47324
-3.47339
-3.47369
-3.474
-3.47355
-3.47325
-3.4737
-3.47521
-3.47581
-3.4746
-3.47475
-3.47445
-3.47475
-3.47535
-3.47566
-3.47642
-3.47642
-3.47657
-3.47702
-3.47733
-3.47703
-3.47778
-3.47627
-3.47642
-3.47657
-3.47687
-3.47657
-3.47657
-3.47581
-3.47656
-3.47656
-3.4746
-3.47385
-3.474
-3.47506
-3.47476
-3.47446
-3.47401
-3.4728
-3.47234
-3.47279
-3.47264
-3.47279
-3.47355
-3.4731
-3.4725
-3.4722
-3.47204
-3.47144
-3.47144
-3.47173
-3.47143
-3.47203
-3.47233
-3.47294
-3.4734
-3.47279
-3.47204
-3.47144
-3.47008
-3.47007
-3.47053
-3.46992
-3.47023
-3.47008
-3.47023
-3.46963
-3.46932
-3.46962
-3.46917
-3.46947
-3.46962
-3.47007
-3.47113
-3.47249
-3.4728
-3.47295
-3.4731
-3.4734
-3.47325
-3.47204
-3.47174
-3.47189
-3.47159
-3.47219
-3.47219
-3.47219
-3.47203
-3.47249
-3.4731
-3.47235
-3.47371
-3.47476
-3.47461
-3.47491
-3.47445
-3.47415
-3.4743
-3.47415
-3.47355
-3.47249
-3.47204
-3.47234
-3.47204
-3.47234
-3.4731
-3.47234
-3.47294
-3.47159
-3.47189
-3.47325
-3.47294
-3.47203
-3.47203
-3.47173
-3.47234
-3.47204
-3.47144
-3.47114
-3.4719
-3.4722
-3.47235
-3.47311
-3.4731
-3.4728
-3.47234
-3.47204
-3.47294
-3.47355
-3.4737
-3.47385
-3.47355
-3.4737
-3.47416
-3.47401
-3.47341
-3.47356
-3.47356
-3.47386
-3.47416
-3.4737
-3.4737
-3.47355
-3.47356
-3.47341
-3.47371
-3.4722
-3.4719
-3.4719
-3.4722
-3.47189
-3.47114
-3.47159
-3.47053
-3.46948
-3.46932
-3.46963
-3.47038
-3.46917
-3.47053
-3.47068
-3.47144
-3.47129
-3.47084
-3.47144
-3.4722
-3.4725
-3.47311
-3.4728
-3.47341
-3.47356
-3.47401
-3.47356
-3.47416
-3.47356
-3.47341
-3.4728
-3.47204
-3.47189
-3.47144
-3.47219
-3.47219
-3.47144
-3.47144
-3.47084
-3.46993
-3.47129
-3.47205
-3.47205
-3.47205
-3.47174
-3.47174
-3.47189
-3.47008
-3.46933
-3.46827
-3.46887
-3.46827
-3.46827
-3.46887
-3.46902
-3.46993
-3.46902
-3.46872
-3.46782
-3.46812
-3.46872
-3.46887
-3.46887
-3.46993
-3.46993
-3.47053
-3.46993
-3.46978
-3.46947
-3.46887
-3.47038
-3.46978
-3.47023
-3.46978
-3.47038
-3.47023
-3.47053
-3.47023
-3.47114
-3.47053
-3.47008
-3.47038
-3.47008
-3.46948
-3.46917
-3.46978
-3.47069
-3.47054
-3.47038
-3.46917
-3.46963
-3.46993
-3.47113
-3.47098
-3.47143
-3.47128
-3.47174
-3.47159
-3.47189
-3.47114
-3.4728
-3.4728
-3.4725
-3.47265
-3.47219
-3.47295
-3.47415
-3.47536
-3.47567
-3.47733
-3.47612
-3.47703
-3.47718
-3.47839
-3.47808
-3.47748
-3.47687
-3.47717
-3.47793
-3.47778
-3.47793
-3.47718
-3.47597
-3.47582
-3.47506
-3.47506
-3.47476
-3.47476
-3.47506
-3.47566
-3.47627
-3.47703
-3.47643
-3.47628
-3.47628
-3.47582
-3.47582
-3.47597
-3.47581
-3.47596
-3.47536
-3.47567
-3.47582
-3.47567
-3.47476
-3.47491
-3.47521
-3.47521
-3.47461
-3.47446
-3.47416
-3.4731
-3.47219
-3.47159
-3.47174
-3.47174
-3.47159
-3.47204
-3.47174
-3.47234
-3.47264
-3.47355
-3.474
-3.4737
-3.47309
-3.4737
-3.47264
-3.4734
-3.47325
-3.47204
-3.47204
-3.47159
-3.47053
-3.47008
-3.47008
-3.47008
-3.46993
-3.46978
-3.47038
-3.47023
-3.47098
-3.47144
-3.47204
-3.47189
-3.47189
-3.47219
-3.47204
-3.47143
-3.47279
-3.47189
-3.47265
-3.47401
-3.47446
-3.47461
-3.47401
-3.47371
