1.09093
1.07745
1.05958
1.0378
1.01366
0.989725
0.9689
0.953506
0.944422
0.94108
0.942087
0.946091
0.952248
0.96019
0.969639
0.980053
0.990545
1.00017
1.00833
1.01488
1.02002
1.02402
1.02702
1.02882
1.02892
1.02673
1.02174
1.01385
1.00338
0.991149
0.978312
0.966318
0.956744
0.951061
0.950297
0.954721
0.963767
0.976164
0.990355
1.00477
1.0181
1.02947
1.03849
1.04515
1.04954
1.05167
1.05135
1.0483
1.04233
1.03349
1.02218
1.00928
0.996419
0.985832
0.97985
0.979665
0.984338
0.991153
0.997228
1.00104
1.00275
1.00348
1.00415
1.00501
1.00566
1.0055
1.00405
1.00128
0.997676
0.994254
0.99248
0.993826
0.999213
1.00856
1.02081
1.03444
1.04818
1.06141
1.07422
1.08715
1.1005
1.11395
1.12652
1.13696
1.14435
1.14823
1.14854
1.14529
1.13852
1.12835
1.11531
1.10059
1.08599
1.07352
1.06447
1.05881
1.05531
1.05223
1.04821
1.04284
1.03676
1.03146
1.02877
1.02989
1.03476
1.04198
1.04926
1.0542
1.05499
1.0512
1.04396
1.03557
1.02866
1.02502
1.02495
1.02706
1.02898
1.02823
1.02305
1.01308
0.999497
0.984768
0.971908
0.9636
0.961381
0.965225
0.97371
0.984758
0.996508
1.00786
1.01846
1.02851
1.03839
1.04831
1.05819
1.06764
1.07604
1.08275
1.08727
1.08947
1.08957
1.08798
1.08516
1.0815
1.07737
1.07317
1.06938
1.06634
1.06423
1.0631
1.06305
1.06442
1.06755
1.07248
1.07857
1.08455
1.08888
1.09028
1.08823
1.08302
1.07544
1.06629
1.05619
1.0457
1.03547
1.02625
1.0188
1.01367
1.01089
1.00967
1.00834
1.0052
0.999688
0.993177
0.988525
0.988224
0.992662
1.00009
1.0082
1.01562
1.02202
1.02751
1.03206
1.0358
1.03946
1.04438
1.05146
1.06027
1.06933
1.07715
1.08298
1.08692
1.08958
1.09147
1.09289
1.09405
1.09564
1.09886
1.10494
1.11427
1.12599
1.13821
1.14886
1.15623
1.15933
1.15787
1.1521
1.14278
1.13104
1.11861
1.1075
1.09935
1.09458
1.09248
1.09191
1.09165
1.09019
1.08609
1.07892
1.06991
1.06148
1.05615
1.05542
1.05949
1.06768
1.07906
1.0928
1.10844
1.12572
1.14431
1.1633
1.18127
1.19652
1.20749
1.21301
1.21237
1.20537
1.19247
1.17499
1.15496
1.13488
1.11722
1.104
1.09635
1.09395
1.09509
1.09719
1.09786
1.09573
1.09066
1.08355
1.07579
1.06872
1.06335
1.06008
1.05883
1.05918
1.06046
1.06186
1.06243
1.06126
1.05796
1.05296
1.04772
1.04429
1.0445
1.04937
1.05877
1.07173
1.08677
1.10221
1.11625
1.12703
1.13287
1.13264
1.12656
1.11683
1.10742
1.10189
1.10078
1.1016
1.10138
1.09852
1.0931
1.08642
1.08048
1.07738
1.07862
1.08434
1.09299
1.10179
1.10791
1.10946
1.1059
1.09805
1.08769
1.07715
1.06867
1.0639
1.06358
1.06754
1.07482
1.08398
1.09338
1.10154
1.10737
1.11033
1.11039
1.10798
1.10383
1.09893
1.09431
1.0909
1.08934
1.08974
1.09166
1.09422
1.0965
1.0979
1.09843
1.09861
1.09886
1.09914
1.09883
1.09713
1.09343
1.08739
1.07881
1.06787
1.05542
1.04318
1.03318
1.02695
1.02497
1.02681
1.03161
1.03856
1.0471
1.05691
1.06774
1.07909
1.09001
1.09913
1.10499
1.10649
1.10316
1.09521
1.08353
1.06954
1.05513
1.04233
1.03282
1.02752
1.02654
1.02933
1.03503
1.0427
1.05134
1.05999
1.0677
1.07367
1.07729
1.07835
1.07701
1.07383
1.06937
1.06383
1.05694
1.0482
1.03753
1.02575
1.01436
1.00496
0.998683
0.99595
0.99658
0.999964
1.00522
1.01142
1.01773
1.02354
1.02842
1.03193
1.03355
1.03272
1.02918
1.02333
1.01628
1.00951
1.00443
1.00206
1.00283
1.00673
1.01342
1.02226
1.0324
1.04271
1.05212
1.05977
1.06523
1.06851
1.06994
1.07012
1.06979
1.06949
1.06924
1.06822
1.06507
1.05861
1.04878
1.03706
1.02607
1.01853
1.01598
1.01814
1.02331
1.02943
1.03493
1.03915
1.04228
1.04516
1.04887
1.0542
1.06114
1.06856
1.07436
1.07612
1.07219
1.06248
1.04856
1.03305
1.01857
1.00697
0.999006
0.994783
0.994122
0.996661
1.00167
1.00811
1.01502
1.02181
1.02837
1.03499
1.04219
1.05044
1.06003
1.07071
1.08158
1.0912
1.09807
1.10142
1.10174
1.10066
1.10025
1.10201
1.10607
1.11103
1.11447
1.11394
1.10796
1.09646
1.08066
1.06233
1.04298
1.02333
1.00366
0.984507
0.967138
0.953417
0.945199
0.943528
0.948118
0.957521
0.969745
0.983024
0.996216
1.00889
1.02103
1.03273
1.04384
1.05384
1.06199
1.06763
1.07046
1.07071
1.06906
1.06642
1.06364
1.0614
1.05991
1.05889
1.05761
1.05538
1.05208
1.04855
1.04634
1.04711
1.052
1.06106
1.07311
1.08604
1.0975
1.10577
1.11012
1.11066
1.10795
1.1026
1.09506
1.08561
1.07456
1.06277
1.05201
1.04494
1.04399
1.04963
1.05989
1.07161
1.08221
1.09059
1.09696
1.10209
1.10645
1.10964
1.11039
1.10732
1.09979
1.08852
1.07571
1.06448
1.05752
1.05563
1.05729
1.05966
1.06038
1.05865
1.05521
1.05165
1.04959
1.05006
1.05309
1.05797
1.064
1.07095
1.07916
1.08906
1.10068
1.11341
1.12607
1.13715
1.14507
1.14852
1.14665
1.13943
1.12778
1.11354
1.09922
1.08748
1.08054
1.07961
1.08463
1.09438
1.10691
1.12009
1.13204
1.14144
1.14771
1.15101
1.15209
1.15184
1.15064
1.14804
1.14317
1.13563
1.12601
1.11595
1.10753
1.10254
1.10185
1.10508
1.11078
1.11704
1.12222
1.12531
1.12588
1.12393
1.11971
1.1136
1.10601
1.09722
1.0875
1.07692
1.0655
1.05334
1.04074
1.02842
1.01747
1.009
1.00371
1.00153
1.00162
1.00287
1.00431
1.00549
1.00651
1.00786
1.01015
1.01393
1.0196
1.02704
1.03519
1.04242
1.04722
1.04879
1.04699
1.04206
1.03452
1.02527
1.01559
1.00704
1.00122
0.999505
1.00279
1.01126
1.02419
1.03997
1.05642
1.07099
1.08117
1.0848
1.08066
1.06927
1.05373
1.03924
1.0307
1.02968
1.03377
1.03896
1.04257
1.04442
1.04625
1.05014
1.05691
1.06589
1.07573
1.08503
1.09263
1.09746
1.09866
1.09583
1.08914
1.07936
1.06754
1.05467
1.04139
1.028
1.01499
1.00331
0.99461
0.990791
0.993165
1.00169
1.01478
1.02977
1.04385
1.05484
1.06176
1.06502
1.06623
1.06766
1.07162
1.07957
1.09178
1.10735
1.12472
1.14227
1.15864
1.17267
1.18328
1.18935
1.18984
1.18404
1.17179
1.15356
1.13059
1.10465
1.07795
1.05288
1.03166
1.01603
1.00685
1.00407
1.00686
1.01387
1.02339
1.03361
1.0429
1.05015
1.05525
1.05972
1.06606
1.0755
1.08613
1.09401
1.09593
1.09061
1.07835
1.06052
1.03936
1.01794
0.999619
0.987188
0.981887
0.982997
0.98835
0.995467
1.00248
1.00851
1.0136
1.0184
1.02368
1.02981
1.03617
1.04119
1.04279
1.03915
1.02947
1.0143
0.995642
0.976759
0.961459
0.952804
0.951808
0.957048
0.965593
0.974404
0.981256
0.984944
0.985173
0.982197
0.976488
0.968661
0.959529
0.950197
0.942261
0.938092
0.940283
0.9497
0.963932
0.978699
0.99076
0.999312
1.00538
1.01063
1.01651
1.02386
1.03289
1.04306
1.05314
1.06143
1.06624
1.06655
1.0623
1.05451
1.04482
1.03495
1.0262
1.01917
1.01406
1.01123
1.01168
1.01711
1.02915
1.04817
1.07262
1.0992
1.12401
1.14365
1.1559
1.15964
1.15458
1.14095
1.11938
1.09124
1.05908
1.02659
0.997892
0.976441
0.964371
0.962295
0.969306
0.983306
1.00154
1.02113
1.03941
1.05433
1.06515
1.07288
1.07989
1.08847
1.09937
1.11164
1.12363
1.13385
1.14093
1.14361
1.14112
1.13354
1.12173
1.10699
1.09063
1.07375
1.05721
1.04134
1.02603
1.01112
0.997393
0.9873
0.983903
0.988146
0.997802
1.00956
1.02161
1.03395
1.04706
1.06075
1.07405
1.0858
1.09515
1.10165
1.10501
1.10483
1.10058
1.092
1.07976
1.06561
1.052
1.04131
1.03513
1.03389
1.03702
1.04335
1.05153
1.06037
1.06907
1.07711
1.08422
1.0903
1.09548
1.09995
1.10383
1.1069
1.1086
1.10819
1.10497
1.09863
1.08944
1.07841
1.06712
1.05741
1.05085
1.04815
1.04891
1.05174
1.05494
1.05736
1.05898
1.06051
1.06232
1.06407
1.06551
1.0672
1.07016
1.07511
1.0819
1.0896
1.09695
1.10276
1.10642
1.10803
1.10839
1.10858
1.10941
1.11113
1.11364
1.11657
1.11944
1.12168
1.12272
1.12205
1.11931
1.11423
1.10663
1.09658
1.08452
1.07148
1.05906
1.04927
1.04391
1.04391
1.04898
1.05785
1.06888
1.08051
1.09145
1.10066
1.10745
1.11159
1.11334
1.11343
1.11281
1.11238
1.1126
1.11345
1.11434
1.11439
1.11268
1.1086
1.10198
1.0933
1.08368
1.0747
1.06801
1.06478
1.06534
1.0693
1.07572
1.08353
1.09162
1.099
1.10496
1.1095
1.11358
1.11884
1.12645
1.13564
1.14345
1.14619
1.14112
1.12734
1.10605
1.08031
1.05437
1.03249
1.01748
1.00974
1.0075
1.00806
1.00912
1.00969
1.0101
1.01166
1.01562
1.02215
1.03011
1.03775
1.04371
1.04745
1.04893
1.04827
1.04549
1.04055
1.03348
1.02476
1.01539
1.00697
1.00137
1.00019
1.00418
1.01311
1.02587
1.04084
1.05629
1.0706
1.08259
1.09168
1.09803
1.10237
1.1056
1.10819
1.1097
1.10878
1.10374
1.09353
1.07836
1.05987
1.04039
1.02199
1.00598
0.993236
0.984569
0.980631
0.981388
0.98622
0.994458
1.00553
1.01844
1.03148
1.0426
1.05026
1.05383
