   0.0128248           0           0
   0.0384745           0           0
   0.0641241           0           0
   0.0897737           0           0
    0.115423           0           0
    0.141073           0           0
    0.166723           0           0
    0.192372           0           0
    0.218022           0           0
    0.243672           0           0
    0.269321           0           0
    0.294971           0           0
     0.32062           0           0
     0.34627           0           0
     0.37192           0           0
    0.397569           0           0
    0.423219           0           0
    0.448869           0           0
    0.474518           0           0
    0.500168           0           0
    0.525818           0           0
    0.551467           0           0
    0.577117           0           0
    0.602767           0           0
    0.628416           0           0
    0.654066           0           0
    0.679715           0           0
    0.705365           0           0
    0.731015           0           0
    0.756664           0           0
    0.782314           0           0
    0.807964           0           0
    0.833613           0           0
    0.859263 1.16714e-05 9.70451e-06
    0.884913  0.00123802 8.18069e-05
    0.910562   0.0244315 0.000286238
    0.936212    0.166879  0.00102857
    0.961861    0.563319  0.00268484
    0.987511     1.20005  0.00404244
     1.01316      1.8611  0.00454052
     1.03881     2.33422  0.00394795
     1.06446     2.55008  0.00325739
     1.09011     2.54948  0.00148894
     1.11576     2.40877  0.00287241
     1.14141     2.19724  0.00217433
     1.16706     1.97136  0.00328973
     1.19271     1.75652  0.00364837
     1.21836     1.55806  0.00286303
     1.24401     1.39115  0.00273902
     1.26966      1.2448  0.00378401
     1.29531     1.12696  0.00232805
     1.32096     1.02755  0.00215021
     1.34661    0.942854  0.00132944
     1.37226    0.873509  0.00171372
     1.39791    0.818348  0.00157521
     1.42355    0.775079  0.00141808
      1.4492    0.739277  0.00168212
     1.47485    0.713378  0.00116686
      1.5005    0.690848 0.000826417
     1.52615    0.678127  0.00120459
      1.5518    0.672112  0.00108313
     1.57745    0.672094  0.00150349
      1.6031    0.673783   0.0016194
     1.62875    0.684869  0.00125912
      1.6544    0.699701  0.00206313
     1.68005    0.721504  0.00182052
      1.7057    0.745999  0.00224026
     1.73135      0.7795  0.00160389
       1.757    0.814574  0.00170964
     1.78265    0.852793   0.0012434
      1.8083    0.894406  0.00111999
     1.83395     0.93462  0.00140705
      1.8596    0.976656 0.000862943
     1.88525     1.01748 0.000969933
      1.9109     1.05812  0.00110452
     1.93655     1.09649 0.000866375
      1.9622     1.12953  0.00096113
     1.98785     1.16016  0.00106699
      2.0135     1.18661 0.000703427
     2.03915     1.20436  0.00124614
      2.0648     1.21422  0.00140062
     2.09045     1.21574  0.00130853
      2.1161     1.21021   0.0016197
     2.14174     1.19695  0.00104815
     2.16739     1.17619  0.00139287
     2.19304     1.15182  0.00105676
     2.21869     1.12552  0.00155652
     2.24434     1.09677  0.00110828
     2.26999     1.06878  0.00101819
     2.29564     1.04052  0.00078259
     2.32129     1.01447  0.00105735
     2.34694    0.989494  0.00116566
     2.37259    0.966547  0.00100653
     2.39824    0.946737 0.000965231
     2.42389    0.930453 0.000759424
     2.44954    0.917896  0.00110613
     2.47519    0.907612 0.000685925
     2.50084    0.893977  0.00137336
     2.52649    0.884496  0.00085387
     2.55214    0.883882 0.000878948
