         0.5    -0.974542  0.000276855     0.326384   0.00247439    0.0455193    0.0278878      79.4512      0.25746
    0.666667    -0.906271   0.00025414     0.429825   0.00168175   0.00346956   0.00613804      29.6464      0.16922
    0.833333    -0.833552  0.000234039     0.438942   0.00101401   0.00049762   0.00276988      13.1481     0.078322
           1    -0.761459  0.000177979     0.421304  0.000695223  -0.00091366   0.00115541       7.4067    0.0233095
     1.16667    -0.694696  0.000143618     0.379413  0.000681409   0.00123318    0.0010038      4.75714    0.0139572
     1.33333     -0.63507  0.000149645       0.3349  0.000367673   0.00109944  0.000773589      3.35613   0.00567381
         1.5    -0.582686  0.000110307     0.293519  0.000312821   0.00050858  0.000583448      2.52363   0.00417174
     1.66667    -0.537238  0.000134603     0.255944  0.000331566    0.0003575  0.000493718      1.99389    0.0038999
     1.83333    -0.497064  0.000134215     0.224184  0.000317458   0.00057824  0.000574406      1.62246   0.00235993
           2    -0.462174  7.12504e-05     0.196817  0.000194641   0.00017286  0.000375131      1.35833   0.00208924
