           1   0.0609812   0.0609812           0
           2    0.150115    0.105548   0.0445668
           3    0.109083    0.106726   0.0257576
           4    0.009874   0.0825133   0.0302985
           5    0.273876    0.120786   0.0448954
           6  -0.0538416   0.0916813   0.0468061
           7      0.2466    0.113813   0.0453283
           8    0.164031     0.12009   0.0397542
           9   -0.038518    0.102467   0.0392399
          10  -0.0081604    0.091404   0.0367994
          11     0.13168   0.0950655   0.0334871
          12  -0.0303976   0.0846102   0.0323079
          13   -0.152488   0.0663719   0.0348691
          14    0.004446   0.0619486   0.0325841
          15   -0.050844   0.0544291   0.0312523
          16    0.013708    0.051884   0.0293444
          17    0.129467   0.0564477   0.0279395
          18   0.0967044   0.0586842   0.0264364
          19   0.0859112   0.0601172   0.0250473
          20   -0.231841   0.0455193   0.0278878
           1   0.0185128   0.0185128           0
           2    0.067378   0.0429454   0.0244326
           3   -0.016432   0.0231529   0.0243048
           4    -0.01792   0.0128847     0.02002
           5  -0.0270388      0.0049   0.0174423
           6  -0.0330488  -0.0014248   0.0155829
           7   0.0077068-0.000120286   0.0132344
           8   0.0216276   0.0025982   0.0117793
           9  -0.0240784-0.000365867    0.010803
          10   -0.008604 -0.00118968  0.00969752
          11   0.0065028-0.000490364  0.00879957
          12  -0.0068168 -0.00101757  0.00805015
          13   0.0280936  0.00122175  0.00773625
          14   0.0364696  0.00373946    0.007592
          15  -0.0317892  0.00137088  0.00745409
          16   0.0123164  0.00205497  0.00700614
          17  -0.0147184  0.00106831  0.00665467
          18   0.0493548  0.00375089  0.00682352
          19   0.0061796  0.00387872  0.00645567
          20  -0.0043044  0.00346956  0.00613804
           1  -0.0241492  -0.0241492           0
           2   0.0001744  -0.0119874   0.0121618
           3  -0.0205208  -0.0148319  0.00757589
           4  -0.0063336  -0.0127073  0.00576288
           5   0.0082824 -0.00850936  0.00612774
           6  -0.0010872 -0.00727233  0.00515393
           7   0.0175892 -0.00372069   0.0056203
           8  -0.0083732 -0.00430225  0.00490195
           9    0.002994 -0.00349156  0.00439847
          10   0.0131268 -0.00182972   0.0042707
          11     0.00226 -0.00145793  0.00388085
          12   0.0201948 0.000346467  0.00397576
          13   0.0063836 0.000810862  0.00368653
          14    8.84e-05 0.000759257  0.00341345
          15    0.001468 0.000806507   0.0031781
          16  -0.0240732-0.000748475  0.00335496
          17   0.0068192-0.000303318  0.00318272
          18   0.0039144    -6.9e-05  0.00300984
          19   -0.000944-0.000115053  0.00284739
          20   0.0121384  0.00049762  0.00276988
           1   0.0089588   0.0089588           0
           2   0.0073144   0.0081366   0.0008222
           3   -0.007386   0.0029624  0.00519593
           4  -0.0064204   0.0006167  0.00435903
           5  -0.0047712 -0.00046088  0.00354427
           6  -0.0093476   -0.001942  0.00325089
           7   0.0011208 -0.00150446  0.00278213
           8   0.0041788 -0.00079405  0.00251194
           9    0.003242  -0.0003456  0.00226026
          10     0.00407   9.596e-05   0.0020693
          11   -0.002728-0.000160764  0.00188927
          12  -0.0018924-0.000305067  0.00173069
          13  -0.0063128  -0.0007672  0.00165772
          14   -0.002752-0.000908971  0.00154129
          15   0.0005624 -0.00081088  0.00143821
          16   -0.006862 -0.00118908  0.00139747
          17  -0.0040504 -0.00135739  0.00132344
          18    0.000944 -0.00122953  0.00125428
          19   0.0039196-0.000958526  0.00121699
          20   -6.12e-05 -0.00091366  0.00115541
           1   0.0020904   0.0020904           0
           2   0.0019332   0.0020118    7.86e-05
           3    0.002526   0.0021832 0.000177306
           4  -0.0063204    5.73e-05  0.00212959
           5   0.0049532  0.00103648  0.00191831
           6   0.0009812  0.00102727  0.00156632
           7  -0.0024152 0.000535486  0.00141218
           8  -0.0047024 -0.00011925  0.00138721
           9   -0.000546-0.000166667  0.00122433
          10  -0.0050284 -0.00065284  0.00119814
          11  -0.0034628-0.000908291  0.00111346
          12   0.0051448-0.000403867  0.00113473
          13   0.0081008 0.000250338  0.00123187
          14   0.0039828 0.000516943  0.00117123
          15   0.0080348  0.00101813  0.00120003
          16   0.0065676  0.00136498  0.00117489
          17  -0.0046868  0.00100899  0.00115961
          18    0.000198 0.000963933  0.00109422
          19   0.0049728  0.00117493  0.00105631
          20     0.00234  0.00123318   0.0010038
           1   0.0043136   0.0043136           0
           2  -0.0005716    0.001871   0.0024426
           3    0.003064  0.00226867  0.00146523
           4   0.0046988   0.0028762  0.00120106
           5   0.0007328  0.00244752  0.00102435
           6  -0.0048444   0.0012322  0.00147531
           7  -0.0002512  0.00102029  0.00126474
           8  -0.0018404   0.0006627  0.00115219
           9   0.0027504 0.000894667  0.00104228
          10   -0.002688   0.0005364 0.000998715
          11   0.0013064   0.0006064  0.00090608
          12   0.0049172 0.000965633 0.000901776
          13    -0.00548 0.000469815 0.000966399
          14  -0.0008152 0.000378029 0.000899407
          15   0.0025276 0.000521333 0.000849478
          16   0.0056724 0.000843275 0.000857355
          17   0.0012624 0.000867929 0.000805722
          18   -0.001872 0.000715711 0.000774743
          19   0.0016176 0.000763179 0.000734369
          20   0.0074884  0.00109944 0.000773589
           1   0.0008488   0.0008488           0
           2   0.0013592    0.001104   0.0002552
           3   0.0006888   0.0009656 0.000202147
           4   0.0024872    0.001346 0.000406369
           5   0.0019716  0.00147112 0.000338728
           6  -0.0052504 0.000350867  0.00115389
           7   0.0012348 0.000477143 0.000983355
           8      -4e-06    0.000417 0.000853732
           9   0.0048464 0.000909156 0.000899503
          10   0.0022348  0.00104172 0.000815389
          11   -0.000908 0.000864473 0.000758546
          12   -0.002248   0.0006051 0.000739437
          13  -0.0030992 0.000320154 0.000737458
          14   0.0003536 0.000322543 0.000682757
          15   0.0006252  0.00034272 0.000635933
          16   0.0022092 0.000459375 0.000606191
          17  -0.0029488 0.000258894 0.000603679
          18   0.0057188 0.000562222 0.000644937
          19   0.0009088 0.000580463 0.000610322
          20  -0.0008572  0.00050858 0.000583448
           1      -6e-06      -6e-06           0
           2   0.0005992   0.0002966   0.0003026
           3    0.001652   0.0007484 0.000484402
           4  -0.0002656   0.0004949 0.000426128
           5   -9.48e-05  0.00037696 0.000350515
           6   0.0027016   0.0007644 0.000481681
           7  -0.0010684 0.000502571 0.000484025
           8    0.000774   0.0005365 0.000420549
           9    0.004832  0.00101378 0.000604444
          10     9.6e-05    0.000922 0.000548366
          11   0.0004504 0.000879127 0.000497865
          12   0.0012684 0.000911567 0.000455643
          13  -0.0033604 0.000582954 0.000532595
          14  -0.0023904 0.000370571 0.000536881
          15  -0.0010992 0.000272587 0.000509323
          16    0.002832  0.00043255 0.000502565
          17   -0.001296 0.000330871 0.000482904
          18   0.0037736 0.000522133 0.000493829
          19   -0.003686 0.000300653 0.000516963
          20   0.0014376   0.0003575 0.000493718
           1   0.0001796   0.0001796           0
           2    -0.00091  -0.0003652   0.0005448
           3   0.0009124 6.06667e-05 0.000529432
           4   0.0007108   0.0002232 0.000408125
           5   0.0015856  0.00049568 0.000417355
           6  -0.0046168  -0.0003564 0.000917695
           7   0.0002468-0.000270229 0.000780366
           8   0.0036804   0.0002236 0.000837015
           9  -0.0025104-8.01778e-05 0.000798241
          10   0.0053992  0.00046776 0.000899992
          11  -0.0008568 0.000347345 0.000822931
          12   0.0059756 0.000816367 0.000885623
          13  -0.0016112 0.000629631 0.000835782
          14   0.0017948 0.000712857 0.000778247
          15   -2.36e-05  0.00066376  0.00072617
          16  -0.0011492  0.00055045 0.000688656
          17    0.002418 0.000660306 0.000656141
          18   0.0002364 0.000636756 0.000619064
          19   0.0019868 0.000707811 0.000589871
          20  -0.0018836  0.00057824 0.000574406
           1   -1.56e-05   -1.56e-05           0
           2  -0.0029352  -0.0014754   0.0014598
           3   -0.000238 -0.00106293 0.000938332
           4   0.0038228   0.0001585  0.00139001
           5   0.0009332  0.00031344  0.00108779
           6   0.0004824   0.0003416 0.000888623
           7   0.0015512   0.0005144 0.000770646
           8   -0.002622  0.00012235 0.000774032
           9  -0.0006452 3.70667e-05 0.000687939
          10    0.000792  0.00011256 0.000619925
          11   0.0019676   0.0002812 0.000585553
          12    0.002346 0.000453267 0.000561546
          13   -1.92e-05 0.000416923 0.000517824
          14  -0.0016896 0.000266457  0.00050247
          15  -0.0010056 0.000181653 0.000475399
          16   0.0012768   0.0002501 0.000449932
          17     0.00108 0.000298918 0.000425447
          18  -0.0001468 0.000274156 0.000401879
          19  -0.0017892 0.000165558 0.000395347
          20   0.0003116  0.00017286 0.000375131
