           1    0.341938    0.341938           0
           2    0.329546    0.335742  0.00619581
           3    0.320792    0.330759  0.00613444
           4    0.324433    0.329177    0.004617
           5    0.337337    0.330809  0.00393111
           6    0.340328    0.332396  0.00358037
           7    0.332634     0.33243  0.00302615
           8    0.334019    0.332628  0.00262824
           9    0.316331    0.330817  0.00294136
          10    0.317208    0.329456  0.00296203
          11    0.311143    0.327792  0.00315438
          12    0.344781    0.329207  0.00320878
          13    0.306269    0.327443  0.00343887
          14    0.308241    0.326071  0.00346665
          15    0.329174    0.326278   0.0032339
          16    0.329862    0.326502  0.00303332
          17    0.317007    0.325944  0.00290353
          18    0.330602    0.326202  0.00274968
          19    0.329896    0.326397  0.00260819
          20    0.326133    0.326384  0.00247439
           1    0.430869    0.430869           0
           2    0.432304    0.431587 0.000717197
           3    0.420014    0.427729  0.00387966
           4    0.419943    0.425783  0.00336374
           5     0.42656    0.425938  0.00261018
           6    0.431334    0.426838  0.00231319
           7      0.4301    0.427304  0.00200978
           8    0.421843    0.426621  0.00186956
           9    0.433558    0.427392  0.00182008
          10     0.43484    0.428137   0.0017902
          11    0.446477    0.429804  0.00232426
          12    0.441988    0.430819  0.00235217
          13    0.441615     0.43165  0.00231757
          14    0.422743    0.431014  0.00223798
          15    0.423654    0.430523  0.00214044
          16    0.430742    0.430537  0.00200224
          17    0.421834    0.430025   0.0019492
          18    0.424774    0.429733  0.00186073
          19    0.428028    0.429643  0.00176236
          20    0.433275    0.429825  0.00168175
           1    0.432854    0.432854           0
           2    0.438348    0.435601  0.00274706
           3     0.44157    0.437591  0.00254445
           4    0.439881    0.438163  0.00188805
           5    0.434062    0.437343  0.00167682
           6    0.433979    0.436783  0.00147947
           7    0.437351    0.436864  0.00125302
           8    0.442858    0.437613  0.00131869
           9    0.445768    0.438519   0.0014743
          10    0.444391    0.439106  0.00144349
          11    0.442174    0.439385  0.00133513
          12    0.437569    0.439234  0.00122817
          13    0.443089     0.43953  0.00116801
          14    0.439312    0.439515  0.00108148
          15    0.442452    0.439711  0.00102568
          16    0.435998    0.439479 0.000987093
          17    0.437251    0.439348 0.000936426
          18    0.431586    0.438916 0.000982532
          19    0.446072    0.439293  0.00100279
          20    0.432273    0.438942  0.00101401
           1     0.41983     0.41983           0
           2    0.427496    0.423663  0.00383278
           3    0.419519    0.422282  0.00260854
           4    0.418892    0.421434  0.00202989
           5    0.423387    0.421825  0.00162014
           6    0.419261    0.421398  0.00139015
           7    0.422563    0.421564  0.00118663
           8    0.421959    0.421613  0.00102884
           9    0.418569    0.421275 0.000968372
          10    0.424486    0.421596 0.000923742
          11    0.424548    0.421865 0.000877597
          12    0.418199    0.421559 0.000857392
          13    0.423583    0.421715 0.000803911
          14    0.421858    0.421725 0.000744348
          15    0.417413    0.421438 0.000750217
          16    0.423289    0.421553 0.000711241
          17    0.415271    0.421184 0.000763486
          18    0.424504    0.421368 0.000743081
          19    0.418084    0.421195 0.000723824
          20    0.423369    0.421304 0.000695223
           1    0.381024    0.381024           0
           2    0.375385    0.378204   0.0028191
           3    0.378481    0.378297  0.00163022
           4     0.38063     0.37888  0.00129197
           5    0.374154    0.377935  0.00137654
           6    0.384187    0.378977   0.0015326
           7    0.380028    0.379127  0.00130396
           8    0.384303    0.379774  0.00130145
           9    0.380347    0.379838  0.00114954
          10    0.381317    0.379985  0.00103876
          11    0.379745    0.379964 0.000939851
          12    0.379223    0.379902 0.000860179
          13    0.375429    0.379558 0.000862808
          14    0.376683    0.379352  0.00082478
          15    0.374624    0.379037 0.000830025
          16     0.37892     0.37903 0.000776452
          17    0.379835    0.379077 0.000730884
          18    0.384105    0.379357 0.000743538
          19    0.378085     0.37929 0.000706491
          20    0.381747    0.379413 0.000681409
           1    0.335123    0.335123           0
           2    0.334015    0.334569 0.000554045
           3    0.333924    0.334354 0.000385525
           4    0.332561    0.333906 0.000524644
           5    0.333882    0.333901 0.000406415
           6     0.33524    0.334124 0.000399882
           7    0.333056    0.333972 0.000370822
           8    0.333133    0.333867 0.000337832
           9    0.336238     0.33413 0.000397706
          10    0.334421    0.334159 0.000356906
          11    0.334173     0.33416 0.000322836
          12    0.337455    0.334435 0.000402771
          13    0.337619     0.33468 0.000444134
          14    0.334811    0.334689 0.000411295
          15    0.333235    0.334592 0.000394986
          16     0.33329    0.334511 0.000378336
          17    0.335922    0.334594 0.000364949
          18    0.335281    0.334632 0.000346186
          19    0.338255    0.334823 0.000378922
          20    0.336367      0.3349 0.000367673
           1    0.293682    0.293682           0
           2    0.292719      0.2932 0.000481541
           3    0.292663    0.293021   0.0003307
           4    0.294986    0.293512 0.000543934
           5    0.294429    0.293696 0.000459532
           6    0.291454    0.293322 0.000529491
           7    0.295283    0.293602 0.000527954
           8     0.29487    0.293761 0.000483904
           9     0.29403    0.293791 0.000427811
          10    0.293787     0.29379 0.000382646
          11    0.293007    0.293719 0.000353357
          12    0.290772    0.293474 0.000405412
          13    0.292869    0.293427 0.000375809
          14    0.296173    0.293623 0.000399408
          15    0.292595    0.293555 0.000378093
          16    0.292513     0.29349 0.000359621
          17    0.291788    0.293389 0.000352321
          18    0.293393     0.29339 0.000332172
          19    0.294248    0.293435 0.000317431
          20    0.295128    0.293519 0.000312821
           1    0.259932    0.259932           0
           2    0.256808     0.25837  0.00156189
           3    0.253969    0.256903    0.001722
           4    0.256636    0.256836  0.00121946
           5    0.256404     0.25675 0.000948543
           6    0.257545    0.256882 0.000785744
           7    0.255649    0.256706 0.000687028
           8    0.254394    0.256417 0.000661482
           9    0.254477    0.256201 0.000621925
          10    0.255256    0.256107 0.000564244
          11     0.25416     0.25593  0.00054021
          12    0.257691    0.256077 0.000514507
          13     0.25588    0.256061  0.00047352
          14    0.255513    0.256022 0.000440142
          15    0.255625    0.255996 0.000410603
          16    0.257721    0.256104 0.000398932
          17     0.25545    0.256065 0.000376698
          18    0.254481    0.255977 0.000365899
          19    0.256199    0.255989 0.000346303
          20    0.255094    0.255944 0.000331566
           1    0.224057    0.224057           0
           2    0.223822    0.223939 0.000117783
           3     0.22572    0.224533 0.000597239
           4    0.225485    0.224771 0.000484775
           5    0.222464    0.224309 0.000594882
           6    0.222709    0.224043 0.000554114
           7    0.226241    0.224357 0.000563879
           8    0.225733    0.224529 0.000517755
           9    0.224488    0.224524  0.00045664
          10    0.223866    0.224458  0.00041371
          11    0.223412    0.224363 0.000386111
          12    0.224689    0.224391 0.000353515
          13    0.225042    0.224441 0.000329024
          14    0.221395    0.224223 0.000374344
          15     0.22385    0.224198  0.00034938
          16    0.223629    0.224163 0.000328747
          17    0.224334    0.224173 0.000308968
          18    0.226958    0.224327 0.000329837
          19    0.222084    0.224209 0.000333586
          20    0.223708    0.224184 0.000317458
           1    0.196604    0.196604           0
           2    0.197379    0.196991 0.000387466
           3    0.197822    0.197268 0.000355983
           4    0.195195     0.19675 0.000576322
           5    0.195668    0.196534 0.000496091
           6    0.196309    0.196496 0.000406776
           7    0.197487    0.196638  0.00037178
           8    0.197146    0.196701 0.000328174
           9    0.197092    0.196745 0.000292664
          10    0.196514    0.196722 0.000262783
          11    0.195851    0.196642  0.00025054
          12    0.196369     0.19662 0.000229841
          13    0.198546    0.196768 0.000258164
          14    0.197428    0.196815 0.000243625
          15    0.197552    0.196864 0.000232063
          16    0.197309    0.196892 0.000218848
          17    0.196991    0.196898 0.000205655
          18    0.195161    0.196801 0.000216584
          19    0.196956    0.196809 0.000205031
          20    0.196952    0.196817 0.000194641
