           1     77.7412     77.7412           0
           2     79.1011     78.4212    0.679912
           3     79.8533     78.8985    0.618046
           4     79.3846       79.02    0.453603
           5     78.8425     78.9845     0.35315
           6     78.4489     78.8953    0.301848
           7     79.1027     78.9249    0.256824
           8     78.5463     78.8776    0.227396
           9     80.1301     79.0167    0.244106
          10     79.7785     79.0929    0.231243
          11     81.4721     79.3092    0.300884
          12     78.2707     79.2227    0.287979
          13     81.3778     79.3884    0.312502
          14     81.8248     79.5625    0.337626
          15     79.7117     79.5724     0.31447
          16     77.9061     79.4683    0.312052
          17     80.4958     79.5287    0.299288
          18     79.3141     79.5168    0.282424
          19     78.7989      79.479    0.269805
          20     78.9238     79.4512     0.25746
           1     29.5908     29.5908           0
           2     29.8284     29.7096    0.118798
           3      30.055     29.8247    0.134014
           4     29.1113     29.6464    0.201952
           5     28.7255     29.4622    0.241642
           6     30.7193     29.6717    0.287795
           7     29.9776     29.7154    0.247125
           8     28.4324      29.555    0.267439
           9     30.3925     29.6481     0.25355
          10     29.0734     29.5906     0.23395
          11     29.9864     29.6266    0.214652
          12      29.691      29.632    0.196023
          13     31.3707     29.7657    0.224503
          14     29.9192     29.7767    0.208138
          15     28.6953     29.7046    0.206743
          16     29.5785     29.6967    0.193551
          17     29.0653     29.6596    0.185564
          18     29.1219     29.6297    0.177483
          19     29.0243     29.5978    0.170879
          20     30.5686     29.6464     0.16922
           1     12.8079     12.8079           0
           2     12.6055     12.7067    0.101193
           3     13.5739     12.9958     0.29492
           4     12.9797     12.9918    0.208579
           5     13.0086     12.9951    0.161599
           6      13.145     13.0201    0.134289
           7     12.5667     12.9553    0.130676
           8     13.2943     12.9977     0.12084
           9     13.1852     13.0186    0.108589
          10     13.7977     13.0965    0.124512
          11     12.7552     13.0654    0.116821
          12     13.3576     13.0898    0.109387
          13     13.5984     13.1289     0.10796
          14     13.2887     13.1403    0.100601
          15     13.4916     13.1637   0.0965376
          16       13.45     13.1816   0.0920586
          17     12.7016     13.1534   0.0909675
          18     12.9165     13.1402   0.0867687
          19     13.1286     13.1396   0.0820773
          20     13.3085     13.1481    0.078322
           1     7.12692     7.12692           0
           2     7.40735     7.26713    0.140212
           3     7.35196     7.29541   0.0857468
           4     7.49117     7.34435   0.0779189
           5     7.46015     7.36751   0.0646468
           6     7.29269     7.35504   0.0542369
           7     7.57677     7.38671   0.0557184
           8     7.53609     7.40539   0.0517404
           9     7.38834     7.40349     0.04567
          10     7.48995     7.41214   0.0417534
          11      7.5407     7.42383   0.0395345
          12      7.4075     7.42246   0.0361155
          13     7.44584     7.42426   0.0332701
          14     7.45116     7.42618   0.0308619
          15     7.29061     7.41715   0.0301191
          16     7.42352     7.41754   0.0281766
          17     7.36153     7.41425   0.0266716
          18     7.42813     7.41502   0.0251581
          19     7.31914     7.40997   0.0243263
          20     7.34443      7.4067   0.0233095
           1     4.84896     4.84896           0
           2     4.77047     4.80971   0.0392438
           3      4.6545     4.75798   0.0564831
           4     4.83253     4.77661   0.0440743
           5     4.70581     4.76245   0.0369598
           6     4.87219     4.78074    0.035287
           7     4.76259     4.77815   0.0299355
           8     4.74937     4.77455   0.0261733
           9       4.774     4.77449   0.0230828
          10     4.81521     4.77856   0.0210436
          11     4.74891     4.77587   0.0192245
          12     4.79944     4.77783   0.0176591
          13     4.67818     4.77017   0.0179619
          14     4.72418     4.76688   0.0169508
          15     4.73295     4.76462   0.0159416
          16     4.77738     4.76542   0.0149333
          17     4.78859     4.76678   0.0140935
          18     4.76979     4.76695   0.0132885
          19     4.70547     4.76371   0.0129795
          20     4.63229     4.75714   0.0139572
           1     3.30381     3.30381           0
           2     3.38342     3.34362   0.0398043
           3     3.35761     3.34828   0.0234493
           4     3.39754      3.3606   0.0206546
           5     3.33492     3.35546   0.0168031
           6     3.34698     3.35405   0.0137923
           7     3.35608     3.35434   0.0116602
           8     3.36582     3.35577   0.0101996
           9      3.3543     3.35561  0.00899667
          10     3.35027     3.35508  0.00806456
          11     3.32366     3.35222  0.00783385
          12     3.34059     3.35125  0.00721663
          13     3.35606     3.35162  0.00664861
          14     3.36643     3.35268  0.00624568
          15     3.31662     3.35028  0.00629176
          16     3.37455     3.35179  0.00607774
          17     3.37512     3.35316   0.0058716
          18     3.33894     3.35237  0.00559195
          19     3.38192     3.35393  0.00551327
          20     3.39791     3.35613  0.00567381
           1     2.54003     2.54003           0
           2     2.49521     2.51762   0.0224075
           3      2.5363     2.52385   0.0143568
           4     2.54017     2.52793   0.0109415
           5     2.49719     2.52178   0.0104705
           6     2.53556     2.52408  0.00885215
           7     2.49909     2.52051  0.00828963
           8     2.56086     2.52555  0.00877425
           9     2.54328     2.52752   0.0079849
          10     2.52508     2.52728   0.0071461
          11      2.5031     2.52508   0.0068273
          12     2.51094      2.5239  0.00634279
          13      2.5322     2.52454  0.00586937
          14     2.51363     2.52376  0.00548959
          15     2.54849     2.52541  0.00536995
          16     2.52983     2.52569  0.00503073
          17     2.50727      2.5246  0.00484812
          18     2.50955     2.52377  0.00464669
          19      2.5212     2.52363   0.0043974
          20     2.52353     2.52363  0.00417174
           1     2.00878     2.00878           0
           2     1.98662      1.9977   0.0110801
           3      1.9889     1.99476   0.0070369
           4     1.99806     1.99559  0.00504356
           5     1.98289     1.99305  0.00465944
           6     1.96694      1.9887  0.00577945
           7     1.98817     1.98862  0.00488512
           8     2.01662     1.99212  0.00549044
           9     2.00971     1.99408   0.0052214
          10     2.00784     1.99545  0.00486891
          11     1.99503     1.99541  0.00440426
          12     2.01374     1.99694  0.00430081
          13     2.01767     1.99854  0.00426555
          14     2.00287     1.99885  0.00396127
          15     2.00426     1.99921  0.00370536
          16     1.96351     1.99698  0.00412195
          17     1.99777     1.99702  0.00387219
          18     1.96743     1.99538  0.00400373
          19     1.96508     1.99378  0.00410922
          20     1.99599     1.99389   0.0038999
           1      1.6135      1.6135           0
           2     1.62851     1.62101  0.00750851
           3     1.62596     1.62266  0.00463891
           4     1.62291     1.62272   0.0032808
           5     1.62121     1.62242  0.00255909
           6     1.61741     1.62158  0.00224993
           7     1.63758     1.62387  0.00297295
           8     1.62366     1.62384  0.00257479
           9     1.62375     1.62383  0.00227077
          10     1.63758     1.62521  0.00245249
          11     1.60371     1.62325   0.0029562
          12      1.6021     1.62149  0.00322334
          13     1.63513     1.62254  0.00314526
          14     1.62718     1.62287  0.00293072
          15     1.60771     1.62186  0.00290957
          16     1.61414     1.62138   0.0027641
          17     1.62682      1.6217  0.00261608
          18     1.62487     1.62187  0.00247273
          19     1.61819     1.62168  0.00234699
          20     1.63732     1.62246  0.00235993
           1     1.34979     1.34979           0
           2      1.3793     1.36454   0.0147534
           3     1.35138     1.36016  0.00958142
           4      1.3478     1.35707  0.00744643
           5     1.37247     1.36015  0.00653925
           6     1.34902     1.35829  0.00565243
           7     1.34521     1.35642  0.00512952
           8     1.37072     1.35821  0.00478833
           9     1.36845     1.35935  0.00437351
          10     1.35105     1.35852  0.00399876
          11     1.34907     1.35766  0.00371755
          12      1.3604     1.35789  0.00340131
          13     1.35872     1.35795  0.00312939
          14     1.36091     1.35816  0.00290493
          15     1.35833     1.35817  0.00270436
          16     1.36554     1.35863  0.00257121
          17     1.35999     1.35871  0.00241655
          18     1.35022     1.35824  0.00232667
          19     1.35975     1.35832  0.00220224
          20     1.35846     1.35833  0.00208924
