           1   -0.972512   -0.972512           0
           2   -0.974445   -0.973478   0.0009664
           3   -0.974958   -0.973972 0.000744773
           4   -0.974514   -0.974107 0.000543828
           5   -0.973533   -0.973992 0.000436642
           6   -0.973367   -0.973888 0.000371436
           7    -0.97442   -0.973964  0.00032298
           8   -0.973522   -0.973909 0.000285129
           9    -0.97541   -0.974076 0.000301771
          10   -0.974864   -0.974155 0.000281187
          11   -0.976352   -0.974354 0.000323415
          12   -0.973072   -0.974247  0.00031398
          13   -0.976904   -0.974452 0.000353801
          14   -0.976983   -0.974633 0.000374148
          15   -0.974728   -0.974639 0.000348371
          16   -0.973193   -0.974549 0.000338174
          17    -0.97559    -0.97461 0.000323516
          18   -0.974297   -0.974592  0.00030551
          19   -0.973858   -0.974554 0.000291555
          20   -0.974313   -0.974542 0.000276855
           1   -0.906758   -0.906758           0
           2   -0.906542    -0.90665   0.0001076
           3   -0.907774   -0.907025  0.00037965
           4   -0.905385   -0.906615 0.000490013
           5   -0.905482   -0.906388 0.000442058
           6   -0.907727   -0.906611 0.000424376
           7   -0.905965   -0.906519  0.00037036
           8   -0.904968   -0.906325 0.000374774
           9   -0.907174   -0.906419 0.000343706
          10   -0.904877   -0.906265 0.000343947
          11   -0.905853   -0.906228 0.000313361
          12   -0.905165   -0.906139 0.000299454
          13   -0.908555   -0.906325 0.000332297
          14   -0.907745   -0.906426 0.000323935
          15   -0.905102   -0.906338 0.000314232
          16   -0.906167   -0.906327 0.000294131
          17   -0.906281   -0.906325 0.000276301
          18   -0.905426   -0.906275 0.000265235
          19   -0.905013   -0.906208 0.000259529
          20   -0.907468   -0.906271  0.00025414
           1   -0.833381   -0.833381           0
           2   -0.831346   -0.832363   0.0010176
           3    -0.83359   -0.832772 0.000715743
           4    -0.83263   -0.832736 0.000507357
           5   -0.832583   -0.832706  0.00039419
           6   -0.832771   -0.832717 0.000322039
           7    -0.83273   -0.832719  0.00027218
           8   -0.833769    -0.83285 0.000269803
           9   -0.832334   -0.832793 0.000244741
          10   -0.835969    -0.83311 0.000385745
          11   -0.833461   -0.833142 0.000350372
          12   -0.834168   -0.833228 0.000331073
          13   -0.835176   -0.833377 0.000339425
          14   -0.834795   -0.833479  0.00033016
          15   -0.834063   -0.833518 0.000309822
          16     -0.8339   -0.833542 0.000290795
          17   -0.833014   -0.833511 0.000274909
          18   -0.833988   -0.833537 0.000260541
          19    -0.83369   -0.833545 0.000246577
          20   -0.833692   -0.833552 0.000234039
           1   -0.760062   -0.760062           0
           2   -0.760696   -0.760379   0.0003172
           3   -0.761192    -0.76065 0.000327133
           4   -0.762728   -0.761169 0.000568703
           5   -0.761589   -0.761253  0.00044843
           6   -0.760248   -0.761086 0.000402656
           7    -0.76219   -0.761244 0.000375116
           8   -0.762358   -0.761383  0.00035345
           9   -0.762705    -0.76153 0.000344589
          10   -0.762654   -0.761642  0.00032809
          11   -0.762081   -0.761682 0.000299436
          12   -0.761426   -0.761661 0.000274175
          13   -0.760952   -0.761606 0.000258029
          14   -0.760726   -0.761543 0.000247031
          15   -0.760778   -0.761492 0.000235559
          16   -0.761217   -0.761475 0.000221017
          17   -0.761802   -0.761494 0.000208501
          18   -0.761301   -0.761484  0.00019687
          19   -0.761423    -0.76148 0.000186248
          20   -0.761053   -0.761459 0.000177979
           1    -0.69455    -0.69455           0
           2   -0.695282   -0.694916    0.000366
           3   -0.693619   -0.694483 0.000481031
           4   -0.695056   -0.694627 0.000369029
           5   -0.694492     -0.6946 0.000287114
           6   -0.695211   -0.694702 0.000255625
           7   -0.695122   -0.694762  0.00022425
           8   -0.693822   -0.694644 0.000226992
           9   -0.694968    -0.69468 0.000203396
          10   -0.694248   -0.694637 0.000186986
          11   -0.694422   -0.694617 0.000170264
          12   -0.695866   -0.694721 0.000187061
          13   -0.695048   -0.694747 0.000173895
          14   -0.695805   -0.694822 0.000177856
          15    -0.69467   -0.694812 0.000165884
          16   -0.694046   -0.694764 0.000162396
          17   -0.694709   -0.694761  0.00015258
          18   -0.694206    -0.69473 0.000147124
          19   -0.695102    -0.69475 0.000140533
          20   -0.693682   -0.694696 0.000143618
           1   -0.634862   -0.634862           0
           2   -0.635349   -0.635106   0.0002432
           3   -0.635011   -0.635074 0.000143894
           4   -0.635241   -0.635116  0.00010995
           5   -0.634276   -0.634948 0.000188319
           6   -0.634818   -0.634926 0.000155286
           7   -0.635075   -0.634947 0.000132957
           8   -0.634274   -0.634863 0.000142663
           9   -0.635787   -0.634966 0.000162389
          10    -0.63521    -0.63499 0.000147276
          11   -0.635157   -0.635005 0.000134074
          12    -0.63335   -0.634867 0.000184442
          13   -0.635475   -0.634914 0.000175986
          14   -0.635421    -0.63495 0.000166902
          15   -0.635577   -0.634992 0.000160892
          16   -0.635525   -0.635025  0.00015414
          17   -0.635978   -0.635081 0.000155262
          18   -0.634019   -0.635022 0.000157831
          19   -0.634999   -0.635021 0.000149298
          20   -0.635987    -0.63507 0.000149645
           1   -0.582387   -0.582387           0
           2   -0.583266   -0.582827   0.0004396
           3   -0.582296    -0.58265 0.000309389
           4   -0.583316   -0.582816 0.000274944
           5    -0.58245   -0.582743 0.000225199
           6   -0.582782    -0.58275 0.000183986
           7   -0.582422   -0.582703 0.000162403
           8   -0.582525    -0.58268 0.000142393
           9   -0.582349   -0.582644 0.000130875
          10   -0.582594   -0.582639 0.000117162
          11   -0.581954   -0.582577 0.000122888
          12   -0.582932   -0.582606 0.000116026
          13   -0.582858   -0.582626 0.000108478
          14   -0.582405    -0.58261 0.000101661
          15   -0.583693   -0.582682 0.000119038
          16   -0.582946   -0.582699  0.00011257
          17   -0.582326   -0.582677 0.000107983
          18   -0.583581   -0.582727 0.000113525
          19    -0.58275   -0.582728 0.000107391
          20   -0.581882   -0.582686 0.000110307
           1   -0.538443   -0.538443           0
           2   -0.537194   -0.537819   0.0006244
           3   -0.537143   -0.537594 0.000425057
           4   -0.536936   -0.537429 0.000342584
           5   -0.537101   -0.537364 0.000273372
           6   -0.537262   -0.537347 0.000223853
           7   -0.536643   -0.537246 0.000214216
           8   -0.537821   -0.537318 0.000198941
           9   -0.537111   -0.537295 0.000176947
          10   -0.536466   -0.537212 0.000178641
          11   -0.537484   -0.537237 0.000163467
          12   -0.537671   -0.537273 0.000153553
          13   -0.538001   -0.537329 0.000151938
          14   -0.535959   -0.537231 0.000171349
          15   -0.538017   -0.537284 0.000167896
          16   -0.536469   -0.537233 0.000165101
          17   -0.537765   -0.537264 0.000158213
          18   -0.537105   -0.537255 0.000149427
          19   -0.537062   -0.537245 0.000141707
          20    -0.53711   -0.537238 0.000134603
           1   -0.497087   -0.497087           0
           2   -0.497541   -0.497314   0.0002268
           3   -0.497874   -0.497501 0.000228123
           4   -0.496073   -0.497144 0.000391751
           5   -0.496047   -0.496924  0.00037441
           6   -0.497917    -0.49709 0.000347574
           7   -0.496735   -0.497039 0.000298091
           8   -0.496894   -0.497021 0.000258788
           9    -0.49691   -0.497009 0.000228566
          10   -0.497497   -0.497058 0.000210181
          11   -0.496382   -0.496996 0.000199777
          12    -0.49623   -0.496932 0.000193213
          13   -0.497683    -0.49699  0.00018688
          14   -0.498075   -0.497068 0.000189585
          15    -0.49681    -0.49705 0.000177325
          16   -0.497132   -0.497056  0.00016595
          17   -0.496781   -0.497039 0.000156719
          18   -0.497291   -0.497053 0.000148417
          19   -0.496949   -0.497048 0.000140496
          20   -0.497363   -0.497064 0.000134215
           1   -0.462031   -0.462031           0
           2   -0.461997   -0.462014    1.72e-05
           3   -0.462172   -0.462067 5.35947e-05
           4   -0.461802      -0.462 7.63378e-05
           5   -0.462006   -0.462002 5.91432e-05
           6   -0.462963   -0.462162 0.000167384
           7   -0.462159   -0.462161 0.000141466
           8    -0.46218   -0.462164 0.000122535
           9   -0.462644   -0.462217  0.00012052
          10   -0.462058   -0.462201 0.000108959
          11   -0.462053   -0.462188 9.94769e-05
          12   -0.462458    -0.46221 9.35519e-05
          13   -0.462015   -0.462195 8.73536e-05
          14   -0.462574   -0.462222 8.52875e-05
          15    -0.46187   -0.462199 8.28076e-05
          16   -0.462151   -0.462196 7.75166e-05
          17   -0.461798   -0.462172 7.64899e-05
          18   -0.461846   -0.462154 7.43551e-05
          19   -0.462641    -0.46218 7.48486e-05
          20   -0.462062   -0.462174 7.12504e-05
