   0.0128248           0           0
   0.0384745           0           0
   0.0641241           0           0
   0.0897737           0           0
    0.115423           0           0
    0.141073           0           0
    0.166723           0           0
    0.192372           0           0
    0.218022           0           0
    0.243672           0           0
    0.269321           0           0
    0.294971           0           0
     0.32062           0           0
     0.34627           0           0
     0.37192           0           0
    0.397569           0           0
    0.423219           0           0
    0.448869           0           0
    0.474518           0           0
    0.500168           0           0
    0.525818           0           0
    0.551467           0           0
    0.577117           0           0
    0.602767           0           0
    0.628416           0           0
    0.654066           0           0
    0.679715           0           0
    0.705365           0           0
    0.731015           0           0
    0.756664           0           0
    0.782314           0           0
    0.807964           0           0
    0.833613           0           0
    0.859263           0           0
    0.884913 0.000898711           0
    0.910562   0.0250828           0
    0.936212    0.164108           0
    0.961861    0.566006           0
    0.987511     1.20451           0
     1.01316     1.88522           0
     1.03881     2.34405           0
     1.06446     2.55932           0
     1.09011     2.55176           0
     1.11576     2.41749           0
     1.14141     2.20517           0
     1.16706     1.96794           0
     1.19271     1.74306           0
     1.21836     1.54446           0
     1.24401     1.37521           0
     1.26966     1.22475           0
     1.29531     1.11529           0
     1.32096     1.02146           0
     1.34661    0.941013           0
     1.37226    0.865496           0
     1.39791    0.816541           0
     1.42355    0.779132           0
      1.4492    0.746647           0
     1.47485    0.718586           0
      1.5005    0.694319           0
     1.52615    0.676338           0
      1.5518    0.671218           0
     1.57745    0.668402           0
      1.6031    0.673223           0
     1.62875    0.688381           0
      1.6544     0.70308           0
     1.68005    0.725609           0
      1.7057    0.757056           0
     1.73135      0.7878           0
       1.757    0.817942           0
     1.78265    0.856644           0
      1.8083     0.89957           0
     1.83395    0.941275           0
      1.8596    0.976926           0
     1.88525      1.0216           0
      1.9109     1.05907           0
     1.93655     1.09219           0
      1.9622      1.1315           0
     1.98785     1.15632           0
      2.0135     1.18475           0
     2.03915     1.20465           0
      2.0648     1.21349           0
     2.09045      1.2109           0
      2.1161     1.20295           0
     2.14174     1.19146           0
     2.16739      1.1689           0
     2.19304     1.14974           0
     2.21869      1.1179           0
     2.24434     1.09292           0
     2.26999     1.06787           0
     2.29564     1.03995           0
     2.32129     1.01536           0
     2.34694     0.99364           0
     2.37259    0.966059           0
     2.39824      0.9462           0
     2.42389    0.928681           0
     2.44954    0.923518           0
     2.47519    0.908134           0
     2.50084    0.897008           0
     2.52649    0.887598           0
     2.55214    0.886354           0
   0.0128248           0           0
   0.0384745           0           0
   0.0641241           0           0
   0.0897737           0           0
    0.115423           0           0
    0.141073           0           0
    0.166723           0           0
    0.192372           0           0
    0.218022           0           0
    0.243672           0           0
    0.269321           0           0
    0.294971           0           0
     0.32062           0           0
     0.34627           0           0
     0.37192           0           0
    0.397569           0           0
    0.423219           0           0
    0.448869           0           0
    0.474518           0           0
    0.500168           0           0
    0.525818           0           0
    0.551467           0           0
    0.577117           0           0
    0.602767           0           0
    0.628416           0           0
    0.654066           0           0
    0.679715           0           0
    0.705365           0           0
    0.731015           0           0
    0.756664           0           0
    0.782314           0           0
    0.807964           0           0
    0.833613           0           0
    0.859263 9.72615e-06 9.72615e-06
    0.884913  0.00130221 0.000403503
    0.910562   0.0240694  0.00101336
    0.936212    0.164239  0.00013109
    0.961861    0.559866  0.00613975
    0.987511     1.19678  0.00773225
     1.01316     1.85778    0.027438
     1.03881     2.33163   0.0124177
     1.06446     2.55081  0.00850546
     1.09011     2.54973   0.0020305
     1.11576     2.41324  0.00424564
     1.14141     2.20208  0.00309785
     1.16706      1.9793   0.0113571
     1.19271     1.75954   0.0164876
     1.21836     1.55753   0.0130721
     1.24401     1.38788   0.0126685
     1.26966     1.24017   0.0154184
     1.29531     1.12604   0.0107562
     1.32096      1.0291  0.00764269
     1.34661    0.944684  0.00367122
     1.37226    0.870831  0.00533532
     1.39791    0.818614   0.0020727
     1.42355    0.778806 0.000326026
      1.4492    0.743023   0.0036246
     1.47485    0.715925  0.00266104
      1.5005    0.693295  0.00102387
     1.52615    0.677418  0.00107916
      1.5518    0.671373 0.000155076
     1.57745    0.667562 0.000839839
      1.6031    0.670104  0.00311858
     1.62875    0.683584    0.004797
      1.6544     0.69514  0.00793969
     1.68005    0.719862  0.00574762
      1.7057    0.746409   0.0106461
     1.73135    0.780078   0.0077216
       1.757    0.813224  0.00471782
     1.78265    0.852246  0.00439773
      1.8083    0.894617  0.00495249
     1.83395    0.934784  0.00649108
      1.8596    0.978656  0.00172991
     1.88525     1.01931  0.00228732
      1.9109     1.05803  0.00103056
     1.93655     1.09411  0.00192072
      1.9622     1.13295  0.00145302
     1.98785     1.15969  0.00336403
      2.0135     1.18844  0.00368983
     2.03915     1.20625  0.00159413
      2.0648     1.21269 0.000795073
     2.09045     1.21266  0.00176336
      2.1161     1.21055  0.00759719
     2.14174     1.19547   0.0040158
     2.16739     1.17604  0.00713939
     2.19304     1.15343  0.00368827
     2.21869     1.12368  0.00578454
     2.24434     1.09673  0.00380674
     2.26999     1.07095  0.00307312
     2.29564     1.04271  0.00276772
     2.32129     1.01496 0.000397171
     2.34694    0.992494  0.00114605
     2.37259    0.968143  0.00208334
     2.39824    0.947991  0.00179054
     2.42389    0.927459  0.00122235
     2.44954    0.918888  0.00462955
     2.47519    0.907022  0.00111242
     2.50084    0.893894  0.00311415
     2.52649     0.88437  0.00322788
     2.55214    0.884588  0.00176634
   0.0128248           0           0
   0.0384745           0           0
   0.0641241           0           0
   0.0897737           0           0
    0.115423           0           0
    0.141073           0           0
    0.166723           0           0
    0.192372           0           0
    0.218022           0           0
    0.243672           0           0
    0.269321           0           0
    0.294971           0           0
     0.32062           0           0
     0.34627           0           0
     0.37192           0           0
    0.397569           0           0
    0.423219           0           0
    0.448869           0           0
    0.474518           0           0
    0.500168           0           0
    0.525818           0           0
    0.551467           0           0
    0.577117           0           0
    0.602767           0           0
    0.628416           0           0
    0.654066           0           0
    0.679715           0           0
    0.705365           0           0
    0.731015           0           0
    0.756664           0           0
    0.782314           0           0
    0.807964           0           0
    0.833613           0           0
    0.859263  6.4841e-06  6.4841e-06
    0.884913  0.00121662 0.000248188
    0.910562   0.0245227 0.000740102
    0.936212     0.16561  0.00137307
    0.961861    0.562751  0.00457035
    0.987511     1.19918   0.0050711
     1.01316     1.86029   0.0160381
     1.03881     2.33578   0.0082807
     1.06446     2.54915  0.00518379
     1.09011      2.5472  0.00278847
     1.11576     2.40773  0.00602791
     1.14141     2.19965  0.00301648
     1.16706      1.9749  0.00789893
     1.19271     1.75996  0.00952838
     1.21836     1.55719  0.00755491
     1.24401      1.3867  0.00740805
     1.26966     1.24322  0.00941131
     1.29531     1.12865  0.00673607
     1.32096      1.0275  0.00469585
     1.34661    0.944332  0.00214869
     1.37226    0.870558  0.00309245
     1.39791    0.816548  0.00238699
     1.42355    0.776758  0.00205693
      1.4492    0.742535  0.00214877
     1.47485    0.714928  0.00183153
      1.5005    0.692803 0.000769262
     1.52615    0.678809  0.00152472
      1.5518    0.673751  0.00237952
     1.57745    0.670374  0.00285347
      1.6031    0.673227  0.00360426
     1.62875    0.685179   0.0031962
      1.6544    0.699697  0.00646347
     1.68005    0.719423  0.00334723
      1.7057    0.745538  0.00620798
     1.73135     0.77948  0.00449802
       1.757    0.812562  0.00280318
     1.78265    0.852674  0.00257483
      1.8083     0.89398  0.00292956
     1.83395     0.93482   0.0037478
      1.8596    0.977137  0.00181833
     1.88525     1.01877  0.00142628
      1.9109     1.05752 0.000788825
     1.93655     1.09434   0.0011334
      1.9622     1.13182  0.00141212
     1.98785     1.15762  0.00283676
      2.0135      1.1877  0.00225553
     2.03915     1.20785  0.00185073
      2.0648     1.21287 0.000491329
     2.09045     1.21418  0.00182411
      2.1161     1.20978  0.00445282
     2.14174     1.19536  0.00232109
     2.16739     1.17666  0.00416825
     2.19304     1.15319  0.00214278
     2.21869     1.12301  0.00340637
     2.24434     1.09752   0.0023377
     2.26999     1.06908  0.00257096
     2.29564     1.04249  0.00161306
     2.32129     1.01377  0.00121425
     2.34694    0.992044 0.000800581
     2.37259    0.968564  0.00127451
     2.39824    0.945605  0.00260007
     2.42389    0.927655 0.000732322
     2.44954    0.918082  0.00279172
     2.47519    0.908699  0.00179618
     2.50084    0.896226  0.00294507
     2.52649    0.884013  0.00189744
     2.55214    0.884885  0.00106216
   0.0128248           0           0
   0.0384745           0           0
   0.0641241           0           0
   0.0897737           0           0
    0.115423           0           0
    0.141073           0           0
    0.166723           0           0
    0.192372           0           0
    0.218022           0           0
    0.243672           0           0
    0.269321           0           0
    0.294971           0           0
     0.32062           0           0
     0.34627           0           0
     0.37192           0           0
    0.397569           0           0
    0.423219           0           0
    0.448869           0           0
    0.474518           0           0
    0.500168           0           0
    0.525818           0           0
    0.551467           0           0
    0.577117           0           0
    0.602767           0           0
    0.628416           0           0
    0.654066           0           0
    0.679715           0           0
    0.705365           0           0
    0.731015           0           0
    0.756664           0           0
    0.782314           0           0
    0.807964           0           0
    0.833613           0           0
    0.859263 4.86307e-06 4.86307e-06
    0.884913  0.00121968 0.000175522
    0.910562    0.024286 0.000574387
    0.936212    0.165518 0.000975338
    0.961861    0.561834  0.00335936
    0.987511      1.1969   0.0042495
     1.01316     1.85962   0.0113605
     1.03881     2.33398  0.00612417
     1.06446     2.54597  0.00485787
     1.09011     2.54807    0.002152
     1.11576     2.40913  0.00448546
     1.14141     2.19979  0.00213766
     1.16706     1.97465  0.00559104
     1.19271     1.76196  0.00702814
     1.21836     1.55848  0.00549457
     1.24401     1.39083  0.00667012
     1.26966     1.24417    0.006722
     1.29531     1.12862  0.00476327
     1.32096     1.02698  0.00336082
     1.34661    0.945761  0.00208624
     1.37226    0.872618  0.00300421
     1.39791    0.818237  0.00238756
     1.42355    0.776634  0.00145975
      1.4492    0.740556  0.00249523
     1.47485     0.71502  0.00129838
      1.5005    0.691609  0.00131157
     1.52615    0.678871  0.00107993
      1.5518    0.673158    0.001784
     1.57745    0.670478   0.0020204
      1.6031    0.672932  0.00256554
     1.62875    0.684614  0.00232969
      1.6544    0.698598  0.00470053
     1.68005    0.718817  0.00244319
      1.7057    0.744041  0.00463797
     1.73135    0.777567  0.00371137
       1.757    0.812305   0.0019987
     1.78265     0.85279  0.00182435
      1.8083    0.892894   0.0023386
     1.83395    0.935017  0.00265742
      1.8596    0.977991  0.00154346
     1.88525     1.01805  0.00124153
      1.9109     1.05776 0.000607461
     1.93655     1.09522  0.00118902
      1.9622     1.13131   0.0011196
     1.98785     1.15893  0.00239613
      2.0135     1.18744  0.00161607
     2.03915     1.20737  0.00139585
      2.0648     1.21311  0.00042324
     2.09045     1.21506  0.00156424
      2.1161     1.20963  0.00315251
     2.14174     1.19568  0.00167091
     2.16739     1.17782  0.00316599
     2.19304     1.15238  0.00171673
     2.21869     1.12437   0.0027675
     2.24434     1.09816  0.00177101
     2.26999     1.06951  0.00186714
     2.29564     1.04191  0.00128284
     2.32129      1.0147  0.00126562
     2.34694    0.990381   0.0017559
     2.37259    0.967826  0.00116513
     2.39824     0.94618  0.00192641
     2.42389    0.929116  0.00155035
     2.44954    0.917786  0.00199618
     2.47519    0.908893  0.00128482
     2.50084    0.895062  0.00238579
     2.52649    0.884604  0.00146618
     2.55214    0.884462 0.000861817
   0.0128248           0           0
   0.0384745           0           0
   0.0641241           0           0
   0.0897737           0           0
    0.115423           0           0
    0.141073           0           0
    0.166723           0           0
    0.192372           0           0
    0.218022           0           0
    0.243672           0           0
    0.269321           0           0
    0.294971           0           0
     0.32062           0           0
     0.34627           0           0
     0.37192           0           0
    0.397569           0           0
    0.423219           0           0
    0.448869           0           0
    0.474518           0           0
    0.500168           0           0
    0.525818           0           0
    0.551467           0           0
    0.577117           0           0
    0.602767           0           0
    0.628416           0           0
    0.654066           0           0
    0.679715           0           0
    0.705365           0           0
    0.731015           0           0
    0.756664           0           0
    0.782314           0           0
    0.807964           0           0
    0.833613           0           0
    0.859263 3.89046e-06 3.89046e-06
    0.884913  0.00121051 0.000136268
    0.910562   0.0242652 0.000445404
    0.936212    0.165714 0.000780664
    0.961861    0.560566  0.00289445
    0.987511     1.19438  0.00414551
     1.01316     1.85855  0.00886351
     1.03881     2.33195  0.00516079
     1.06446     2.54408  0.00420972
     1.09011      2.5469  0.00203515
     1.11576     2.41224  0.00466366
     1.14141     2.20136  0.00228552
     1.16706     1.97568  0.00445362
     1.19271     1.76278  0.00550544
     1.21836     1.56006  0.00454058
     1.24401     1.39196  0.00528837
     1.26966     1.24615  0.00557067
     1.29531     1.12982  0.00388203
     1.32096     1.02866  0.00309852
     1.34661    0.945135   0.0017332
     1.37226    0.873184  0.00239497
     1.39791    0.819147  0.00206129
     1.42355    0.776419  0.00115093
      1.4492    0.738454  0.00285498
     1.47485    0.713571  0.00176359
      1.5005    0.691181  0.00110231
     1.52615    0.677379  0.00171052
      1.5518    0.671922  0.00185409
     1.57745    0.669286  0.00196739
      1.6031    0.672463  0.00204196
     1.62875    0.684167  0.00185896
      1.6544    0.698671  0.00364175
     1.68005     0.71959  0.00204435
      1.7057    0.744997  0.00371758
     1.73135    0.778313   0.0029698
       1.757    0.812164  0.00155459
     1.78265     0.85195  0.00164394
      1.8083    0.893249  0.00184587
     1.83395    0.933922  0.00233133
      1.8596    0.977359  0.00135211
     1.88525     1.01823 0.000978952
      1.9109     1.05917  0.00148881
     1.93655     1.09555 0.000976598
      1.9622     1.13138 0.000869647
     1.98785     1.16001  0.00214597
      2.0135     1.18706  0.00130768
     2.03915     1.20625  0.00155652
      2.0648     1.21362 0.000608744
     2.09045     1.21616  0.00163313
      2.1161     1.21004   0.0024769
     2.14174     1.19638  0.00147129
     2.16739     1.17718  0.00253299
     2.19304     1.15238  0.00132977
     2.21869     1.12542  0.00238728
     2.24434      1.0979  0.00139585
     2.26999      1.0698  0.00147453
     2.29564     1.04159  0.00104215
     2.32129     1.01471 0.000980416
     2.34694    0.990588  0.00137577
     2.37259    0.967859 0.000903126
     2.39824    0.945838  0.00153079
     2.42389    0.929595  0.00129301
     2.44954    0.916913  0.00177543
     2.47519    0.908172  0.00122896
     2.50084     0.89422  0.00203072
     2.52649    0.884233  0.00119481
     2.55214    0.883941  0.00084672
   0.0128248           0           0
   0.0384745           0           0
   0.0641241           0           0
   0.0897737           0           0
    0.115423           0           0
    0.141073           0           0
    0.166723           0           0
    0.192372           0           0
    0.218022           0           0
    0.243672           0           0
    0.269321           0           0
    0.294971           0           0
     0.32062           0           0
     0.34627           0           0
     0.37192           0           0
    0.397569           0           0
    0.423219           0           0
    0.448869           0           0
    0.474518           0           0
    0.500168           0           0
    0.525818           0           0
    0.551467           0           0
    0.577117           0           0
    0.602767           0           0
    0.628416           0           0
    0.654066           0           0
    0.679715           0           0
    0.705365           0           0
    0.731015           0           0
    0.756664           0           0
    0.782314           0           0
    0.807964           0           0
    0.833613           0           0
    0.859263 3.24205e-06 3.24205e-06
    0.884913  0.00117688 0.000116232
    0.910562   0.0240665 0.000414379
    0.936212    0.165272 0.000775908
    0.961861    0.558955   0.0028601
    0.987511     1.19363  0.00346682
     1.01316     1.85811  0.00725075
     1.03881      2.3312  0.00427987
     1.06446     2.54645  0.00417459
     1.09011     2.54853  0.00232687
     1.11576     2.41133  0.00391426
     1.14141     2.20111  0.00188312
     1.16706     1.97612  0.00366177
     1.19271      1.7607  0.00495373
     1.21836     1.56157  0.00400287
     1.24401     1.39129  0.00436882
     1.26966       1.246  0.00455106
     1.29531     1.12935  0.00320486
     1.32096     1.02897  0.00254946
     1.34661    0.944086  0.00176137
     1.37226    0.874144  0.00217832
     1.39791    0.818756  0.00172797
     1.42355    0.777285  0.00127765
      1.4492    0.738084  0.00236033
     1.47485    0.713146   0.0015015
      1.5005     0.69104 0.000911103
     1.52615    0.677371  0.00139665
      1.5518    0.671308  0.00163339
     1.57745    0.670025  0.00176805
      1.6031    0.672299  0.00167529
     1.62875    0.683566  0.00163242
      1.6544     0.69904  0.00299619
     1.68005    0.720069  0.00173658
      1.7057    0.745026  0.00303553
     1.73135    0.778701  0.00245569
       1.757    0.812637  0.00135454
     1.78265    0.851577  0.00139298
      1.8083    0.894434   0.0019169
     1.83395    0.933759   0.0019105
      1.8596    0.976957  0.00117478
     1.88525      1.0172  0.00130779
      1.9109     1.05836  0.00145968
     1.93655     1.09665  0.00136324
      1.9622     1.13067 0.000999161
     1.98785      1.1603  0.00177608
      2.0135     1.18677  0.00110778
     2.03915     1.20513  0.00169252
      2.0648     1.21466  0.00115155
     2.09045     1.21701  0.00158337
      2.1161      1.2105  0.00207317
     2.14174     1.19678  0.00126571
     2.16739      1.1768  0.00210342
     2.19304     1.15273  0.00114225
     2.21869     1.12538  0.00194962
     2.24434     1.09695  0.00148125
     2.26999        1.07   0.0012202
     2.29564     1.04166 0.000853318
     2.32129      1.0142 0.000952238
     2.34694     0.99033  0.00115255
     2.37259    0.966988   0.0011413
     2.39824    0.946437  0.00138576
     2.42389     0.92984  0.00108378
     2.44954    0.917033   0.0014546
     2.47519    0.907765  0.00108292
     2.50084    0.894013  0.00167092
     2.52649    0.884263 0.000976013
     2.55214    0.883377 0.000892038
   0.0128248           0           0
   0.0384745           0           0
   0.0641241           0           0
   0.0897737           0           0
    0.115423           0           0
    0.141073           0           0
    0.166723           0           0
    0.192372           0           0
    0.218022           0           0
    0.243672           0           0
    0.269321           0           0
    0.294971           0           0
     0.32062           0           0
     0.34627           0           0
     0.37192           0           0
    0.397569           0           0
    0.423219           0           0
    0.448869           0           0
    0.474518           0           0
    0.500168           0           0
    0.525818           0           0
    0.551467           0           0
    0.577117           0           0
    0.602767           0           0
    0.628416           0           0
    0.654066           0           0
    0.679715           0           0
    0.705365           0           0
    0.731015           0           0
    0.756664           0           0
    0.782314           0           0
    0.807964           0           0
    0.833613           0           0
    0.859263 1.66734e-05  1.3708e-05
    0.884913  0.00121837 0.000106635
    0.910562   0.0241944 0.000372823
    0.936212    0.165335 0.000658801
    0.961861    0.560482  0.00285869
    0.987511     1.19652  0.00411536
     1.01316     1.85886  0.00617335
     1.03881     2.33298  0.00403251
     1.06446     2.54637  0.00352913
     1.09011     2.54868  0.00197281
     1.11576     2.40923  0.00391988
     1.14141     2.19942  0.00232077
     1.16706     1.97526  0.00321201
     1.19271     1.76006  0.00423533
     1.21836     1.55984  0.00379936
     1.24401     1.39177  0.00372302
     1.26966     1.24564  0.00386302
     1.29531     1.12932  0.00270873
     1.32096     1.02869  0.00217381
     1.34661    0.944028  0.00148974
     1.37226    0.874269  0.00184529
     1.39791    0.819327  0.00156801
     1.42355    0.776962  0.00112689
      1.4492    0.738483  0.00203431
     1.47485    0.713671  0.00137341
      1.5005     0.69121 0.000788655
     1.52615    0.677313  0.00118184
      1.5518    0.671182  0.00138622
     1.57745     0.67065  0.00161968
      1.6031    0.672624  0.00145275
     1.62875    0.683721   0.0013883
      1.6544      0.6987  0.00255493
     1.68005    0.719765    0.001499
      1.7057    0.745013  0.00256553
     1.73135    0.778987  0.00209507
       1.757     0.81279  0.00115488
     1.78265    0.851959  0.00123758
      1.8083    0.894547  0.00162407
     1.83395    0.934727  0.00188268
      1.8596    0.976795  0.00100605
     1.88525      1.0167  0.00120994
      1.9109     1.05755  0.00147633
     1.93655     1.09619  0.00123972
      1.9622     1.12968   0.0013063
     1.98785     1.15993  0.00154623
      2.0135     1.18678 0.000936374
     2.03915     1.20518  0.00143142
      2.0648     1.21426  0.00105448
     2.09045     1.21724  0.00135757
      2.1161     1.21067  0.00176078
     2.14174     1.19664  0.00107819
     2.16739     1.17666  0.00178341
     2.19304     1.15254 0.000984451
     2.21869     1.12609   0.0017943
     2.24434     1.09749   0.0013636
     2.26999     1.06947   0.0011555
     2.29564     1.04162 0.000722163
     2.32129     1.01499   0.0011323
     2.34694    0.990984    0.001173
     2.37259    0.967574  0.00112832
     2.39824    0.947005  0.00130181
     2.42389    0.930149 0.000966482
     2.44954    0.917498  0.00131437
     2.47519    0.907524 0.000946513
     2.50084    0.892997  0.00173976
     2.52649    0.883892 0.000904323
     2.55214    0.882896 0.000894673
   0.0128248           0           0
   0.0384745           0           0
   0.0641241           0           0
   0.0897737           0           0
    0.115423           0           0
    0.141073           0           0
    0.166723           0           0
    0.192372           0           0
    0.218022           0           0
    0.243672           0           0
    0.269321           0           0
    0.294971           0           0
     0.32062           0           0
     0.34627           0           0
     0.37192           0           0
    0.397569           0           0
    0.423219           0           0
    0.448869           0           0
    0.474518           0           0
    0.500168           0           0
    0.525818           0           0
    0.551467           0           0
    0.577117           0           0
    0.602767           0           0
    0.628416           0           0
    0.654066           0           0
    0.679715           0           0
    0.705365           0           0
    0.731015           0           0
    0.756664           0           0
    0.782314           0           0
    0.807964           0           0
    0.833613           0           0
    0.859263 1.45892e-05  1.2053e-05
    0.884913  0.00123114 9.32278e-05
    0.910562   0.0243163 0.000345111
    0.936212    0.166071 0.000930945
    0.961861    0.560745   0.0024897
    0.987511     1.19767  0.00374417
     1.01316     1.85908  0.00535106
     1.03881     2.33328   0.0035053
     1.06446     2.54889  0.00396686
     1.09011     2.54874  0.00170951
     1.11576       2.409  0.00340281
     1.14141     2.19947  0.00201038
     1.16706     1.97407  0.00302269
     1.19271     1.75864  0.00393331
     1.21836     1.55932  0.00333087
     1.24401     1.39192  0.00322767
     1.26966     1.24603  0.00336831
     1.29531     1.12898  0.00237062
     1.32096     1.02948   0.0020438
     1.34661    0.943274  0.00149441
     1.37226    0.874228   0.0015986
     1.39791    0.817921  0.00195447
     1.42355    0.775495  0.00176195
      1.4492    0.738224   0.0017806
     1.47485    0.712991  0.00137042
      1.5005    0.690483 0.000997509
     1.52615    0.676948  0.00108651
      1.5518     0.67179  0.00134586
     1.57745    0.671045  0.00145745
      1.6031    0.673892   0.0017863
     1.62875    0.684415  0.00138793
      1.6544    0.699882  0.00250875
     1.68005    0.720173  0.00136099
      1.7057    0.744588  0.00226208
     1.73135    0.779335  0.00184749
       1.757    0.812975  0.00101726
     1.78265    0.852421  0.00116708
      1.8083    0.894359  0.00141908
     1.83395    0.934241  0.00170138
      1.8596    0.976745  0.00087273
     1.88525      1.0172  0.00115936
      1.9109     1.05794  0.00133624
     1.93655     1.09627  0.00107653
      1.9622     1.12962  0.00113245
     1.98785     1.16002  0.00134221
      2.0135     1.18681 0.000811483
     2.03915     1.20544  0.00126649
      2.0648     1.21507  0.00122535
     2.09045      1.2164  0.00144665
      2.1161     1.21088  0.00153895
     2.14174     1.19725  0.00111257
     2.16739     1.17609  0.00164499
     2.19304     1.15274 0.000874593
     2.21869     1.12619  0.00155681
     2.24434     1.09706  0.00125789
     2.26999     1.06922  0.00103149
     2.29564     1.04095 0.000912332
     2.32129     1.01502 0.000981096
     2.34694    0.990688  0.00105802
     2.37259    0.966902  0.00118583
     2.39824    0.946846   0.0011386
     2.42389    0.929989 0.000852071
     2.44954    0.917073  0.00121535
     2.47519    0.907344 0.000839131
     2.50084    0.893219   0.0015229
     2.52649    0.884422 0.000945556
     2.55214    0.883269 0.000860169
   0.0128248           0           0
   0.0384745           0           0
   0.0641241           0           0
   0.0897737           0           0
    0.115423           0           0
    0.141073           0           0
    0.166723           0           0
    0.192372           0           0
    0.218022           0           0
    0.243672           0           0
    0.269321           0           0
    0.294971           0           0
     0.32062           0           0
     0.34627           0           0
     0.37192           0           0
    0.397569           0           0
    0.423219           0           0
    0.448869           0           0
    0.474518           0           0
    0.500168           0           0
    0.525818           0           0
    0.551467           0           0
    0.577117           0           0
    0.602767           0           0
    0.628416           0           0
    0.654066           0           0
    0.679715           0           0
    0.705365           0           0
    0.731015           0           0
    0.756664           0           0
    0.782314           0           0
    0.807964           0           0
    0.833613           0           0
    0.859263 1.29682e-05 1.07527e-05
    0.884913  0.00126146 8.76294e-05
    0.910562    0.024413 0.000319356
    0.936212    0.166876  0.00114996
    0.961861    0.562651  0.00290743
    0.987511     1.20068   0.0044659
     1.01316     1.86094  0.00507349
     1.03881     2.33585  0.00401921
     1.06446     2.54988  0.00363528
     1.09011     2.54885  0.00151176
     1.11576     2.40812  0.00312763
     1.14141     2.19824  0.00215952
     1.16706     1.97155  0.00367186
     1.19271      1.7565  0.00407889
     1.21836     1.55805  0.00320095
     1.24401     1.39084  0.00304319
     1.26966     1.24343  0.00394577
     1.29531     1.12761  0.00250129
     1.32096     1.02796  0.00236042
     1.34661    0.942633  0.00146562
     1.37226    0.873041  0.00184313
     1.39791    0.818044  0.00172804
     1.42355    0.775301  0.00156601
      1.4492    0.738359  0.00157613
     1.47485    0.712941  0.00120962
      1.5005    0.690636 0.000892852
     1.52615    0.677838   0.0013074
      1.5518    0.671967  0.00119996
     1.57745    0.672128  0.00168051
      1.6031    0.674424  0.00166268
     1.62875    0.685072  0.00138932
      1.6544    0.700207  0.00223616
     1.68005    0.721787  0.00201078
      1.7057    0.746098  0.00250222
     1.73135    0.779919  0.00173095
       1.757    0.814661  0.00190899
     1.78265    0.853222  0.00130464
      1.8083      0.8944  0.00125217
     1.83395    0.934704  0.00157034
      1.8596    0.977081 0.000839945
     1.88525     1.01755  0.00108157
      1.9109     1.05781  0.00118571
     1.93655     1.09646 0.000968311
      1.9622     1.12931  0.00104664
     1.98785     1.16002  0.00118372
      2.0135     1.18651 0.000777587
     2.03915     1.20498  0.00120778
      2.0648     1.21397  0.00154089
     2.09045     1.21568   0.0014617
      2.1161     1.20978  0.00174535
     2.14174     1.19668  0.00113236
     2.16739     1.17577  0.00148623
     2.19304     1.15184  0.00118115
     2.21869     1.12519  0.00170055
     2.24434     1.09656  0.00121728
     2.26999     1.06858  0.00111527
     2.29564     1.04063 0.000866383
     2.32129     1.01425  0.00115787
     2.34694    0.990151  0.00107665
     2.37259    0.966491   0.0011236
     2.39824    0.946527  0.00105344
     2.42389    0.930119  0.00076255
     2.44954    0.917571  0.00118223
     2.47519    0.907477  0.00075192
     2.50084    0.893963  0.00153539
     2.52649    0.884771 0.000903829
     2.55214    0.883894 0.000982599
   0.0128248           0           0
   0.0384745           0           0
   0.0641241           0           0
   0.0897737           0           0
    0.115423           0           0
    0.141073           0           0
    0.166723           0           0
    0.192372           0           0
    0.218022           0           0
    0.243672           0           0
    0.269321           0           0
    0.294971           0           0
     0.32062           0           0
     0.34627           0           0
     0.37192           0           0
    0.397569           0           0
    0.423219           0           0
    0.448869           0           0
    0.474518           0           0
    0.500168           0           0
    0.525818           0           0
    0.551467           0           0
    0.577117           0           0
    0.602767           0           0
    0.628416           0           0
    0.654066           0           0
    0.679715           0           0
    0.705365           0           0
    0.731015           0           0
    0.756664           0           0
    0.782314           0           0
    0.807964           0           0
    0.833613           0           0
    0.859263 1.16714e-05 9.70451e-06
    0.884913  0.00123802 8.18069e-05
    0.910562   0.0244315 0.000286238
    0.936212    0.166879  0.00102857
    0.961861    0.563319  0.00268484
    0.987511     1.20005  0.00404244
     1.01316      1.8611  0.00454052
     1.03881     2.33422  0.00394795
     1.06446     2.55008  0.00325739
     1.09011     2.54948  0.00148894
     1.11576     2.40877  0.00287241
     1.14141     2.19724  0.00217433
     1.16706     1.97136  0.00328973
     1.19271     1.75652  0.00364837
     1.21836     1.55806  0.00286303
     1.24401     1.39115  0.00273902
     1.26966      1.2448  0.00378401
     1.29531     1.12696  0.00232805
     1.32096     1.02755  0.00215021
     1.34661    0.942854  0.00132944
     1.37226    0.873509  0.00171372
     1.39791    0.818348  0.00157521
     1.42355    0.775079  0.00141808
      1.4492    0.739277  0.00168212
     1.47485    0.713378  0.00116686
      1.5005    0.690848 0.000826417
     1.52615    0.678127  0.00120459
      1.5518    0.672112  0.00108313
     1.57745    0.672094  0.00150349
      1.6031    0.673783   0.0016194
     1.62875    0.684869  0.00125912
      1.6544    0.699701  0.00206313
     1.68005    0.721504  0.00182052
      1.7057    0.745999  0.00224026
     1.73135      0.7795  0.00160389
       1.757    0.814574  0.00170964
     1.78265    0.852793   0.0012434
      1.8083    0.894406  0.00111999
     1.83395     0.93462  0.00140705
      1.8596    0.976656 0.000862943
     1.88525     1.01748 0.000969933
      1.9109     1.05812  0.00110452
     1.93655     1.09649 0.000866375
      1.9622     1.12953  0.00096113
     1.98785     1.16016  0.00106699
      2.0135     1.18661 0.000703427
     2.03915     1.20436  0.00124614
      2.0648     1.21422  0.00140062
     2.09045     1.21574  0.00130853
      2.1161     1.21021   0.0016197
     2.14174     1.19695  0.00104815
     2.16739     1.17619  0.00139287
     2.19304     1.15182  0.00105676
     2.21869     1.12552  0.00155652
     2.24434     1.09677  0.00110828
     2.26999     1.06878  0.00101819
     2.29564     1.04052  0.00078259
     2.32129     1.01447  0.00105735
     2.34694    0.989494  0.00116566
     2.37259    0.966547  0.00100653
     2.39824    0.946737 0.000965231
     2.42389    0.930453 0.000759424
     2.44954    0.917896  0.00110613
     2.47519    0.907612 0.000685925
     2.50084    0.893977  0.00137336
     2.52649    0.884496  0.00085387
     2.55214    0.883882 0.000878948
