0.320845   -0.195707   -0.468509
-0.287187   0.257039   -0.408764
-0.227047   -0.492729   -0.155882
0.0710628   -0.286404   0.467741
-0.0622271   0.06344   0.489823
0.28988   0.168339   -0.457853
0.115736   -0.486847   0.338171
-0.306077   -0.421283   -0.179422
0.458854   0.469625   -0.313589
0.438466   -0.195098   0.105132
-0.120333   -0.0483268   -0.275956
-0.414095   -0.0901609   -0.199125
-0.327289   0.175999   -0.0159694
-0.196295   0.252867   0.203594
-0.00181932   0.216925   0.431856
-0.176647   -0.231469   -0.494738
-0.0995544   0.370093   0.272504
0.40507   0.340562   0.270918
-0.0206554   0.189381   0.282447
0.389063   -0.0788818   -0.0688526
0.391555   -0.0130612   -0.436263
-0.155683   0.110474   -0.485326
-0.0157238   -0.366135   -0.128623
0.497522   -0.118105   0.172094
-0.212848   0.0937013   -0.295021
-0.101271   -0.043035   -0.357555
-0.0359441   -0.300919   -0.163034
0.114364   0.422236   0.353504
-0.289436   0.332721   -0.465079
-0.288614   -0.426344   0.229223
0.0866509   0.390626   -0.20184
0.125007   0.307633   0.125332
0.257394   -0.344381   -0.413043
-0.359459   -0.136156   -0.376021
-0.132375   0.477473   -0.411235
0.0746745   -0.412642   0.115541
-0.402634   -0.386808   -0.0265169
-0.325921   -0.296426   0.385475
-0.215734   0.224278   0.388082
0.0966215   -0.440976   -0.147838
0.28969   0.278892   0.158872
-0.0296009   -0.421178   -0.370951
0.396425   -0.3081   -0.063665
-0.07575   -0.261753   -0.469102
0.435587   -0.178692   0.0173841
0.269397   -0.198661   0.136601
0.324434   0.231846   -0.0193897
-0.388417   -0.24434   -0.424227
0.419079   0.0413578   -0.309638
0.239149   0.297736   0.0106848
-0.346472   -0.288958   0.267377
-0.429908   -0.00269164   0.097374
-0.0480233   -0.485689   -0.171027
-0.0960438   -0.402266   -0.17845
-0.19462   -0.165577   -0.388094
-0.11622   0.478668   -0.20041
-0.290838   0.0611145   -0.0461876
-0.173132   0.183365   -0.422796
0.027866   -0.239937   -0.0330104
-0.116444   -0.164819   -0.123629
-0.39915   0.192958   0.275157
-0.140227   0.314851   -0.426574
0.419838   -0.218079   -0.305621
0.00952243   0.0150985   -0.260602
0.159735   0.334899   -0.00131709
0.337446   -0.364049   -0.133413
0.314704   0.439806   0.187241
-0.475285   -0.223952   0.115847
-0.00228932   -0.14685   -0.325529
-0.201381   -0.471184   0.132395
-0.058784   -0.374739   0.477516
-0.00779598   0.126817   -0.37737
0.0118592   0.0930391   0.444115
0.321459   -0.135616   0.318502
-0.396449   0.230946   0.36651
0.209575   0.324758   -0.229422
-0.265329   -0.470436   -0.297602
-0.221894   0.234692   0.493703
-0.127033   0.489375   0.479199
0.218702   0.277797   0.223973
-0.312485   -0.229029   0.342529
0.396328   0.390743   0.180578
-0.291899   -0.245608   -0.405202
-0.453819   -0.373397   0.165979
0.0929234   0.49755   0.182468
0.487194   -0.423821   0.457112
0.0276782   0.457672   -0.207915
-0.155717   0.196444   0.112833
0.458379   0.149906   -0.126565
-0.283297   0.00803638   -0.35826
-0.198733   0.375593   0.00121825
-0.259551   -0.30331   0.261358
0.175689   0.428819   0.0791779
0.413705   -0.271579   0.259175
-0.243282   0.193589   -0.178927
0.292686   0.276456   0.265062
-0.0674572   0.347002   0.100299
0.111973   -0.437004   -0.359357
0.0994167   -0.492345   -0.0196364
0.194861   0.00503566   0.415703
0.0374085   -0.315554   -0.218312
0.295692   -0.190214   -0.253478
-0.45621   -0.49937   -0.105736
0.326623   -0.363331   -0.22657
0.0235707   -0.414222   -0.191908
-0.370314   -0.493395   -0.138161
0.461228   -0.377218   -0.470767
-0.157764   0.430601   -0.469962
