   0.0323165           0           0
   0.0969496           0           0
    0.161583           0           0
    0.226216           0           0
    0.290849           0           0
    0.355482           0           0
    0.420115           0           0
    0.484748           0           0
    0.549381           0           0
    0.614014           0           0
    0.678647           0           0
     0.74328           0           0
    0.807913           0           0
    0.872546  0.00100579 0.000143017
    0.937179    0.146997  0.00129567
     1.00181     1.06005  0.00472717
     1.06645     2.03255  0.00526196
     1.13108     2.26463  0.00491199
     1.19571     2.07737  0.00656598
     1.26034     1.82911  0.00393052
     1.32498     1.61472  0.00576319
     1.38961     1.45827  0.00407057
     1.45424     1.33033  0.00199667
     1.51888     1.24813  0.00302038
     1.58351     1.18853  0.00316281
     1.64814     1.14511  0.00321668
     1.71278     1.11195  0.00130841
     1.77741      1.0881  0.00103445
     1.84204     1.07498   0.0016358
     1.90667     1.06507  0.00256767
     1.97131     1.05919  0.00254193
     2.03594     1.05598  0.00270042
     2.10057     1.05334  0.00259078
     2.16521     1.04948  0.00177963
     2.22984     1.04876  0.00183629
     2.29447     1.04164  0.00182815
     2.35911     1.03529  0.00171153
     2.42374     1.03321  0.00166274
     2.48837      1.0251  0.00153432
     2.55301     1.01797  0.00170475
     2.61764     1.01344  0.00154638
     2.68227     1.01438  0.00159371
      2.7469     1.00713  0.00174597
     2.81154     1.00864  0.00151472
     2.87617     1.00522  0.00106116
      2.9408     1.00335  0.00118913
     3.00544     1.00324   0.0015944
     3.07007     1.00119  0.00161316
      3.1347    0.996642  0.00109156
     3.19934    0.996197  0.00180428
     3.26397    0.997516  0.00088956
      3.3286    0.993847  0.00117047
     3.39323     0.99371  0.00113657
     3.45787    0.992419  0.00121193
      3.5225    0.993592  0.00107134
     3.58713    0.993227     0.00127
     3.65177    0.991421  0.00108197
      3.7164    0.991294  0.00143676
     3.78103    0.990187 0.000597348
     3.84567    0.988876  0.00121312
      3.9103    0.990473  0.00065023
     3.97493    0.989534 0.000712946
     4.03957    0.989505 0.000770238
      4.1042    0.988602 0.000783624
     4.16883    0.988006  0.00078535
     4.23346    0.987947  0.00124637
      4.2981    0.988961 0.000710683
     4.36273    0.988165 0.000840648
     4.42736    0.989141 0.000889911
       4.492    0.986588 0.000873573
     4.55663    0.988327 0.000654843
     4.62126    0.987429 0.000398463
      4.6859    0.986652  0.00124284
     4.75053    0.986819 0.000731973
     4.81516    0.988388 0.000825104
     4.87979    0.985439 0.000792637
     4.94443      0.9858 0.000672527
     5.00906    0.986853 0.000814243
     5.07369    0.986393  0.00101415
     5.13833    0.986757 0.000513457
     5.20296    0.988439 0.000672171
     5.26759    0.986206 0.000742729
     5.33223    0.985623 0.000840504
     5.39686    0.985636 0.000506764
     5.46149    0.986226 0.000738894
     5.52612    0.986561 0.000626746
     5.59076    0.985737 0.000731887
     5.65539    0.985185  0.00076052
     5.72002    0.984962  0.00102227
     5.78466    0.986582 0.000575652
     5.84929    0.986273 0.000534509
     5.91392    0.987379 0.000592109
     5.97856    0.986854 0.000531509
     6.04319    0.986264 0.000504734
     6.10782     0.98508 0.000766499
     6.17246    0.986243 0.000585401
     6.23709    0.986548 0.000739899
     6.30172    0.986119  0.00063156
     6.36635    0.985932 0.000864903
     6.43099    0.985604 0.000447285
