   0.0323165           0           0
   0.0969496           0           0
    0.161583           0           0
    0.226216           0           0
    0.290849           0           0
    0.355482           0           0
    0.420115           0           0
    0.484748           0           0
    0.549381           0           0
    0.614014           0           0
    0.678647           0           0
     0.74328           0           0
    0.807913           0           0
    0.872546  0.00119736  0.00119736
    0.937179    0.182683   0.0385107
     1.00181     1.19546    0.101871
     1.06645     2.28193    0.155468
     1.13108     2.46732    0.148637
     1.19571     2.18745   0.0913339
     1.26034     1.97148   0.0986485
     1.32498      1.6896   0.0931357
     1.38961     1.47826   0.0752652
     1.45424     1.43367   0.0676642
     1.51888     1.33008   0.0745237
     1.58351     1.21809   0.0588725
     1.64814      1.1748   0.0655538
     1.71278     1.19879   0.0773501
     1.77741     1.18161   0.0644362
     1.84204     1.11467   0.0465802
     1.90667     1.11049   0.0539092
     1.97131     1.11244   0.0435822
     2.03594     1.15437   0.0464562
     2.10057     1.10417   0.0535442
     2.16521      1.0902   0.0538079
     2.22984      1.0404   0.0413421
     2.29447     1.13591   0.0345892
     2.35911     1.14065   0.0376592
     2.42374     1.19139   0.0442927
     2.48837     1.05328   0.0243185
     2.55301      1.0701   0.0321287
     2.61764     1.13037   0.0353501
     2.68227     1.13512   0.0320817
      2.7469     1.12675    0.024246
     2.81154     1.07352    0.012918
     2.87617     1.11275   0.0237091
      2.9408     1.10735   0.0479557
     3.00544     1.08133   0.0349853
     3.07007     1.05215   0.0323181
      3.1347       1.012   0.0233611
     3.19934     1.00988   0.0289836
     3.26397     1.03457   0.0200278
      3.3286     1.06339   0.0296041
     3.39323     1.04105   0.0412872
     3.45787     1.01699   0.0424574
      3.5225     1.02929   0.0318868
     3.58713     1.01664   0.0268333
     3.65177      1.0499    0.030679
      3.7164     1.05273   0.0286506
     3.78103     1.06422   0.0308901
     3.84567     1.07435   0.0224754
      3.9103     1.03257   0.0245392
     3.97493     1.05352   0.0219635
     4.03957     1.05023   0.0272791
      4.1042     1.03076   0.0364905
     4.16883    0.984485    0.033489
     4.23346    0.983328   0.0294509
      4.2981     1.00221   0.0206855
     4.36273    0.987038   0.0242336
     4.42736    0.998513   0.0206709
       4.492    0.959907   0.0192815
     4.55663    0.976267   0.0208538
     4.62126    0.995591   0.0207917
      4.6859    0.981732   0.0216065
     4.75053    0.982175   0.0205628
     4.81516    0.995084   0.0242207
     4.87979    0.972557   0.0153745
     4.94443    0.964774   0.0161854
     5.00906    0.952378   0.0157768
     5.07369    0.986778    0.015135
     5.13833    0.966082   0.0157501
     5.20296    0.935795   0.0105158
     5.26759    0.932117   0.0149402
     5.33223    0.956456   0.0147303
     5.39686    0.961302   0.0218133
     5.46149    0.941406   0.0119816
     5.52612    0.945466  0.00725748
     5.59076    0.963283   0.0156673
     5.65539    0.947108   0.0170223
     5.72002    0.921756   0.0147695
     5.78466    0.926375   0.0135521
     5.84929    0.941068   0.0189311
     5.91392     0.92773   0.0173085
     5.97856    0.927541   0.0114938
     6.04319    0.926199   0.0184076
     6.10782    0.948041   0.0168948
     6.17246    0.968387   0.0108926
     6.23709    0.975475   0.0167432
     6.30172    0.951962   0.0169136
     6.36635    0.960262   0.0177311
     6.43099    0.976605   0.0128066
