1 1 0
2 3.12965 0.000762262
3 6.38988 0.00168811
4 10.7767 0.00279228
5 16.2977 0.00366545
6 22.9487 0.00473636
7 30.7298 0.00570795
8 39.6406 0.00705993
9 49.6745 0.00877191
10 60.8419 0.0103024
11 73.1467 0.0120298
12 86.5838 0.0143183
13 101.149 0.0165946
14 116.825 0.0187148
15 133.644 0.0198367
16 151.593 0.0219917
17 170.675 0.0231224
18 190.883 0.0248652
19 212.238 0.0283472
20 234.704 0.0312088
21 258.294 0.0333553
22 283.032 0.0360009
23 308.901 0.0377269
24 335.881 0.0393472
25 364.001 0.0417173
26 393.242 0.0438414
27 423.615 0.046545
28 455.119 0.0473046
29 487.745 0.0505983
30 521.507 0.0545527
31 556.399 0.0583747
32 592.425 0.0602942
33 629.581 0.062977
34 667.87 0.0652715
35 707.295 0.0686083
36 747.835 0.0711907
37 789.512 0.0747083
38 832.303 0.0760273
39 876.235 0.0787941
40 921.288 0.0844636
41 967.483 0.0835205
42 1014.81 0.0867785
43 1063.26 0.0882424
44 1112.82 0.0935834
45 1163.51 0.0937339
46 1215.37 0.0969926
47 1268.37 0.100841
48 1322.48 0.105456
49 1377.73 0.108227
50 1434.1 0.107928
51 1491.62 0.111309
52 1550.29 0.116581
53 1610.09 0.118574
54 1670.97 0.121087
55 1732.94 0.126855
56 1796.09 0.129374
57 1860.39 0.133195
58 1925.8 0.136802
59 1992.36 0.137279
60 2060.04 0.140251
61 2128.8 0.145766
62 2198.73 0.152374
63 2269.79 0.15323
64 2342.04 0.155753
65 2415.39 0.160528
66 2489.83 0.168611
67 2565.39 0.175415
68 2642.14 0.176117
69 2719.99 0.177585
70 2798.96 0.177645
71 2879.09 0.179657
72 2960.31 0.184713
73 3042.65 0.187919
74 3126.12 0.194403
75 3210.75 0.199409
76 3296.5 0.203992
77 3383.39 0.209202
78 3471.43 0.212533
79 3560.6 0.218326
80 3650.87 0.222582
81 3742.3 0.225559
82 3834.87 0.232374
83 3928.53 0.235786
84 4023.31 0.240397
85 4119.23 0.245847
86 4216.31 0.245362
87 4314.47 0.250603
88 4413.74 0.257668
89 4514.21 0.267382
90 4615.81 0.2699
91 4718.52 0.273022
92 4822.36 0.276912
93 4927.35 0.279502
94 5033.44 0.284319
95 5140.71 0.288529
96 5249.09 0.289476
97 5358.59 0.294434
98 5469.19 0.302724
99 5580.95 0.308535
100 5693.8 0.311678
