1 1 0
2 1.99876 0.00109757
3 3.0002 0.00199751
4 4.0036 0.00301424
5 5.00299 0.00361927
6 6.0049 0.00447733
7 7.00563 0.00552169
8 8.00931 0.00647029
9 9.01003 0.00693474
10 10.0038 0.00809293
11 11.001 0.00919326
12 11.9936 0.0104523
13 12.9968 0.0114447
14 13.9964 0.0120667
15 14.9993 0.012482
16 15.9917 0.0137165
17 16.9926 0.0146638
18 17.9997 0.0150365
19 19.0037 0.0158966
20 19.9928 0.0162931
21 20.9891 0.0173951
22 21.9809 0.017854
23 22.9743 0.0184408
24 23.981 0.0200356
25 24.978 0.0209842
26 25.9794 0.0220326
27 26.9724 0.0234584
28 27.9728 0.023705
29 28.9798 0.0254664
30 29.9846 0.025835
31 30.9837 0.0268825
32 31.986 0.0277486
33 32.9808 0.0287553
34 33.9789 0.0294522
35 34.9733 0.0290339
36 35.9833 0.0291066
37 36.9893 0.0290464
38 37.978 0.030412
39 38.9896 0.0299069
40 39.9947 0.0315294
41 40.995 0.0337785
42 41.9993 0.0345371
43 42.9858 0.0351928
44 43.983 0.0361134
45 44.9806 0.0368697
46 45.9693 0.0378121
47 46.9678 0.040101
48 47.9683 0.0419194
49 48.9646 0.04235
50 49.9631 0.0423443
51 50.9572 0.0435643
52 51.9833 0.0447698
53 52.9891 0.0461349
54 54.0017 0.0466367
55 54.9947 0.0460551
56 55.9863 0.0456525
57 56.9833 0.04691
58 57.976 0.0487042
59 58.9896 0.0519879
60 59.9956 0.0518171
61 60.9832 0.0510518
62 61.977 0.0509796
63 62.955 0.0503966
64 63.9616 0.0518297
65 64.9653 0.0534734
66 65.9617 0.0560391
67 66.9556 0.0563001
68 67.9564 0.0564824
69 68.9559 0.0564295
70 69.9303 0.0566357
71 70.9127 0.056806
72 71.9118 0.0584617
73 72.8973 0.0611184
74 73.8985 0.0618527
75 74.9054 0.0635324
76 75.9273 0.0651403
77 76.9131 0.0666442
78 77.9062 0.0685341
79 78.9181 0.0706963
80 79.9048 0.071469
81 80.9039 0.070877
82 81.9184 0.0720203
83 82.9172 0.0762252
84 83.9308 0.0789558
85 84.9255 0.078928
86 85.9333 0.0810391
87 86.9366 0.0804588
88 87.9201 0.0829859
89 88.9148 0.0843852
90 89.9178 0.0839055
91 90.9319 0.0845945
92 91.9477 0.0834658
93 92.9415 0.0852284
94 93.9337 0.0854994
95 94.9277 0.0853748
96 95.9133 0.086343
97 96.9184 0.085458
98 97.9289 0.0863399
99 98.9369 0.0881716
100 99.9164 0.0886118
