1 1 0
2 2.19567 0.00127968
3 3.58764 0.0024083
4 5.1794 0.00377455
5 6.96697 0.00498142
6 8.94847 0.00659576
7 11.1295 0.00827871
8 13.5025 0.00967895
9 16.0749 0.0118097
10 18.838 0.0140947
11 21.8007 0.0156543
12 24.9497 0.0182681
13 28.2993 0.0209557
14 31.8616 0.024281
15 35.6113 0.027084
16 39.5482 0.0296225
17 43.6913 0.0316039
18 48.0347 0.0350153
19 52.5647 0.0385376
20 57.2803 0.0410798
21 62.2189 0.0429403
22 67.3329 0.0468259
23 72.6354 0.0496331
24 78.1728 0.0519263
25 83.8876 0.0552844
26 89.8144 0.0572238
27 95.9283 0.059735
28 102.236 0.0617745
29 108.735 0.0653871
30 115.437 0.0697858
31 122.337 0.0732465
32 129.433 0.0759599
33 136.712 0.0791505
34 144.19 0.0817462
35 151.859 0.0876041
36 159.752 0.0910646
37 167.824 0.0936223
38 176.091 0.0946866
39 184.541 0.098015
40 193.21 0.104512
41 202.066 0.106037
42 211.132 0.109405
43 220.361 0.111806
44 229.814 0.11909
45 239.497 0.120772
46 249.31 0.122088
47 259.322 0.128433
48 269.565 0.133196
49 279.988 0.138403
50 290.607 0.140316
51 301.425 0.14467
52 312.414 0.150735
53 323.59 0.155963
54 335.003 0.159123
55 346.652 0.16139
56 358.431 0.165703
57 370.424 0.168553
58 382.609 0.172674
59 394.99 0.176011
60 407.589 0.177627
61 420.416 0.186884
62 433.391 0.191871
63 446.545 0.195263
64 459.878 0.198863
65 473.406 0.20492
66 487.184 0.212255
67 501.175 0.217022
68 515.286 0.218776
69 529.643 0.223277
70 544.179 0.222804
71 558.907 0.226763
72 573.845 0.22865
73 588.992 0.233145
74 604.332 0.24325
75 619.864 0.251628
76 635.616 0.256003
77 651.512 0.259594
78 667.57 0.262014
79 683.825 0.26971
80 700.327 0.277168
81 717.017 0.286074
82 733.914 0.291626
83 751.007 0.297241
84 768.308 0.308261
85 785.809 0.314827
86 803.448 0.315442
87 821.374 0.324034
88 839.491 0.332176
89 857.765 0.338976
90 876.194 0.340308
91 894.867 0.341772
92 913.708 0.344873
93 932.757 0.350159
94 952.01 0.352185
95 971.428 0.354008
96 991.017 0.355563
97 1010.83 0.358408
98 1030.88 0.367692
99 1051.1 0.374114
100 1071.58 0.379075
