0.496494   -0.499405   -0.489737
-0.317301   -0.323065   0.495797
-0.469919   -0.341776   -0.356834
-0.318436   0.482411   -0.326648
-0.16606   0.491516   0.49779
-0.0113601   -0.323798   -0.492438
-0.162679   -0.320995   -0.336531
0.00302572   -0.4889   -0.348114
0.175682   -0.481184   -0.486133
0.346889   -0.322758   0.49352
0.164047   -0.330701   -0.306889
0.332098   -0.4796   -0.349749
-0.479218   -0.160921   -0.499044
-0.345432   0.0172318   0.495838
-0.492166   -0.003237   -0.316531
-0.33829   -0.157981   -0.317361
-0.163756   -0.158612   -0.488932
0.0113517   -0.023295   0.493691
-0.190001   0.0158519   -0.33788
0.00255108   -0.155059   -0.317235
0.173021   -0.17023   -0.497968
0.335584   -0.00755475   -0.48931
0.181957   0.00603252   -0.334959
0.34262   -0.169249   -0.345384
0.493153   0.174385   0.497794
-0.336356   0.328582   -0.497216
0.480928   0.343252   -0.34405
-0.339087   0.171813   -0.310076
-0.180645   0.162906   0.492708
-0.00540768   0.324875   0.489761
-0.157587   0.32456   -0.332258
-0.016399   0.158341   -0.33927
0.177999   0.178668   0.490003
0.333564   0.334875   0.494134
0.157915   0.328246   -0.335616
0.334746   0.165178   -0.327053
0.497922   -0.487418   -0.179586
-0.334107   -0.329327   -0.17283
-0.488436   -0.333933   -0.00198235
-0.337918   -0.493237   0.000685832
-0.156256   -0.49075   -0.182142
-0.00112638   -0.326364   -0.147247
-0.163638   -0.349099   0.00593921
-0.00777995   -0.497239   -0.0147943
0.1759   0.49967   -0.179071
0.318167   -0.345458   -0.163091
0.169839   -0.323546   0.01949
0.327806   -0.492852   -0.000854111
0.480775   -0.179413   -0.157426
-0.335523   -0.00392491   -0.149456
-0.491754   -0.0192813   0.00871275
-0.319082   -0.175604   0.0075817
-0.173853   -0.148561   -0.166696
-0.00686707   0.0124963   -0.162976
-0.159923   0.0149065   0.00870848
0.0075819   -0.161849   -0.00933684
0.178672   -0.160345   -0.155572
0.338363   -0.00720784   -0.164721
0.166938   -0.011211   0.00501327
0.348157   -0.184852   -0.00615885
0.494359   0.149364   -0.153258
-0.358668   0.329995   -0.172663
0.489879   0.342245   -0.0182679
-0.336052   0.176668   -0.0177197
-0.172103   0.177149   -0.176386
-0.00343841   0.334633   -0.182822
-0.179219   0.339048   -0.0174898
0.00206302   0.164069   0.00198694
0.15378   0.165543   -0.177458
0.330337   0.332349   -0.182466
0.159653   0.346888   0.00204086
0.311221   0.192108   -0.00820916
0.488999   -0.495573   0.177157
-0.313987   -0.351902   0.179835
-0.485326   -0.325419   0.331161
-0.343824   0.497889   0.342229
-0.150005   0.498196   0.167764
0.0122171   -0.322328   0.177404
-0.161217   -0.355512   0.350519
0.00517721   0.477499   0.34243
0.144377   -0.497229   0.184365
0.334946   -0.321877   0.170034
0.151758   -0.326926   0.348175
0.324217   0.492856   0.327639
-0.49107   -0.172733   0.172922
-0.323124   -0.0097173   0.160058
-0.481068   0.000712217   0.315723
-0.337871   -0.166213   0.344807
-0.170387   -0.179753   0.168392
0.00457009   -0.0245392   0.165747
-0.160522   0.0115571   0.342617
-0.0037861   -0.166488   0.337022
0.183712   -0.178613   0.182664
0.326249   -0.0194737   0.162228
0.189021   -0.00414941   0.342755
0.348555   -0.160022   0.347049
-0.494514   0.147911   0.161096
-0.342103   0.326095   0.171229
0.474929   0.309751   0.32295
-0.350198   0.18164   0.331424
-0.174061   0.164391   0.174594
-0.0016028   0.331434   0.146404
-0.177842   0.337221   0.330674
0.00403586   0.178575   0.296043
0.172619   0.160051   0.164747
0.323985   0.342876   0.160275
0.163673   0.330017   0.3209
0.330273   0.14373   0.321675
