-5.49029
-5.49158
-5.4919
-5.4919
-5.49254
-5.49157
-5.49157
-5.48962
-5.49189
-5.49189
-5.49383
-5.49286
-5.49513
-5.49383
-5.49318
-5.49157
-5.49092
-5.49254
-5.48994
-5.49221
-5.49027
-5.49091
-5.48865
-5.48833
-5.48768
-5.48768
-5.48897
-5.48735
-5.48768
-5.48638
-5.48444
-5.48573
-5.48573
-5.48606
-5.48509
-5.48444
-5.48314
-5.48379
-5.48379
-5.48282
-5.4825
-5.48185
-5.48153
-5.48217
-5.48185
-5.48088
-5.48314
-5.48412
-5.48411
-5.48638
-5.48606
-5.48638
-5.48702
-5.48702
-5.48864
-5.48799
-5.48864
-5.48897
-5.48897
-5.48962
-5.48898
-5.49059
-5.48962
-5.49156
-5.49156
-5.48994
-5.48962
-5.4893
-5.48994
-5.49059
-5.49124
-5.49123
-5.48994
-5.48865
-5.48703
-5.48476
-5.48347
-5.48185
-5.48282
-5.48444
-5.48573
-5.48638
-5.48573
-5.48767
-5.4867
-5.48508
-5.48476
-5.48541
-5.48897
-5.48832
-5.48929
-5.48832
-5.48702
-5.48735
-5.48832
-5.48962
-5.49091
-5.49091
-5.48865
-5.48768
-5.48767
-5.48832
-5.48962
-5.48994
-5.48994
-5.49026
-5.49059
-5.48735
-5.48865
-5.48929
-5.48929
-5.48994
-5.48994
-5.49027
-5.49027
-5.49027
-5.48995
-5.49059
-5.48962
-5.48962
-5.48735
-5.48444
-5.48444
-5.48476
-5.48541
-5.48476
-5.48606
-5.48379
-5.4825
-5.48606
-5.48768
-5.48865
-5.49091
-5.48929
-5.48638
-5.48832
-5.4893
-5.48897
-5.48832
-5.48897
-5.48865
-5.48832
-5.49091
-5.49253
-5.4922
-5.4922
-5.49091
-5.49123
-5.49058
-5.48994
-5.48993
-5.49026
-5.48961
-5.48994
-5.49026
-5.48929
-5.49188
-5.49091
-5.49091
-5.49188
-5.49156
-5.49155
-5.49187
-5.49317
-5.49317
-5.49187
-5.49252
-5.4922
-5.49058
-5.49058
-5.49252
-5.49317
-5.49284
-5.49446
-5.49382
-5.49576
-5.49382
-5.49447
-5.49544
-5.49382
-5.49285
-5.49285
-5.49382
-5.49253
-5.49285
-5.4935
-5.49155
-5.49057
-5.48895
-5.48927
-5.48992
-5.48895
-5.48928
-5.48863
-5.48896
-5.49058
-5.49123
-5.48928
-5.48993
-5.48863
-5.4896
-5.48863
-5.49025
-5.49057
-5.49057
-5.49122
-5.48992
-5.49089
-5.48927
-5.48669
-5.48734
-5.48799
-5.48604
-5.48604
-5.48896
-5.48799
-5.48604
-5.48604
-5.48636
-5.4883
-5.48798
-5.48766
-5.48863
-5.49026
-5.48896
-5.49026
-5.48864
-5.48799
-5.49025
-5.49089
-5.4896
-5.48895
-5.48701
-5.48734
-5.48507
-5.48604
-5.48669
-5.48831
-5.48863
-5.49025
-5.49187
-5.49219
-5.49284
-5.49543
-5.49479
-5.49219
-5.49155
-5.49187
-5.4896
-5.49122
-5.48992
-5.4883
-5.48765
-5.4883
-5.48798
-5.48895
-5.48927
-5.48766
-5.48701
-5.48701
-5.48896
-5.49122
-5.48896
-5.4909
-5.48993
-5.49058
-5.48961
-5.48605
-5.48669
-5.48604
-5.48669
-5.48604
-5.48572
-5.48637
-5.48443
-5.48507
-5.48572
-5.48604
-5.48539
-5.48572
-5.48701
-5.48896
-5.49155
-5.49349
-5.49284
-5.49187
-5.4909
-5.48864
-5.49026
-5.48993
-5.48993
-5.48993
-5.48929
-5.49123
-5.49188
-5.48993
-5.49058
-5.49123
-5.49284
-5.49187
-5.49122
-5.4896
-5.4896
-5.49219
-5.48993
-5.48928
-5.4896
-5.48863
-5.48734
-5.48734
-5.48636
-5.48701
-5.48539
-5.48409
-5.48507
-5.4854
-5.4854
-5.4854
-5.48799
-5.48864
-5.49026
-5.4909
-5.48961
-5.48896
-5.48863
-5.48863
-5.48961
-5.48896
-5.48993
-5.48896
-5.48896
-5.48831
-5.48993
-5.49058
-5.4909
-5.48896
-5.48831
-5.48604
-5.48766
-5.48799
-5.48669
-5.48798
-5.48863
-5.48993
-5.48896
-5.49026
-5.49091
-5.49123
-5.48896
-5.48831
-5.48896
-5.48961
-5.48831
-5.48831
-5.48993
-5.48832
-5.48411
-5.48476
-5.48379
-5.48346
-5.48217
-5.48217
-5.48313
-5.48022
-5.48054
-5.48281
-5.48378
-5.48734
-5.4867
-5.48605
-5.48832
-5.488
-5.48573
-5.48573
-5.48702
-5.48573
-5.4854
-5.48573
-5.48508
-5.48508
-5.4867
-5.48702
-5.48929
-5.49026
-5.48929
-5.48767
-5.4867
-5.48962
-5.49188
-5.49447
-5.49156
-5.48994
-5.48929
-5.49155
-5.48928
-5.48928
-5.48864
-5.48734
-5.48702
-5.48735
-5.48703
-5.488
-5.48411
-5.48314
-5.48508
-5.48346
-5.48443
-5.48379
-5.48573
-5.48832
-5.48865
-5.4867
-5.48638
-5.48703
-5.48929
-5.49155
-5.48929
-5.48831
-5.48799
-5.48896
-5.48993
-5.48928
-5.48993
-5.49026
-5.49156
-5.49156
-5.49059
-5.48897
-5.48767
-5.488
-5.48638
-5.48735
-5.48961
-5.48799
-5.48928
-5.48799
-5.48928
-5.48928
-5.48993
-5.4909
-5.48929
-5.48929
-5.48962
-5.48929
-5.48735
-5.48573
-5.48702
-5.48832
-5.48735
-5.48702
-5.48702
-5.48864
-5.48896
-5.49058
-5.49026
-5.48832
-5.48994
-5.49188
-5.49221
-5.49285
-5.49318
-5.49318
-5.49221
-5.49059
-5.49091
-5.49156
-5.48832
-5.48476
-5.48411
-5.48476
-5.48476
-5.48573
-5.48508
-5.48476
-5.48541
-5.48573
-5.48444
-5.48638
-5.48703
-5.48638
-5.48703
-5.48735
-5.48735
-5.4867
-5.48864
-5.4867
-5.48735
-5.48897
-5.48735
-5.48832
-5.48994
-5.48832
-5.48929
-5.48832
-5.48573
-5.48379
-5.48314
-5.48476
-5.48347
-5.48476
-5.48346
-5.48378
-5.48378
-5.48475
-5.4854
-5.4854
-5.48799
-5.48767
-5.48735
-5.48832
-5.48994
-5.49059
-5.49253
-5.49285
-5.49091
-5.49253
-5.49285
-5.49155
-5.48993
-5.48864
-5.49058
-5.48961
-5.48961
-5.49123
-5.48896
-5.48896
-5.48734
-5.48605
-5.48767
-5.48703
-5.48671
-5.48639
-5.48671
-5.48801
-5.48865
-5.48768
-5.48897
-5.48864
-5.48929
-5.49026
-5.49285
-5.49252
-5.49026
-5.49123
-5.49091
-5.49091
-5.48962
-5.49286
-5.49221
-5.48833
-5.48703
-5.48638
-5.48703
-5.48703
-5.488
-5.4854
-5.48411
-5.48313
-5.48443
-5.48475
-5.48378
-5.48216
-5.48087
-5.48087
-5.48216
-5.4841
-5.48475
-5.48605
-5.48702
-5.48799
-5.48994
-5.49026
-5.48864
-5.49026
-5.49058
-5.48799
-5.48734
-5.48799
-5.48701
-5.48637
-5.48766
-5.48929
-5.49091
-5.49123
-5.48994
-5.48929
-5.48832
-5.48767
-5.48864
-5.48799
-5.48929
-5.48961
-5.49058
-5.49122
-5.49155
-5.48993
-5.49122
-5.4922
-5.49284
-5.49123
-5.49155
-5.48929
-5.48961
-5.49026
-5.49025
-5.48572
-5.48507
-5.48539
-5.48604
-5.4854
-5.48766
-5.48507
-5.4854
-5.48604
-5.48798
-5.48798
-5.48928
-5.4909
-5.49025
-5.48928
-5.4896
-5.48992
-5.48863
-5.48992
-5.49057
-5.49025
-5.48992
-5.48733
-5.48733
-5.4883
-5.48895
-5.48604
-5.48701
-5.48636
-5.48571
-5.48312
-5.48215
-5.48183
-5.48377
-5.48377
-5.48377
-5.48636
-5.48701
-5.48798
-5.48604
-5.48895
-5.48927
-5.48895
-5.48733
-5.49024
-5.49154
-5.49381
-5.49187
-5.49219
-5.49187
-5.49089
-5.49024
-5.48959
-5.48829
-5.48862
-5.49089
-5.48862
-5.48927
-5.48798
-5.48733
-5.48766
-5.48733
-5.48863
-5.48863
-5.48798
-5.48733
-5.4883
-5.48732
-5.48668
-5.48474
-5.48376
-5.48377
-5.48506
-5.48701
-5.48895
-5.4896
-5.49024
-5.49219
-5.49121
-5.48895
-5.48992
-5.49089
-5.48959
-5.48991
-5.48958
-5.48893
-5.48926
-5.48829
-5.48829
-5.48829
-5.48732
-5.48667
-5.487
-5.4883
-5.48927
-5.48959
-5.48894
-5.48829
-5.48797
-5.487
-5.48699
-5.48635
-5.48408
-5.4857
-5.48505
-5.48537
-5.48505
-5.48667
-5.48732
-5.48958
-5.48861
-5.48861
-5.48958
-5.49055
-5.48796
-5.48958
-5.48796
-5.48829
-5.48958
-5.48667
-5.48764
-5.48603
-5.4844
-5.48375
-5.48343
-5.48407
-5.48569
-5.48472
-5.48084
-5.4831
-5.48375
-5.48634
-5.48926
-5.48796
-5.48829
-5.48764
-5.48796
-5.4857
-5.48635
-5.48602
-5.48797
-5.48958
-5.48861
-5.48991
-5.48797
-5.48667
-5.48797
-5.48602
-5.48538
-5.48538
-5.48505
-5.4857
-5.48635
-5.48538
-5.48635
-5.487
-5.48829
-5.48959
-5.48894
-5.48764
-5.48634
-5.4857
-5.48635
-5.48861
-5.48894
-5.48926
-5.48667
-5.48668
-5.48797
-5.48635
-5.48959
-5.48926
-5.49023
-5.48829
-5.48765
-5.48927
-5.48927
-5.49154
-5.49154
-5.49056
-5.48991
-5.48927
-5.48635
-5.48797
-5.48797
-5.48926
-5.48959
-5.48862
-5.48895
-5.49057
-5.49186
-5.49251
-5.49251
-5.49186
-5.48926
-5.48894
-5.48926
-5.48926
-5.49218
-5.49121
-5.49153
-5.49251
-5.49025
-5.49251
-5.49252
-5.49316
-5.49349
-5.49316
-5.49187
-5.48992
-5.48766
-5.48863
-5.4883
-5.48927
-5.48927
-5.48765
-5.48571
-5.48603
-5.48344
-5.48215
-5.48636
-5.48603
-5.48539
-5.48474
-5.48377
-5.48506
-5.48668
-5.48765
-5.48862
-5.48797
-5.48797
-5.48927
-5.487
-5.48765
-5.48765
-5.48506
-5.48506
-5.487
-5.48571
-5.48701
-5.48733
-5.48701
-5.48927
-5.48959
-5.49089
-5.48927
-5.48862
-5.48895
-5.4896
-5.48992
-5.48928
-5.48701
-5.48798
-5.48766
-5.48928
-5.49025
-5.48992
-5.48766
-5.48863
-5.48766
-5.48669
-5.48701
-5.48604
-5.48701
-5.48798
-5.48863
-5.48733
-5.48636
-5.48377
-5.48668
-5.48733
-5.48862
-5.48798
-5.48733
-5.4883
-5.48603
-5.48798
-5.49024
-5.48928
-5.48863
-5.48993
-5.49025
-5.49025
-5.49025
-5.48734
-5.48993
-5.49123
-5.49155
-5.49058
-5.49219
-5.49187
-5.48993
-5.49058
-5.48863
-5.48637
-5.4854
-5.4854
-5.48734
-5.48896
-5.48896
-5.48702
-5.48993
-5.48993
-5.48863
-5.48733
-5.48636
-5.48474
-5.48539
-5.48507
-5.48539
-5.48798
-5.48669
-5.48928
-5.48863
-5.49025
-5.49058
-5.4909
-5.48831
-5.48766
-5.48799
-5.48864
-5.48799
-5.48831
-5.48701
-5.48734
-5.48798
-5.4896
-5.49219
-5.49122
-5.49057
-5.49057
-5.4896
-5.4896
-5.4896
-5.48928
-5.49025
-5.4896
-5.49057
-5.49154
-5.49089
-5.49057
-5.49057
-5.49057
-5.4909
-5.49349
-5.49446
-5.49316
-5.49316
-5.49284
-5.49154
-5.49186
-5.49057
-5.49121
-5.49315
-5.49218
-5.48894
-5.48667
-5.48538
-5.4857
-5.48473
-5.48603
-5.48732
-5.48765
-5.4883
-5.487
-5.48798
-5.48765
-5.48571
-5.48635
-5.48668
-5.48667
-5.48635
-5.4857
-5.48732
-5.487
-5.48829
-5.48862
-5.49024
-5.49024
-5.49024
-5.49186
-5.49056
-5.49089
-5.49121
-5.49219
-5.4909
-5.49381
-5.49285
-5.49252
-5.4909
-5.49122
-5.49251
-5.49186
-5.49186
-5.49251
