1.22652
1.24627
1.25614
1.2569
1.25104
1.24211
1.23373
1.22879
1.22865
1.23297
1.23989
1.24699
1.25233
1.25491
1.25481
1.25275
1.24956
1.24583
1.24175
1.23743
1.23279
1.22748
1.22075
1.21184
1.20058
1.18737
1.17319
1.15921
1.1465
1.13586
1.1279
1.12289
1.12065
1.12064
1.12223
1.12494
1.12859
1.13334
1.13943
1.14685
1.15511
1.16326
1.17031
1.17542
1.17802
1.17806
1.17568
1.1713
1.16556
1.1591
1.15278
1.14771
1.14534
1.14734
1.1551
1.16897
1.18777
1.20873
1.22807
1.24226
1.24898
1.24779
1.23975
1.22651
1.20971
1.19071
1.17075
1.15123
1.1338
1.1204
1.11288
1.11244
1.11921
1.13182
1.14755
1.16286
1.17452
1.18063
1.18112
1.17761
1.17278
1.16928
1.16881
1.17174
1.17739
1.18467
1.19258
1.20054
1.20842
1.21653
1.22572
1.23709
1.25155
1.26903
1.28798
1.3054
1.31771
1.32176
1.31577
1.29954
1.2746
1.24358
1.20967
1.17603
1.14527
1.11922
1.09875
1.08373
1.07363
1.06832
1.06851
1.07525
1.08878
1.10743
1.12803
1.14712
1.16217
1.17195
1.1763
1.17579
1.17157
1.16503
1.1578
1.15125
1.14633
1.14337
1.14232
1.14291
1.14491
1.14821
1.15288
1.15905
1.16665
1.17552
1.18523
1.19503
1.20381
1.21022
1.21288
1.21091
1.2046
1.19542
1.18582
1.17807
1.17348
1.17195
1.17248
1.17382
1.17516
1.17662
1.17904
1.18358
1.19095
1.20108
1.21303
1.22512
1.23524
1.24144
1.2423
1.23762
1.22849
1.217
1.20545
1.19583
1.18919
1.18573
1.18476
1.18508
1.18529
1.18462
1.18334
1.1827
1.18419
1.18864
1.19584
1.20505
1.21575
1.22747
1.23933
1.24959
1.25572
1.25511
1.24575
1.22708
1.20038
1.16869
1.13647
1.10875
1.08994
1.08295
1.08863
1.10571
1.13112
1.16079
1.19025
1.21567
1.23452
1.24596
1.25058
1.24952
1.24391
1.23471
1.22314
1.21093
1.20028
1.19332
1.19145
1.19449
1.20068
1.20741
1.21208
1.21281
1.20848
1.19856
1.1833
1.16366
1.14184
1.12163
1.10776
1.10421
1.11211
1.12887
1.14955
1.16883
1.18261
1.1887
1.18686
1.17878
1.16782
1.1582
1.15376
1.15682
1.16717
1.18197
1.19713
1.20899
1.21549
1.21666
1.21436
1.21142
1.2101
1.21083
1.21213
1.2114
1.20626
1.19527
1.17852
1.15772
1.13623
1.11814
1.10699
1.10474
1.11142
1.12572
1.14569
1.1693
1.19473
1.22036
1.24485
1.2671
1.28627
1.30179
1.31287
1.31835
1.31695
1.30777
1.29078
1.26703
1.23854
1.2077
1.17685
1.14791
1.12193
1.09906
1.07889
1.06123
1.04671
1.03667
1.03248
1.03492
1.04379
1.05824
1.07721
1.09977
1.12539
1.15372
1.18419
1.21551
1.24554
1.2718
1.29211
1.30517
1.31053
1.30852
1.29995
1.28613
1.26858
1.24884
1.22824
1.20784
1.18838
1.1704
1.15434
1.14039
1.12844
1.11773
1.10702
1.09506
1.08137
1.06689
1.05411
1.04644
1.0472
1.05816
1.07888
1.10672
1.13765
1.16747
1.19302
1.21297
1.22764
1.23838
1.24678
1.25399
1.26066
1.26704
1.27301
1.27777
1.2797
1.27686
1.2676
1.25133
1.22898
1.20312
1.17731
1.15525
1.13953
1.13108
1.1295
1.13432
1.14588
1.16484
1.19085
1.22121
1.25089
1.27484
1.2899
1.29536
1.29244
1.2835
1.27134
1.2586
1.2473
1.23841
1.23151
1.22515
1.21724
1.20572
1.18928
1.16781
1.14229
1.11494
1.08896
1.06804
1.05551
1.05346
1.06208
1.07951
1.10222
1.12611
1.14754
1.16407
1.17477
1.18005
1.18123
1.18
1.17782
1.17562
1.17396
1.17348
1.17547
1.18177
1.19394
1.21226
1.23476
1.25782
1.27693
1.28799
1.28839
1.27754
1.25701
1.23034
1.20243
1.17849
1.16288
1.15802
1.16397
1.17857
1.19793
1.21757
1.23354
1.24373
1.24825
1.24899
1.24854
1.24915
1.25183
1.25585
1.25895
1.25824
1.25118
1.23645
1.21431
1.18666
1.15641
1.12664
1.1
1.07854
1.06419
1.05885
1.06381
1.07886
1.10196
1.12979
1.15872
1.18566
1.20842
1.22555
1.23615
1.23971
1.23601
1.22488
1.20695
1.18433
1.1609
1.14158
1.13066
1.13028
1.13982
1.15672
1.1774
1.19822
1.21619
1.22926
1.23667
1.23872
1.23639
1.23086
1.22302
1.21345
1.2027
1.19173
1.18187
1.17439
1.1699
1.16828
1.16878
1.17065
1.17334
1.1766
1.1802
1.18392
1.1874
1.19016
1.1918
1.19218
1.1918
1.19176
1.19334
1.19751
1.20431
1.21281
1.22146
1.22856
1.23269
1.23273
1.228
1.21822
1.20379
1.18604
1.1671
1.14947
1.13519
1.12506
1.11862
1.11473
1.11263
1.11215
1.11358
1.11729
1.12358
1.13229
1.14265
1.1535
1.1634
1.17099
1.17522
1.17531
1.17086
1.16205
1.14965
1.13533
1.12164
1.11182
1.10907
1.11547
1.13093
1.1532
1.17868
1.20359
1.22502
1.2411
1.25087
1.25394
1.25039
1.24063
1.22537
1.20574
1.18326
1.16008
1.13877
1.12204
1.11226
1.11101
1.11879
1.13508
1.15833
1.18622
1.21592
1.24429
1.26813
1.28445
1.29076
1.28572
1.26952
1.24414
1.21325
1.18171
1.15466
1.1362
1.12835
1.13089
1.14226
1.16033
1.18292
1.208
1.23349
1.25727
1.27726
1.29148
1.29816
1.29606
1.28479
1.26512
1.23901
1.2093
1.17904
1.15093
1.12691
1.1079
1.09382
1.08397
1.07772
1.07492
1.07624
1.08282
1.09539
1.11336
1.13433
1.15464
1.17034
1.17822
1.17679
1.16661
1.15024
1.13173
1.11588
1.1074
1.10974
1.12423
1.14957
1.1821
1.21672
1.24836
1.27293
1.28805
1.29296
1.28839
1.27623
1.25901
1.23966
1.221
1.20539
1.19449
1.1891
1.18909
1.19337
1.20016
1.20759
1.21391
1.21781
1.21837
1.21523
1.20868
1.19998
1.19156
1.18635
1.18656
1.19246
1.20215
1.21258
1.22118
1.22648
1.22822
1.227
1.22368
1.21885
1.21258
1.2044
1.19345
1.17915
1.16137
1.14094
1.11952
1.09941
1.08287
1.07163
1.0665
1.06723
1.07285
1.08208
1.09378
1.10711
1.12167
1.13725
1.15352
1.16988
1.18539
1.19912
1.21038
1.21892
1.22474
1.22802
1.22883
1.22746
1.22482
1.22258
1.22293
1.22738
1.23576
1.24581
1.25377
1.25576
1.24906
1.23302
1.20925
1.18134
1.15419
1.13268
1.12035
1.11831
1.12498
1.13665
1.14901
1.15822
1.16182
1.15906
1.15074
1.13912
1.12719
1.11814
1.11484
1.11928
1.13236
1.15367
1.18128
1.21195
1.24194
1.26772
1.28661
1.29693
1.29807
1.29019
1.27368
1.24907
1.21733
1.18054
1.14253
1.10842
1.0831
1.06966
1.06892
1.07999
1.10096
1.12921
1.16162
1.19484
1.22548
1.25054
1.26792
1.27698
1.27849
1.27409
1.2653
1.253
1.2375
1.21932
1.19942
1.17935
1.16102
1.14603
1.13518
1.12817
1.12381
1.12065
1.11774
1.11523
1.11453
1.11761
1.12608
1.14028
1.1586
1.17803
1.19493
1.206
1.20899
1.20317
1.18944
1.17026
1.14909
1.12972
1.11539
1.10806
1.10812
1.11464
1.12589
1.13989
1.15488
1.16954
1.183
1.19475
1.20465
1.21268
1.21883
1.22299
1.22486
1.22397
1.22
1.21301
1.20361
1.19282
1.18165
1.17096
1.16118
1.15234
1.14425
1.13692
1.13061
1.12553
1.12131
1.11699
1.11191
1.1065
1.10287
1.10393
1.1117
1.12625
1.14598
1.16874
1.19271
1.21658
1.23937
1.26033
1.2789
1.29497
1.3087
1.32031
1.33003
1.33787
1.34333
1.34542
1.34266
1.33372
1.31791
1.29581
1.26933
1.24127
1.21469
1.19212
1.17503
1.16358
1.1565
1.15122
1.14438
1.13281
1.11469
1.09021
1.06185
1.03377
1.01086
0.997459
0.996246
1.00775
1.03059
1.06222
1.09979
1.14041
1.18107
1.21866
1.25024
1.27374
1.28848
1.29506
1.29476
1.28893
1.27879
1.26536
1.24989
1.23388
1.21893
1.20643
1.19733
1.19179
1.18929
1.18866
1.18852
1.18761
1.18508
1.18059
1.17461
1.16817
1.16263
1.15892
1.15726
1.1571
1.15749
1.15777
1.15779
1.15797
1.15887
1.16063
1.16288
1.16477
1.1653
1.16372
1.15987
1.15429
1.14855
1.14494
1.14579
1.15231
1.16369
1.17733
1.1901
1.19987
1.20582
1.20817
1.20755
1.20476
1.20067
1.19643
1.19334
1.19241
1.1939
1.19713
1.20067
1.20293
1.20269
1.19948
1.19352
1.18556
1.1767
1.16803
1.16028
1.15376
1.14843
1.14424
1.14141
1.14039
1.14166
1.14556
1.15217
1.16144
1.17306
1.18647
1.20066
1.21434
1.22603
1.23436
1.23822
1.23696
1.23068
1.22044
1.20819
1.19645
1.18758
1.18283
1.182
1.18396
1.18716
1.19005
1.19137
1.1901
1.18529
1.1762
1.16261
1.1453
1.12609
1.10772
1.09326
1.08511
1.08441
1.09081
1.10322
1.12073
1.14294
1.16948
1.19935
1.23054
1.2607
1.28795
1.31113
1.32932
1.34128
1.34542
1.34062
1.32692
1.30573
1.27946
1.25091
1.22282
1.19711
1.17469
1.15519
1.13723
1.11924
1.10013
1.08012
1.06073
1.0444
1.03405
1.03232
1.04074
1.05926
1.08619
1.11875
1.15408
1.18977
1.2238
1.25396
1.27787
1.29374
1.30094
1.30008
1.29266
1.28042
1.26502
1.24815
1.23148
1.21643
1.20412
1.19494
1.18858
1.18424
1.18114
1.17863
1.17608
1.17278
1.16789
1.16067
1.15079
1.13826
1.12342
1.10666
1.08876
1.0714
1.05733
1.04983
1.05127
1.06149
1.07794
1.0972
1.1167
1.13562
1.15465
1.17538
1.19928
1.22682
1.25692
1.28677
1.31232
1.32923
1.33384
1.32416
1.30074
1.26719
1.22968
1.19585
1.17244
1.16284
