-6.71681
-6.73785
-6.74805
-6.7488
-6.74359
-6.73368
-6.7253
-6.71841
-6.72054
-6.72486
-6.73372
-6.73986
-6.74745
-6.74874
-6.74799
-6.74431
-6.74048
-6.73836
-6.73169
-6.72964
-6.72306
-6.7184
-6.7094
-6.70017
-6.68826
-6.67504
-6.66217
-6.64657
-6.63418
-6.62224
-6.61234
-6.60862
-6.60638
-6.6067
-6.60731
-6.60938
-6.61173
-6.61713
-6.62322
-6.62967
-6.6376
-6.64511
-6.65184
-6.65759
-6.65987
-6.65893
-6.65882
-6.65542
-6.64967
-6.64549
-6.63884
-6.63408
-6.63236
-6.63436
-6.64374
-6.65696
-6.67642
-6.6977
-6.71704
-6.73188
-6.73796
-6.73839
-6.72937
-6.71807
-6.70128
-6.68066
-6.66036
-6.64052
-6.62374
-6.61099
-6.60412
-6.60368
-6.60915
-6.62046
-6.63458
-6.64763
-6.65799
-6.66249
-6.66394
-6.66205
-6.65851
-6.65565
-6.65454
-6.65941
-6.66409
-6.66975
-6.67734
-6.68595
-6.69738
-6.70485
-6.71501
-6.72541
-6.73857
-6.75638
-6.7763
-6.79502
-6.80862
-6.81267
-6.80442
-6.78722
-6.76227
-6.7319
-6.69929
-6.66597
-6.63521
-6.60949
-6.58934
-6.57108
-6.56228
-6.55762
-6.5578
-6.56519
-6.57872
-6.5977
-6.6183
-6.63739
-6.65212
-6.66254
-6.66592
-6.66541
-6.65892
-6.64947
-6.64224
-6.63601
-6.63174
-6.62813
-6.62837
-6.6267
-6.6274
-6.63427
-6.64056
-6.64769
-6.65756
-6.66481
-6.67161
-6.68335
-6.6931
-6.69919
-6.7012
-6.69988
-6.69324
-6.68374
-6.67673
-6.6706
-6.66568
-6.66415
-6.66339
-6.66506
-6.66574
-6.66655
-6.66898
-6.67383
-6.68056
-6.69102
-6.70329
-6.71441
-6.72713
-6.73235
-6.73321
-6.7295
-6.72005
-6.70855
-6.69733
-6.689
-6.68236
-6.6776
-6.67728
-6.67728
-6.67587
-6.6752
-6.67586
-6.67587
-6.67703
-6.6831
-6.68965
-6.70081
-6.70957
-6.72194
-6.73477
-6.74341
-6.74857
-6.74796
-6.73957
-6.71961
-6.69322
-6.66218
-6.62802
-6.59932
-6.57889
-6.57222
-6.57856
-6.59466
-6.62039
-6.64942
-6.67921
-6.70625
-6.72574
-6.73525
-6.74051
-6.73815
-6.73352
-6.72335
-6.71338
-6.7015
-6.69085
-6.68454
-6.68137
-6.68538
-6.68995
-6.69409
-6.69941
-6.7008
-6.69452
-6.68461
-6.67226
-6.65165
-6.62788
-6.60767
-6.59412
-6.59251
-6.60009
-6.61653
-6.63818
-6.65909
-6.67157
-6.67896
-6.67549
-6.66676
-6.65807
-6.64909
-6.64335
-6.64577
-6.65418
-6.66931
-6.6822
-6.69503
-6.70219
-6.70498
-6.70299
-6.70167
-6.70196
-6.70302
-6.70497
-6.70683
-6.70105
-6.68747
-6.67006
-6.64959
-6.62583
-6.60935
-6.59691
-6.59304
-6.59908
-6.61402
-6.63367
-6.65826
-6.68401
-6.70802
-6.73186
-6.75411
-6.77523
-6.79302
-6.80183
-6.80925
-6.80688
-6.79835
-6.78039
-6.75308
-6.72523
-6.69374
-6.66354
-6.63395
-6.60765
-6.58543
-6.56331
-6.5463
-6.53243
-6.52271
-6.51788
-6.52064
-6.53081
-6.5472
-6.56876
-6.59326
-6.61824
-6.64559
-6.67509
-6.70415
-6.7358
-6.76174
-6.78205
-6.7951
-6.79981
-6.79975
-6.79183
-6.77606
-6.75916
-6.74006
-6.72108
-6.69971
-6.6796
-6.66
-6.64394
-6.63258
-6.61836
-6.60701
-6.59662
-6.58369
-6.56871
-6.55423
-6.54047
-6.53345
-6.53258
-6.54225
-6.56395
-6.59211
-6.62305
-6.65287
-6.68101
-6.70161
-6.71789
-6.72928
-6.73638
-6.74295
-6.74929
-6.75567
-6.76262
-6.76673
-6.76963
-6.76582
-6.75656
-6.73965
-6.71892
-6.6937
-6.66821
-6.64421
-6.62784
-6.61712
-6.61716
-6.62231
-6.63257
-6.65282
-6.67949
-6.71115
-6.73986
-6.7651
-6.78081
-6.78659
-6.7814
-6.77181
-6.76031
-6.74821
-6.73562
-6.72673
-6.72145
-6.71346
-6.70134
-6.69047
-6.67307
-6.65127
-6.62446
-6.59711
-6.5721
-6.54826
-6.53605
-6.53627
-6.54586
-6.56685
-6.58892
-6.61217
-6.63586
-6.65207
-6.6605
-6.66578
-6.66825
-6.66573
-6.66322
-6.66134
-6.65903
-6.65856
-6.66217
-6.66879
-6.68322
-6.70252
-6.72405
-6.74549
-6.76364
-6.77761
-6.78028
-6.77202
-6.74857
-6.72028
-6.69172
-6.67004
-6.65216
-6.64731
-6.65261
-6.66591
-6.68495
-6.70491
-6.72056
-6.73173
-6.73236
-6.73213
-6.73362
-6.73261
-6.73626
-6.73963
-6.74468
-6.74656
-6.73983
-6.72315
-6.70069
-6.67369
-6.6457
-6.6182
-6.58929
-6.56685
-6.55218
-6.54781
-6.55374
-6.56814
-6.59189
-6.62005
-6.65028
-6.67721
-6.69901
-6.71451
-6.72382
-6.72771
-6.72239
-6.71223
-6.69657
-6.67233
-6.65019
-6.62957
-6.61994
-6.61956
-6.62975
-6.64762
-6.66669
-6.68751
-6.7058
-6.71855
-6.72402
-6.72445
-6.72342
-6.71918
-6.71036
-6.70047
-6.68973
-6.68037
-6.67084
-6.66497
-6.66016
-6.6566
-6.65871
-6.66253
-6.66554
-6.66945
-6.67338
-6.6771
-6.67961
-6.68075
-6.68271
-6.68374
-6.68012
-6.67652
-6.67746
-6.68227
-6.68907
-6.69854
-6.70654
-6.71333
-6.7181
-6.71847
-6.71244
-6.7046
-6.69082
-6.67242
-6.65413
-6.63682
-6.62254
-6.61177
-6.60726
-6.60143
-6.59997
-6.60111
-6.60093
-6.60561
-6.61352
-6.62061
-6.63194
-6.64182
-6.64913
-6.65478
-6.65836
-6.66007
-6.65432
-6.64681
-6.63311
-6.61911
-6.60543
-6.59657
-6.59447
-6.60087
-6.61892
-6.64087
-6.66602
-6.69191
-6.71496
-6.73168
-6.74339
-6.74679
-6.7413
-6.73315
-6.71822
-6.69729
-6.6732
-6.64872
-6.62935
-6.61165
-6.60186
-6.60223
-6.60775
-6.62404
-6.64567
-6.67228
-6.70359
-6.73132
-6.75484
-6.77084
-6.77747
-6.77372
-6.75817
-6.73182
-6.70222
-6.67036
-6.64394
-6.62646
-6.6212
-6.62342
-6.63252
-6.65156
-6.67383
-6.69891
-6.72311
-6.75012
-6.76947
-6.77981
-6.78519
-6.78245
-6.77182
-6.75215
-6.72701
-6.69471
-6.66314
-6.63407
-6.61133
-6.59265
-6.5776
-6.56614
-6.55859
-6.55579
-6.55841
-6.56692
-6.58014
-6.5994
-6.62135
-6.64264
-6.66028
-6.66848
-6.66543
-6.65688
-6.64082
-6.61972
-6.60322
-6.59538
-6.59675
-6.6106
-6.63724
-6.67139
-6.70763
-6.73959
-6.76287
-6.77734
-6.78128
-6.77606
-6.76487
-6.747
-6.72895
-6.71061
-6.69597
-6.68571
-6.68065
-6.67902
-6.68459
-6.69236
-6.70043
-6.70514
-6.70936
-6.70766
-6.70484
-6.69893
-6.69023
-6.67728
-6.67142
-6.67196
-6.6785
-6.68754
-6.70024
-6.70626
-6.71187
-6.71426
-6.71498
-6.71166
-6.70813
-6.70348
-6.69465
-6.68273
-6.66875
-6.6513
-6.62957
-6.60944
-6.58998
-6.57312
-6.56156
-6.55383
-6.55456
-6.56115
-6.57104
-6.57982
-6.59412
-6.60803
-6.62296
-6.63665
-6.65204
-6.66722
-6.68289
-6.69415
-6.70269
-6.7111
-6.71503
-6.71681
-6.7135
-6.71377
-6.71185
-6.71188
-6.7147
-6.72601
-6.73735
-6.74758
-6.74763
-6.74125
-6.72489
-6.70014
-6.67158
-6.64379
-6.62098
-6.60897
-6.6092
-6.6136
-6.62593
-6.63699
-6.64555
-6.64948
-6.64639
-6.63937
-6.62774
-6.61516
-6.60547
-6.60314
-6.6066
-6.61903
-6.6384
-6.66505
-6.69572
-6.727
-6.75473
-6.77556
-6.78652
-6.78831
-6.78238
-6.7649
-6.73802
-6.70725
-6.67142
-6.63211
-6.59833
-6.57268
-6.55859
-6.55818
-6.56828
-6.58925
-6.6175
-6.64894
-6.68151
-6.71248
-6.73883
-6.75718
-6.76658
-6.76744
-6.76238
-6.75327
-6.73999
-6.72449
-6.70566
-6.6835
-6.66505
-6.64606
-6.6314
-6.62022
-6.61484
-6.61113
-6.61023
-6.60635
-6.60384
-6.60411
-6.60815
-6.61404
-6.62986
-6.64657
-6.66631
-6.68452
-6.69267
-6.69664
-6.6892
-6.67384
-6.65402
-6.63252
-6.61379
-6.60108
-6.59278
-6.58896
-6.59775
-6.60964
-6.62623
-6.64414
-6.6575
-6.67128
-6.68239
-6.69261
-6.69838
-6.70517
-6.70901
-6.71282
-6.71355
-6.70861
-6.70292
-6.69157
-6.67949
-6.66962
-6.65699
-6.64655
-6.63772
-6.6293
-6.62262
-6.61696
-6.61091
-6.60766
-6.60399
-6.6002
-6.59609
-6.59181
-6.59157
-6.59804
-6.61195
-6.63233
-6.65735
-6.68165
-6.70584
-6.72604
-6.747
-6.76687
-6.78132
-6.79828
-6.80958
-6.82026
-6.82616
-6.83098
-6.83469
-6.83192
-6.82526
-6.80945
-6.78637
-6.75924
-6.73054
-6.70104
-6.68009
-6.663
-6.65284
-6.64609
-6.63984
-6.63332
-6.62338
-6.60655
-6.58272
-6.55435
-6.52563
-6.50012
-6.4864
-6.48551
-6.49701
-6.52276
-6.55343
-6.59132
-6.63292
-6.67131
-6.71117
-6.74276
-6.7669
-6.78197
-6.78822
-6.78663
-6.77885
-6.76645
-6.75398
-6.73819
-6.72316
-6.7082
-6.69408
-6.68304
-6.67783
-6.67273
-6.67081
-6.67488
-6.67365
-6.67046
-6.66533
-6.65837
-6.65323
-6.64931
-6.64657
-6.64588
-6.64507
-6.64547
-6.64704
-6.64479
-6.64562
-6.64652
-6.64569
-6.64794
-6.65177
-6.65101
-6.65073
-6.6472
-6.6413
-6.63782
-6.63454
-6.63668
-6.64158
-6.65232
-6.66628
-6.6797
-6.6898
-6.6951
-6.69518
-6.69553
-6.69242
-6.68994
-6.68667
-6.68327
-6.68007
-6.68253
-6.68479
-6.68736
-6.68994
-6.68873
-6.68649
-6.6815
-6.67418
-6.66404
-6.65439
-6.64405
-6.64044
-6.63576
-6.63286
-6.62939
-6.62771
-6.62996
-6.63159
-6.64015
-6.65169
-6.66234
-6.6751
-6.69059
-6.7046
-6.71629
-6.72461
-6.72557
-6.72689
-6.72191
-6.71199
-6.69876
-6.68865
-6.67945
-6.67276
-6.67257
-6.67259
-6.67353
-6.67545
-6.67677
-6.67744
-6.67426
-6.66516
-6.64963
-6.63523
-6.61602
-6.59635
-6.58059
-6.57147
-6.56915
-6.5762
-6.58829
-6.60612
-6.63092
-6.65617
-6.68863
-6.71917
-6.75095
-6.77852
-6.80202
-6.81763
-6.82895
-6.83341
-6.82926
-6.81491
-6.79404
-6.76647
-6.73825
-6.7108
-6.68671
-6.66688
-6.64641
-6.62781
-6.60981
-6.58973
-6.56972
-6.55033
-6.53368
-6.5243
-6.52191
-6.53131
-6.5508
-6.57708
-6.60932
-6.64465
-6.68034
-6.71469
-6.74744
-6.77233
-6.78691
-6.7941
-6.79292
-6.78421
-6.77228
-6.75558
-6.73937
-6.72463
-6.70862
-6.69306
-6.68161
-6.67396
-6.66994
-6.66588
-6.66465
-6.6634
-6.66043
-6.65618
-6.64768
-6.63876
-6.62591
-6.60913
-6.59302
-6.57544
-6.55808
-6.54368
-6.53553
-6.53858
-6.54849
-6.56623
-6.58582
-6.60694
-6.62586
-6.64489
-6.66724
-6.68984
-6.71771
-6.74813
-6.77896
-6.80322
-6.82305
-6.82669
-6.81668
-6.79164
-6.75841
-6.72219
-6.68771
-6.6643
-6.65534
