0.81768
0.830847
0.837429
0.837935
0.834029
0.828072
0.822485
0.819192
0.819102
0.821983
0.826592
0.831329
0.834884
0.836608
0.836537
0.835164
0.833041
0.830551
0.827831
0.824951
0.821862
0.818323
0.813834
0.807894
0.800385
0.791577
0.782129
0.772809
0.764334
0.757242
0.751936
0.748594
0.747097
0.747096
0.748153
0.749961
0.752393
0.755559
0.759619
0.764569
0.770072
0.775506
0.78021
0.783612
0.785345
0.785371
0.783784
0.780869
0.777039
0.772736
0.768521
0.765138
0.763558
0.764893
0.770069
0.779314
0.791848
0.80582
0.818713
0.828171
0.832653
0.831861
0.826501
0.817673
0.806476
0.793807
0.780497
0.767484
0.755868
0.746936
0.741922
0.741627
0.746137
0.754544
0.765033
0.775243
0.783012
0.78709
0.787414
0.785076
0.781852
0.779518
0.779204
0.78116
0.784928
0.789777
0.795054
0.800363
0.805611
0.811023
0.817144
0.824725
0.834368
0.846023
0.858655
0.870267
0.878472
0.881172
0.87718
0.866361
0.84973
0.829053
0.806448
0.784022
0.763514
0.74615
0.732499
0.722485
0.715756
0.712216
0.71234
0.716834
0.725851
0.738289
0.752021
0.76475
0.774783
0.781298
0.7842
0.783862
0.781043
0.776688
0.771867
0.767502
0.76422
0.762248
0.761546
0.761942
0.763272
0.765473
0.76859
0.772699
0.777769
0.78368
0.790153
0.796684
0.802537
0.80681
0.808587
0.807275
0.803066
0.796946
0.790547
0.785378
0.782317
0.781299
0.781653
0.782548
0.783438
0.784411
0.786029
0.78905
0.793964
0.800723
0.808688
0.816749
0.823496
0.827624
0.828202
0.825079
0.818994
0.81133
0.803636
0.797222
0.792793
0.790486
0.789842
0.790055
0.790194
0.789745
0.788891
0.788468
0.789458
0.792424
0.797224
0.803364
0.810503
0.818316
0.82622
0.833058
0.837145
0.836737
0.830499
0.818057
0.80025
0.779125
0.75765
0.739164
0.726624
0.721967
0.725755
0.737138
0.754077
0.773857
0.793501
0.810444
0.82301
0.830643
0.833719
0.833011
0.829274
0.823142
0.815424
0.807285
0.800186
0.795547
0.794298
0.796326
0.800454
0.804938
0.80805
0.808542
0.805651
0.799042
0.788864
0.775772
0.761227
0.747751
0.738507
0.73614
0.741406
0.752583
0.766364
0.77922
0.788409
0.792468
0.791239
0.785851
0.77855
0.772134
0.769171
0.771215
0.778114
0.787981
0.798085
0.805991
0.81033
0.81111
0.809575
0.807612
0.806731
0.807218
0.808086
0.807599
0.804174
0.79685
0.785679
0.771814
0.757486
0.745424
0.737991
0.736491
0.740949
0.75048
0.763795
0.779536
0.796487
0.813573
0.829898
0.844731
0.857516
0.867862
0.875249
0.8789
0.877964
0.871848
0.860522
0.84469
0.825694
0.805132
0.784565
0.765271
0.747953
0.732707
0.719259
0.707486
0.697809
0.691111
0.688321
0.689946
0.695861
0.705493
0.718138
0.733182
0.750262
0.769146
0.789461
0.810341
0.830361
0.847868
0.861407
0.87011
0.873683
0.872344
0.866635
0.857418
0.845723
0.832558
0.818828
0.805223
0.792254
0.780266
0.769561
0.760259
0.752292
0.745155
0.738011
0.730041
0.720916
0.711262
0.702738
0.697626
0.69813
0.705438
0.719253
0.737812
0.758433
0.778314
0.795344
0.808647
0.818426
0.825587
0.831185
0.835994
0.840439
0.844692
0.848675
0.851845
0.85313
0.85124
0.845066
0.834221
0.819322
0.802083
0.784871
0.77017
0.759689
0.754052
0.752998
0.756214
0.763923
0.776557
0.793903
0.814143
0.83393
0.84989
0.859935
0.863573
0.861624
0.855665
0.847563
0.839069
0.831534
0.825609
0.821007
0.816765
0.811491
0.803811
0.792853
0.778539
0.761527
0.743297
0.725975
0.71203
0.703673
0.702306
0.708055
0.719673
0.734812
0.750743
0.765027
0.776048
0.783177
0.786697
0.787486
0.786666
0.785212
0.783743
0.782637
0.78232
0.783646
0.787846
0.795959
0.808173
0.823176
0.838546
0.851288
0.858658
0.858927
0.851696
0.838005
0.820229
0.80162
0.785657
0.775251
0.772016
0.775979
0.785713
0.798618
0.811711
0.822358
0.829152
0.832169
0.832659
0.83236
0.832769
0.834551
0.837233
0.839299
0.838828
0.83412
0.824298
0.809542
0.79111
0.770939
0.751094
0.733337
0.719024
0.70946
0.705903
0.709205
0.719239
0.734637
0.753193
0.772482
0.790439
0.805616
0.817031
0.824098
0.826476
0.824004
0.816586
0.804636
0.789556
0.773936
0.761054
0.753776
0.753517
0.759878
0.771145
0.784932
0.798813
0.810791
0.819505
0.824445
0.825816
0.824263
0.820574
0.815344
0.808964
0.801802
0.794486
0.787916
0.782923
0.779934
0.778856
0.779184
0.780435
0.782225
0.784399
0.786802
0.78928
0.791603
0.793441
0.794532
0.794785
0.794531
0.794505
0.795563
0.798342
0.802875
0.808542
0.814304
0.819042
0.821794
0.821821
0.818668
0.812144
0.802529
0.790696
0.778068
0.766312
0.756794
0.750042
0.745744
0.743156
0.74175
0.74143
0.742385
0.744862
0.749054
0.754857
0.761766
0.768997
0.775601
0.780663
0.783477
0.783538
0.780571
0.774697
0.766434
0.756887
0.747763
0.741214
0.73938
0.743648
0.753952
0.768799
0.785784
0.802393
0.816678
0.827398
0.833911
0.835959
0.833591
0.827085
0.816914
0.803824
0.788841
0.773386
0.759182
0.748028
0.741505
0.74067
0.745859
0.756721
0.772217
0.790815
0.810611
0.829526
0.845423
0.856303
0.860505
0.857145
0.846345
0.829428
0.808832
0.78781
0.769772
0.757467
0.752234
0.75393
0.761508
0.773551
0.788615
0.805333
0.822325
0.838178
0.851508
0.86099
0.865439
0.864041
0.856528
0.843413
0.826009
0.806202
0.786026
0.767289
0.751271
0.738597
0.72921
0.722648
0.718478
0.716615
0.717496
0.721878
0.730257
0.742237
0.756219
0.769763
0.780226
0.78548
0.784526
0.777743
0.766828
0.754484
0.74392
0.738264
0.739824
0.749488
0.766382
0.788068
0.81115
0.832238
0.848618
0.858702
0.861975
0.858928
0.850822
0.839341
0.826442
0.814002
0.803592
0.796325
0.792734
0.792727
0.795579
0.800109
0.805059
0.809275
0.811875
0.812249
0.810153
0.805785
0.799986
0.794375
0.790899
0.791043
0.794975
0.801432
0.808384
0.814123
0.817651
0.818814
0.818002
0.815786
0.812569
0.808389
0.802935
0.795633
0.786098
0.774249
0.760627
0.746346
0.732939
0.721915
0.714423
0.710997
0.711487
0.71523
0.72139
0.72919
0.738074
0.747779
0.758167
0.769015
0.779922
0.79026
0.799414
0.806918
0.812614
0.816494
0.818682
0.819221
0.81831
0.816548
0.815054
0.815288
0.81825
0.823842
0.830542
0.83585
0.837172
0.832709
0.822013
0.806164
0.787558
0.769463
0.755122
0.746901
0.745541
0.749988
0.75777
0.766008
0.772146
0.774548
0.772706
0.767163
0.759411
0.751459
0.745428
0.743228
0.746186
0.754904
0.769112
0.787521
0.807967
0.827961
0.845146
0.85774
0.864617
0.865377
0.860128
0.849123
0.832714
0.811554
0.787025
0.761685
0.738947
0.722067
0.713105
0.712614
0.719994
0.733972
0.752807
0.774411
0.796558
0.816987
0.833693
0.845278
0.851323
0.852329
0.849391
0.843536
0.835331
0.825
0.812878
0.799611
0.786236
0.774011
0.764021
0.756785
0.752113
0.749209
0.747099
0.745157
0.743486
0.743023
0.745071
0.750723
0.760186
0.772402
0.785352
0.796622
0.803998
0.805996
0.802116
0.792959
0.780175
0.766062
0.753147
0.743595
0.738707
0.738747
0.743096
0.750596
0.759925
0.769921
0.779694
0.788664
0.7965
0.8031
0.808454
0.812551
0.815326
0.816572
0.815979
0.81333
0.808672
0.802405
0.79521
0.787769
0.780642
0.774118
0.768226
0.762832
0.757947
0.753739
0.750355
0.747539
0.744661
0.74127
0.737668
0.735248
0.735953
0.74113
0.750834
0.763985
0.779159
0.795142
0.811053
0.826247
0.840219
0.852599
0.86331
0.872464
0.880208
0.886687
0.891914
0.895554
0.896947
0.895103
0.889147
0.878607
0.863874
0.846217
0.827514
0.809792
0.794746
0.783353
0.77572
0.771003
0.767482
0.762919
0.755208
0.743126
0.726807
0.707899
0.68918
0.673907
0.664973
0.664164
0.671833
0.687057
0.708149
0.733194
0.76027
0.787377
0.812438
0.833496
0.849157
0.858987
0.863371
0.863177
0.859287
0.852528
0.843571
0.83326
0.822589
0.812618
0.804287
0.798222
0.79453
0.792857
0.792441
0.792346
0.791741
0.790051
0.787061
0.783073
0.77878
0.775087
0.772616
0.771507
0.771397
0.77166
0.771844
0.771859
0.771982
0.772578
0.773754
0.775254
0.776514
0.776866
0.775815
0.773245
0.769527
0.765698
0.763294
0.763859
0.768206
0.775796
0.784885
0.793401
0.799917
0.803883
0.805448
0.805034
0.803176
0.800444
0.797618
0.795563
0.794943
0.795933
0.798088
0.800447
0.801951
0.801794
0.799656
0.795678
0.79037
0.784469
0.778685
0.77352
0.769173
0.765621
0.762827
0.760943
0.760257
0.761107
0.763704
0.768115
0.774296
0.78204
0.790979
0.800443
0.809563
0.817356
0.822906
0.825482
0.824637
0.820456
0.813629
0.805457
0.797636
0.791721
0.788552
0.787998
0.789305
0.791443
0.793366
0.794246
0.793398
0.790195
0.784134
0.775074
0.763532
0.750726
0.738479
0.72884
0.723405
0.722941
0.727205
0.73548
0.747154
0.761958
0.779653
0.799566
0.820358
0.840465
0.858632
0.874084
0.886211
0.894189
0.896947
0.893749
0.884615
0.870489
0.852972
0.833942
0.815211
0.798074
0.783126
0.770129
0.758154
0.74616
0.73342
0.720081
0.707151
0.696266
0.689369
0.688211
0.693826
0.706177
0.724125
0.745831
0.769387
0.793178
0.815864
0.83597
0.851911
0.862496
0.867293
0.86672
0.861777
0.853612
0.843344
0.832102
0.820984
0.810956
0.802744
0.796626
0.792387
0.789492
0.787428
0.78575
0.78405
0.781855
0.778591
0.773783
0.767191
0.758841
0.748948
0.737776
0.725843
0.714267
0.704887
0.699889
0.700844
0.70766
0.718626
0.731467
0.744468
0.757079
0.769769
0.783587
0.799519
0.817882
0.837946
0.857846
0.874882
0.886156
0.889227
0.882772
0.867163
0.844796
0.819788
0.797231
0.781624
0.775225
