7.64677
7.54662
7.4961
7.49059
7.51651
7.56172
7.60382
7.63466
7.635
7.61877
7.58561
7.55582
7.52618
7.51481
7.51348
7.52252
7.53479
7.54558
7.56707
7.58131
7.60708
7.633
7.67345
7.72201
7.78383
7.85451
7.92768
8.00583
8.07394
8.13484
8.18355
8.21082
8.22614
8.22857
8.22441
8.21291
8.19709
8.17142
8.14035
8.10504
8.06486
8.02614
7.99234
7.9662
7.95402
7.9556
7.96238
7.98121
8.00845
8.03426
8.06407
8.08599
8.09369
8.08134
8.03828
7.97084
7.87777
7.77548
7.68165
7.61119
7.57911
7.58112
7.62256
7.68484
7.76957
7.86901
7.97049
8.0688
8.15309
8.21554
8.24736
8.24435
8.20785
8.14256
8.06296
7.98713
7.92775
7.89685
7.8895
7.90206
7.92383
7.94246
7.95032
7.93692
7.91537
7.88556
7.84782
7.80554
7.75578
7.71147
7.65783
7.59757
7.5243
7.43555
7.34141
7.25695
7.19973
7.18692
7.2287
7.31838
7.44899
7.60803
7.77965
7.9513
8.10839
8.24017
8.3427
8.42307
8.46744
8.48692
8.47903
8.4375
8.3651
8.26833
8.16373
8.06703
7.99116
7.93977
7.91899
7.921
7.94673
7.98581
8.02323
8.0572
8.08294
8.10159
8.10667
8.11003
8.10367
8.08025
8.05308
8.01936
7.97566
7.93357
7.89045
7.8381
7.79359
7.76421
7.7546
7.76548
7.79985
7.84845
7.89404
7.93333
7.96158
7.97376
7.97701
7.97081
7.9638
7.95379
7.9362
7.90729
7.86712
7.81294
7.75184
7.69461
7.64151
7.61581
7.61463
7.63856
7.68639
7.74476
7.80236
7.84852
7.8824
7.90298
7.90699
7.906
7.90701
7.90775
7.90623
7.90315
7.89124
7.86107
7.82198
7.76775
7.71429
7.65188
7.59004
7.54336
7.51755
7.52435
7.57274
7.67113
7.80505
7.96167
8.12492
8.26344
8.35893
8.39219
8.36243
8.27977
8.15324
8.00739
7.86006
7.72947
7.63267
7.57758
7.55202
7.55982
7.58703
7.63663
7.69313
7.7554
7.81082
7.84717
7.86317
7.85138
7.82967
7.80704
7.7873
7.78595
7.81362
7.8635
7.93232
8.02826
8.13458
8.22768
8.289
8.29808
8.25789
8.17591
8.07263
7.97416
7.90715
7.87151
7.87963
7.91612
7.96171
8.00595
8.03138
8.02182
7.9817
7.91621
7.85319
7.79762
7.76589
7.75544
7.76246
7.76941
7.76892
7.76181
7.75193
7.74816
7.77206
7.82784
7.90754
8.00489
8.11136
8.19489
8.25202
8.26796
8.23914
8.1704
8.07488
7.95762
7.83146
7.70702
7.58552
7.47342
7.37284
7.2907
7.24092
7.21185
7.22364
7.27142
7.36145
7.49031
7.6348
7.79406
7.9514
8.10247
8.23849
8.35679
8.46562
8.55501
8.62688
8.67554
8.69573
8.6801
8.62945
8.54841
8.44217
8.31805
8.18325
8.03586
7.8789
7.72187
7.56512
7.43221
7.32901
7.26259
7.23648
7.24284
7.28524
7.35987
7.4488
7.54942
7.65287
7.76073
7.86319
7.95996
8.04374
8.11174
8.1796
8.2382
8.29464
8.35898
8.43121
8.5034
8.56816
8.60417
8.60382
8.55356
8.45155
8.3159
8.16494
8.01789
7.8848
7.78164
7.70185
7.64347
7.60138
7.565
7.53181
7.50042
7.47003
7.44938
7.43916
7.45513
7.49875
7.5756
7.67545
7.793
7.91051
8.0148
8.08671
8.12737
8.12708
8.09804
8.03996
7.94244
7.81446
7.66666
7.52784
7.41223
7.34017
7.31457
7.33451
7.38078
7.44083
7.50465
7.56641
7.61507
7.65159
7.69232
7.74561
7.80608
7.89248
8.00082
8.12925
8.26245
8.38571
8.49112
8.54884
8.55169
8.50553
8.41185
8.30086
8.18382
8.07265
7.99033
7.94049
7.91314
7.90396
7.9125
7.92422
7.93441
7.94267
7.94186
7.92379
7.88599
7.81558
7.71894
7.60725
7.49585
7.40379
7.34413
7.33826
7.38694
7.49394
7.62851
7.7676
7.88202
7.9653
7.99187
7.96674
7.89979
7.80584
7.70678
7.62381
7.56363
7.53894
7.52676
7.51595
7.50965
7.49173
7.47434
7.45973
7.46504
7.50757
7.5932
7.71262
7.85793
8.01362
8.16738
8.3146
8.43259
8.51223
8.54248
8.51956
8.44757
8.33043
8.18734
8.03371
7.88996
7.76747
7.67405
7.61316
7.5855
7.59982
7.64747
7.72751
7.83965
7.95156
8.05049
8.10546
8.11345
8.07231
7.99394
7.90047
7.80065
7.71157
7.64521
7.6079
7.59521
7.59817
7.61762
7.65397
7.69856
7.74903
7.79819
7.84554
7.88012
7.90526
7.9208
7.91951
7.91098
7.90138
7.88797
7.87301
7.85767
7.84505
7.83687
7.82989
7.82779
7.83661
7.84424
7.83826
7.81741
7.78523
7.74276
7.70247
7.66857
7.64684
7.64533
7.6701
7.71289
7.78073
7.86747
7.95786
8.04325
8.11396
8.16659
8.19645
8.22098
8.23079
8.22996
8.2258
8.20534
8.17157
8.13326
8.08251
8.03403
7.99396
7.96426
7.94874
7.94902
7.97696
8.02047
8.08546
8.15517
8.22092
8.26473
8.27434
8.2412
8.1597
8.0516
7.9283
7.80522
7.69803
7.61941
7.5699
7.55723
7.58222
7.63096
7.70903
7.81112
7.92663
8.04364
8.14384
8.2265
8.27272
8.27381
8.23832
8.15684
8.04467
7.90926
7.75943
7.62082
7.50402
7.42431
7.39222
7.41336
7.48983
7.61385
7.7599
7.91209
8.04052
8.12651
8.15715
8.14155
8.0849
7.98722
7.8686
7.73696
7.6069
7.47833
7.37897
7.31767
7.29141
7.30957
7.37205
7.47818
7.61457
7.77598
7.93744
8.08725
8.21181
8.31255
8.38988
8.44527
8.47973
8.49198
8.47933
8.43842
8.3705
8.27536
8.16668
8.06143
7.97663
7.9326
7.93715
7.97732
8.04986
8.13852
8.21061
8.24514
8.23144
8.15937
8.03186
7.86937
7.69639
7.53969
7.41949
7.3433
7.31711
7.3365
7.39015
7.47238
7.56224
7.65204
7.72717
7.78135
7.81052
7.81837
7.80013
7.77019
7.73741
7.71382
7.69748
7.70171
7.7181
7.74973
7.79247
7.84275
7.87031
7.87072
7.84408
7.80208
7.74997
7.71516
7.68951
7.67982
7.68204
7.69911
7.72212
7.75271
7.79806
7.85768
7.93072
8.01963
8.12338
8.22547
8.3216
8.40185
8.45632
8.48581
8.48166
8.45163
8.40429
8.35168
8.28305
8.21144
8.13492
8.05912
7.97998
7.90379
7.83176
7.77566
7.73304
7.69885
7.68132
7.67533
7.68553
7.69195
7.70121
7.69942
7.68097
7.6352
7.58486
7.54221
7.53563
7.56493
7.63903
7.75043
7.88041
8.00705
8.10914
8.16595
8.17194
8.1475
8.09489
8.04387
8.00704
7.99507
8.01451
8.05651
8.11587
8.17649
8.22141
8.23347
8.2099
8.14184
8.03472
7.89363
7.73439
7.57504
7.43469
7.32865
7.26849
7.25545
7.28686
7.36908
7.49566
7.65191
7.83312
8.02482
8.19474
8.32401
8.39684
8.40597
8.3595
8.26182
8.12745
7.97353
7.81406
7.66445
7.53954
7.45235
7.40723
7.40187
7.4271
7.47503
7.54297
7.62516
7.72173
7.82936
7.92944
8.0253
8.10298
8.16197
8.19828
8.22288
8.23692
8.25393
8.26453
8.26231
8.24028
8.19845
8.12077
8.0299
7.93025
7.84107
7.78838
7.76674
7.79249
7.8562
7.94441
8.04207
8.13007
8.19314
8.22906
8.23635
8.20111
8.14664
8.07501
7.99772
7.93024
7.86538
7.81086
7.76396
7.73214
7.70474
7.69005
7.68302
7.6907
7.71872
7.75663
7.81196
7.87182
7.92697
7.98463
8.03355
8.07485
8.11147
8.14125
8.16557
8.18738
8.20175
8.21751
8.23574
8.25539
8.27062
8.26554
8.22929
8.15975
8.06245
7.94618
7.82632
7.70541
7.59416
7.48567
7.38548
7.30321
7.22343
7.16226
7.10955
7.07412
7.05018
7.04045
7.05898
7.10364
7.18583
7.29962
7.43314
7.57361
7.71129
7.82094
7.90803
7.96627
8.00626
8.04083
8.0805
8.13983
8.23026
8.351
8.49008
8.62755
8.74265
8.80631
8.80867
8.74872
8.62621
8.4666
8.27388
8.06419
7.8607
7.66394
7.50219
7.38026
7.30387
7.27128
7.27713
7.31416
7.37528
7.44732
7.53215
7.61656
7.69675
7.76673
7.81923
7.84821
7.86673
7.87206
7.86267
7.86468
7.87429
7.89268
7.91885
7.94316
7.96368
7.97811
7.9842
7.98745
7.98727
7.9852
7.99122
7.99053
7.98774
7.98587
7.97631
7.96409
7.96398
7.96779
7.98338
8.00729
8.026
8.03809
8.02744
7.99662
7.94203
7.87584
7.81353
7.76637
7.7396
7.73376
7.73634
7.75256
7.77165
7.79317
7.81229
7.82555
7.82126
7.81263
7.80223
7.79479
7.80112
7.81723
7.84613
7.88506
7.93227
7.97828
8.0233
8.05163
8.07861
8.09846
8.11511
8.1225
8.11499
8.10053
8.06372
8.01251
7.95541
7.88825
7.81275
7.74113
7.67936
7.63373
7.61554
7.6114
7.6344
7.67905
7.73672
7.78785
7.8306
7.85834
7.86313
7.86031
7.85269
7.84445
7.84243
7.84991
7.87596
7.92659
8.00309
8.08801
8.18759
8.28523
8.36356
8.41
8.42046
8.39007
8.32991
8.24119
8.1233
7.99117
7.8352
7.67942
7.52433
7.38632
7.26889
7.18266
7.12412
7.10243
7.12377
7.19085
7.29234
7.4219
7.55971
7.69571
7.81944
7.92675
8.02836
8.1229
8.2169
8.31806
8.42117
8.52059
8.60481
8.65641
8.66844
8.6269
8.53498
8.40371
8.24217
8.06424
7.88274
7.70774
7.54679
7.4195
7.33633
7.29373
7.29232
7.32665
7.38333
7.4604
7.54233
7.62208
7.70057
7.77098
7.82456
7.86243
7.88675
7.90708
7.91968
7.93211
7.94987
7.97458
8.01424
8.06233
8.12587
8.20412
8.28661
8.37506
8.46129
8.53223
8.57256
8.5663
8.52191
8.44341
8.35104
8.25183
8.15547
8.05584
7.94324
7.82074
7.67812
7.5246
7.37263
7.24732
7.1565
7.13334
7.17771
7.29021
7.44719
7.62108
7.78172
7.89223
7.93634
