   0.0115332           0           0
   0.0345996           0           0
   0.0576661           0           0
   0.0807325           0           0
    0.103799           0           0
    0.126865           0           0
    0.149932           0           0
    0.172998           0           0
    0.196065           0           0
    0.219131           0           0
    0.242198           0           0
    0.265264           0           0
     0.28833           0           0
    0.311397           0           0
    0.334463           0           0
     0.35753           0           0
    0.380596           0           0
    0.403663           0           0
    0.426729           0           0
    0.449795           0           0
    0.472862           0           0
    0.495928           0           0
    0.518995           0           0
    0.542061           0           0
    0.565128           0           0
    0.588194           0           0
     0.61126           0           0
    0.634327           0           0
    0.657393           0           0
     0.68046           0           0
    0.703526           0           0
    0.726593           0           0
    0.749659           0           0
    0.772725           0           0
    0.795792           0           0
    0.818858           0           0
    0.841925           0           0
    0.864991           0           0
    0.888058 7.80589e-05 1.72946e-05
    0.911124  0.00334405 0.000108019
     0.93419   0.0464207 0.000406774
    0.957257    0.291427  0.00104061
    0.980323    0.998335  0.00199758
     1.00339     2.23515  0.00307133
     1.02646     3.62349   0.0034222
     1.04952     4.62709  0.00375304
     1.07259     4.90313  0.00396328
     1.09566     4.49535   0.0034811
     1.11872     3.66636  0.00396979
     1.14179     2.69768  0.00267833
     1.16485     1.81954  0.00219231
     1.18792     1.12678   0.0010578
     1.21099    0.650401  0.00140371
     1.23405    0.350617  0.00168287
     1.25712    0.177544 0.000973543
     1.28019   0.0871093 0.000638473
     1.30325   0.0486073 0.000427634
     1.32632   0.0417671 0.000391141
     1.34939   0.0598732 0.000468076
     1.37245    0.104785  0.00070777
     1.39552    0.182875 0.000823956
     1.41859    0.299422 0.000928023
     1.44165    0.453739 0.000821782
     1.46472    0.628019 0.000977115
     1.48778    0.796967 0.000725576
     1.51085    0.923461  0.00174638
     1.53392    0.972846  0.00156346
     1.55698    0.930782  0.00158179
     1.58005    0.811349   0.0014028
     1.60312    0.640843  0.00087424
     1.62618    0.466344 0.000702461
     1.64925    0.316518 0.000809531
     1.67232    0.217022 0.000494328
     1.69538    0.189948  0.00112887
     1.71845    0.251269   0.0009006
     1.74152    0.429331  0.00131248
     1.76458    0.747256  0.00132605
     1.78765     1.19505  0.00156496
     1.81071     1.72555  0.00130688
     1.83378     2.23982  0.00168526
     1.85685     2.60219  0.00209207
     1.87991     2.71955  0.00277546
     1.90298     2.56338  0.00289438
     1.92605     2.18705  0.00146327
     1.94911     1.69074  0.00127576
     1.97218     1.19964 0.000861011
     1.99525    0.797294   0.0010965
     2.01831    0.538292  0.00145647
     2.04138    0.430355  0.00127795
     2.06445    0.457751    0.001394
     2.08751    0.584088  0.00111607
     2.11058       0.759 0.000687397
     2.13364    0.918966 0.000507456
     2.15671     1.01776  0.00130264
     2.17978     1.02474  0.00131363
     2.20284     0.92122  0.00134464
     2.22591    0.780938 0.000687651
     2.24898    0.652105 0.000667028
     2.27204    0.570057  0.00123234
     2.29511    0.569729  0.00160234
