1 15.0817 0
2 14.9222 0
3 14.9864 0.112237
4 15.0018 0.0808492
5 14.9575 0.0766924
6 14.9475 0.0634132
7 14.964 0.0560673
8 15.0162 0.0712787
9 14.981 0.0720471
10 14.9914 0.0652775
11 15.0142 0.0632925
12 15.0168 0.057837
13 15.0138 0.0532859
14 15.0477 0.0598199
15 15.0705 0.060194
16 15.0506 0.0597112
17 15.0293 0.0600244
18 15.038 0.0572553
19 15.0254 0.0555832
20 15.0322 0.0531584
21 15.0289 0.0506725
22 15.0193 0.0492561
23 15.025 0.0474092
24 15.0142 0.046643
25 15.0293 0.0471942
26 15.0213 0.0460365
27 15.0031 0.0478989
28 15.0066 0.0462924
29 15.0093 0.04475
30 15.006 0.0433622
31 15.0073 0.0419616
32 15.0077 0.0406311
33 14.998 0.0405657
34 15.0038 0.0397785
35 15.0022 0.0386588
36 15.0001 0.0376252
37 14.9966 0.0367645
38 15.0029 0.0363282
39 14.998 0.0357099
40 14.9895 0.035834
41 14.9865 0.0350779
42 14.9859 0.0342387
43 14.9857 0.0334335
44 14.9929 0.0334531
45 14.996 0.0328513
46 14.9961 0.0321292
47 14.9952 0.0314497
48 14.9966 0.0308165
49 14.996 0.0301862
50 14.9906 0.0300711
51 14.9874 0.0296465
52 14.9879 0.0290758
53 14.989 0.0285427
54 14.9895 0.0280132
55 14.9832 0.0282229
56 14.9835 0.0277161
57 14.9846 0.027249
58 14.9869 0.0268755
59 14.9928 0.0270662
60 14.9929 0.0266115
61 14.9897 0.0263757
62 14.989 0.0259557
63 14.9918 0.0257002
64 14.988 0.0255815
65 14.986 0.0252687
66 14.9921 0.0256264
67 14.9931 0.0252624
68 14.9938 0.0248973
69 14.9987 0.0250234
70 14.9997 0.0246812
71 14.9989 0.0243431
72 15.0011 0.0241005
73 14.9984 0.0239223
74 14.9943 0.0239382
75 14.9909 0.0238683
76 14.9906 0.0235542
77 14.9883 0.0233569
78 14.9893 0.0230769
79 14.99 0.0227929
80 14.9888 0.0225369
81 14.991 0.0223624
82 14.9953 0.0225031
83 14.9958 0.0222375
84 14.9937 0.0220762
85 14.9924 0.0218522
86 14.9916 0.0216112
87 14.9925 0.0213818
88 14.9925 0.0211374
89 14.9907 0.0209788
90 14.9917 0.0207679
91 14.9949 0.0207785
92 14.9962 0.0205971
93 14.9939 0.0205031
94 14.9932 0.0202954
95 14.9933 0.0200807
96 14.9903 0.020092
97 14.9931 0.0200802
98 14.9929 0.0198748
99 14.9894 0.0199967
100 14.9852 0.0202323
101 14.9866 0.0200785
102 14.9883 0.0199572
103 14.9862 0.019871
104 14.9858 0.0196846
105 14.985 0.0195109
106 14.9873 0.0194618
107 14.9845 0.0194786
108 14.9845 0.0192974
109 14.9829 0.0191844
110 14.9805 0.0191579
111 14.9816 0.0190135
112 14.9789 0.0190297
113 14.9792 0.0188623
114 14.9762 0.0189367
115 14.9747 0.0188264
116 14.9748 0.0186635
117 14.9775 0.0186947
118 14.9768 0.0185491
119 14.9765 0.0183948
120 14.9772 0.018254
121 14.9786 0.0181552
122 14.9776 0.0180329
123 14.9758 0.0179773
124 14.9795 0.0182212
125 14.9764 0.0183481
126 14.9782 0.0182993
127 14.9791 0.0181742
128 14.9773 0.0181149
129 14.9775 0.017975
130 14.9769 0.0178463
131 14.9748 0.0178441
132 14.9722 0.0178941
133 14.9715 0.0177721
134 14.9719 0.0176438
135 14.972 0.0175129
136 14.9686 0.0177129
137 14.9689 0.0175862
138 14.9664 0.0176454
139 14.9664 0.017518
140 14.9683 0.0174971
141 14.9707 0.0175393
142 14.9719 0.0174581
143 14.9704 0.0174031
144 14.9704 0.0172819
145 14.9712 0.0171804
146 14.9699 0.0171112
147 14.9682 0.0170829
148 14.9692 0.0169954
149 14.9697 0.0168887
150 14.9704 0.0167908
151 14.9692 0.0167203
152 14.9696 0.0166144
153 14.9713 0.0165905
154 14.9706 0.016498
155 14.9701 0.0163981
156 14.971 0.0163144
157 14.9689 0.0163416
158 14.9702 0.0162882
159 14.9721 0.0163018
160 14.9735 0.0162589
161 14.9729 0.016167
162 14.973 0.016067
163 14.9732 0.0159694
164 14.9772 0.0163751
165 14.98 0.0165093
166 14.981 0.0164393
167 14.9811 0.0163407
168 14.9828 0.0163351
169 14.9824 0.0162422
170 14.9831 0.0161608
171 14.9817 0.016131
172 14.9835 0.0161374
173 14.9837 0.0160454
174 14.9843 0.0159639
175 14.9836 0.0158855
176 14.9826 0.0158276
177 14.9816 0.0157692
178 14.9815 0.0156808
179 14.9807 0.0156135
180 14.9811 0.0155327
181 14.9826 0.0155125
182 14.9854 0.0156824
183 14.9838 0.0156769
184 14.984 0.0155934
185 14.9835 0.0155198
186 14.9827 0.0154547
187 14.981 0.015463
188 14.9805 0.015388
189 14.9804 0.0153075
190 14.9782 0.0153725
191 14.9781 0.0152924
192 14.9771 0.015248
193 14.9764 0.0151821
194 14.9759 0.0151132
195 14.976 0.0150361
196 14.976 0.0149592
197 14.9757 0.0148872
198 14.9753 0.0148154
199 14.9751 0.0147436
200 14.976 0.014699
201 14.9761 0.0146263
202 14.9761 0.0145537
203 14.9772 0.0145197
204 14.9768 0.0144533
205 14.9774 0.0143955
206 14.9777 0.0143293
207 14.9784 0.0142747
208 14.9795 0.0142521
209 14.9795 0.0141837
210 14.9795 0.0141162
211 14.9779 0.0141362
212 14.9775 0.0140766
213 14.9763 0.0140578
214 14.9763 0.0139919
215 14.9764 0.013927
216 14.9775 0.0139039
217 14.9785 0.0138739
218 14.9789 0.0138161
219 14.9787 0.0137537
220 14.9793 0.0137021
221 14.9793 0.01364
222 14.98 0.0135961
223 14.9795 0.0135448
224 14.9802 0.0135057
225 14.979 0.0134973
226 14.9794 0.013443
227 14.9792 0.0133854
228 14.9787 0.0133367
229 14.9784 0.0132811
230 14.9787 0.0132266
231 14.9794 0.0131871
232 14.9791 0.0131344
233 14.9796 0.0130899
234 14.9793 0.0130391
235 14.9793 0.0129835
236 14.9787 0.0129399
237 14.9785 0.0128869
238 14.9784 0.0128331
239 14.979 0.0127928
240 14.9779 0.012785
241 14.9783 0.0127371
242 14.9799 0.0127864
243 14.9809 0.0127736
244 14.9803 0.0127349
245 14.9805 0.012684
246 14.9803 0.012634
247 14.9821 0.0127085
248 14.9806 0.0127381
249 14.9802 0.0126941
250 14.981 0.0126703
251 14.9813 0.0126229
252 14.9806 0.0125917
253 14.9803 0.0125469
254 14.9799 0.012503
255 14.9786 0.0125194
256 14.9794 0.0124935
257 14.9793 0.0124449
258 14.979 0.0124006
259 14.9782 0.0123802
260 14.9781 0.0123326
261 14.9767 0.0123625
262 14.9767 0.0123155
263 14.9769 0.0122709
264 14.9764 0.0122369
265 14.9775 0.0122421
266 14.9773 0.0121971
267 14.9775 0.0121531
268 14.9776 0.0121082
269 14.976 0.0121723
270 14.9754 0.0121408
271 14.9757 0.0120989
272 14.9755 0.0120556
273 14.9766 0.0120547
274 14.9766 0.0120109
275 14.9778 0.0120267
276 14.9776 0.0119847
277 14.9777 0.0119415
278 14.978 0.0119037
279 14.9784 0.0118655
280 14.9797 0.0119012
281 14.9799 0.0118598
282 14.9791 0.0118449
283 14.9794 0.0118087
284 14.9792 0.0117687
285 14.9806 0.0118028
286 14.9816 0.0118089
287 14.9821 0.0117776
288 14.9814 0.0117581
289 14.9819 0.0117271
290 14.9822 0.0116902
291 14.9815 0.0116678
292 14.9806 0.0116623
293 14.9797 0.0116606
294 14.9798 0.0116212
295 14.9798 0.011582
296 14.9798 0.011543
297 14.9809 0.0115625
298 14.9807 0.0115271
299 14.9798 0.0115246
300 14.9796 0.0114876
301 14.9795 0.0114495
302 14.9785 0.011453
303 14.9785 0.0114152
304 14.9779 0.0113955
305 14.9782 0.0113648
306 14.9784 0.0113289
307 14.9788 0.0112975
308 14.9795 0.0112865
309 14.9797 0.0112519
310 14.9801 0.0112207
311 14.981 0.0112195
312 14.9805 0.0111944
313 14.9809 0.0111665
314 14.9812 0.0111344
315 14.9812 0.011099
316 14.9822 0.0111116
317 14.9823 0.0110772
318 14.9823 0.0110423
319 14.9826 0.0110099
320 14.9826 0.0109756
321 14.9832 0.0109589
322 14.983 0.0109274
323 14.9836 0.010909
324 14.9831 0.0108877
325 14.9825 0.0108697
326 14.9836 0.0108913
327 14.9836 0.0108579
328 14.9842 0.0108431
329 14.9838 0.0108195
330 14.9835 0.0107905
331 14.9828 0.0107783
332 14.983 0.010747
333 14.9818 0.0107766
334 14.9818 0.0107444
335 14.9815 0.0107157
336 14.982 0.010695
337 14.9826 0.0106798
338 14.9828 0.0106499
339 14.9832 0.0106253
340 14.9834 0.0105956
341 14.9836 0.0105685
342 14.9834 0.0105416
343 14.9829 0.0105212
344 14.9826 0.0104955
345 14.9821 0.0104734
346 14.9826 0.010453
347 14.9821 0.010436
348 14.9825 0.0104157
349 14.9824 0.0103871
350 14.9819 0.0103664
351 14.9822 0.0103398
352 14.9812 0.0103582
353 14.982 0.010364
354 14.9817 0.0103397
355 14.9811 0.0103312
356 14.9815 0.0103131
357 14.981 0.0102981
358 14.9815 0.0102795
359 14.981 0.0102633
360 14.9811 0.0102357
361 14.9813 0.0102086
362 14.9811 0.0101817
363 14.9806 0.0101656
364 14.981 0.0101451
365 14.9816 0.0101371
366 14.9816 0.0101094
367 14.9802 0.0101723
368 14.9814 0.0102132
369 14.9806 0.0102208
370 14.9806 0.0101934
371 14.9812 0.0101783
372 14.9812 0.0101513
373 14.9811 0.0101244
374 14.9814 0.0100998
375 14.9815 0.0100736
376 14.9809 0.010066
377 14.9815 0.0100589
378 14.982 0.0100426
379 14.9819 0.0100165
380 14.9815 0.00999779
381 14.9809 0.009991
382 14.9803 0.00997842
383 14.9804 0.00995263
384 14.9795 0.00996942
385 14.98 0.00995451
386 14.9809 0.00996935
387 14.9812 0.00995144
388 14.9816 0.00993282
389 14.981 0.00992913
390 14.9812 0.00990613
391 14.9803 0.00991763
392 14.9796 0.00991797
393 14.9796 0.0098927
394 14.9786 0.00991901
395 14.9779 0.00992244
396 14.9767 0.00996007
397 14.9771 0.00994036
398 14.9765 0.00993348
399 14.9757 0.00993548
400 14.9764 0.00993356
401 14.9767 0.00991365
402 14.977 0.00989224
403 14.9766 0.00987539
404 14.9766 0.00985111
405 14.9773 0.0098466
406 14.9782 0.00986247
407 14.9786 0.00984756
408 14.9791 0.00983741
409 14.979 0.00981398
410 14.9791 0.00979029
411 14.9795 0.00977463
412 14.979 0.00976274
413 14.9779 0.00980331
414 14.9775 0.00978602
415 14.9774 0.00976349
416 14.978 0.00975715
417 14.9772 0.00976693
418 14.9774 0.00974691
419 14.9769 0.00973473
420 14.9762 0.00974315
421 14.9763 0.00972087
422 14.9766 0.00970382
423 14.9766 0.00968087
424 14.9767 0.0096583
425 14.9765 0.00963862
426 14.977 0.0096285
427 14.9769 0.00960625
428 14.9767 0.0095854
429 14.976 0.009593
430 14.9757 0.00957554
431 14.9762 0.00956932
432 14.976 0.00954945
433 14.9753 0.00955411
434 14.9747 0.00954976
435 14.9751 0.00953587
436 14.9749 0.00951703
437 14.9742 0.00951592
438 14.9736 0.00951432
439 14.9735 0.00949357
440 14.9733 0.00947406
441 14.9736 0.00945689
442 14.9732 0.00944415
443 14.9729 0.00942682
444 14.9722 0.00943004
445 14.9726 0.00941699
446 14.9726 0.00939585
447 14.9717 0.00941668
448 14.971 0.0094258
449 14.9708 0.00940577
450 14.9709 0.00938494
451 14.971 0.00936519
452 14.9716 0.00936499
453 14.9708 0.0093778
454 14.9712 0.00936285
455 14.9709 0.00934675
456 14.9706 0.00933036
457 14.9703 0.0093141
458 14.9696 0.00932098
459 14.9704 0.00933417
460 14.971 0.00933241
461 14.9708 0.0093135
462 14.9706 0.00929489
463 14.9708 0.00927692
464 14.9707 0.00925865
465 14.9706 0.00923884
466 14.97 0.009237
467 14.9699 0.00921771
468 14.9697 0.00920106
469 14.9707 0.00923385
470 14.9714 0.00923862
471 14.9721 0.00925005
472 14.9718 0.0092365
473 14.9718 0.00921696
474 14.9722 0.0092084
475 14.9717 0.00920469
476 14.9719 0.00918848
477 14.9717 0.00917162
478 14.9714 0.00915883
479 14.971 0.00914616
480 14.9707 0.00913366
481 14.97 0.00914163
482 14.9701 0.00912427
483 14.9707 0.00912018
484 14.9709 0.00910511
485 14.971 0.00908705
486 14.9714 0.00907573
487 14.9712 0.00905845
488 14.9716 0.00904615
489 14.9715 0.0090285
490 14.9721 0.00902977
491 14.973 0.00906234
492 14.9727 0.00905058
493 14.9728 0.00903272
494 14.9728 0.00901443
495 14.9738 0.00905464
496 14.9741 0.00904154
497 14.9739 0.00902508
498 14.9737 0.00901055
499 14.9737 0.00899248
500 14.9736 0.00897529
501 14.973 0.00897668
502 14.9731 0.00895935
503 14.9731 0.00894186
504 14.9733 0.00892628
505 14.9728 0.0089276
506 14.9726 0.00891118
507 14.973 0.00890127
508 14.9729 0.00888425
509 14.9733 0.00887848
510 14.9729 0.00887061
511 14.9741 0.0089255
512 14.9742 0.00890866
513 14.974 0.00889371
514 14.9739 0.00887648
515 14.9738 0.00886074
516 14.9737 0.00884382
517 14.9735 0.00882861
518 14.9739 0.0088209
519 14.9738 0.00880422
520 14.9735 0.00879479
521 14.9738 0.0087831
522 14.9743 0.00878063
523 14.9743 0.00876383
524 14.9746 0.00875272
525 14.9742 0.00874642
526 14.9743 0.00873048
527 14.9734 0.00875578
528 14.9728 0.00875943
529 14.9729 0.00874371
530 14.9726 0.00873339
531 14.9721 0.00873211
532 14.9719 0.0087184
533 14.9724 0.00871715
534 14.972 0.00870845
535 14.9718 0.00869658
536 14.9712 0.0086968
537 14.9712 0.00868062
538 14.9709 0.00867016
539 14.9708 0.00865469
540 14.9711 0.00864502
541 14.9716 0.0086415
542 14.9716 0.00862555
543 14.9719 0.00861421
544 14.9717 0.00859998
545 14.9717 0.00858419
546 14.972 0.00857405
547 14.9717 0.00856244
548 14.9716 0.0085488
549 14.9713 0.00853565
550 14.9712 0.00852078
551 14.9707 0.00852222
552 14.9706 0.00850736
553 14.9702 0.00850269
554 14.9699 0.00849056
555 14.97 0.00847532
556 14.9698 0.00846252
557 14.9704 0.00847164
558 14.9707 0.00846192
559 14.9706 0.00844783
560 14.9711 0.00844869
561 14.9708 0.00843957
562 14.9716 0.00846167
563 14.9714 0.00844932
564 14.9719 0.00845134
565 14.9717 0.0084388
566 14.9722 0.00843849
567 14.9715 0.00845565
568 14.9709 0.00845709
569 14.9705 0.00845319
570 14.9703 0.00844051
571 14.9697 0.00844488
572 14.9702 0.00844255
573 14.9704 0.00842921
574 14.9701 0.00841977
575 14.9703 0.00840745
576 14.9699 0.00840122
577 14.9698 0.00838696
578 14.97 0.00837374
579 14.9701 0.00836057
580 14.97 0.00834668
581 14.9701 0.00833324
582 14.9701 0.00831916
583 14.9704 0.00831165
584 14.9707 0.00830379
585 14.9703 0.00830315
586 14.9705 0.00829402
587 14.9707 0.00828091
588 14.9708 0.00826735
589 14.9708 0.00825331
590 14.9702 0.00825966
591 14.9702 0.00824567
592 14.9693 0.00827649
593 14.969 0.00827129
594 14.9692 0.00826216
595 14.9692 0.00824828
596 14.9692 0.00823458
597 14.9692 0.00822089
598 14.9687 0.00822164
599 14.9688 0.00820819
600 14.9682 0.00821631
601 14.968 0.00820443
602 14.9682 0.00819351
603 14.9685 0.00818532
604 14.9689 0.00818097
605 14.9688 0.00816771
606 14.9685 0.00816047
607 14.968 0.00816355
608 14.9679 0.00815132
609 14.9679 0.00813794
610 14.968 0.00812606
611 14.968 0.00811286
612 14.9681 0.00810029
613 14.9681 0.00808707
614 14.9681 0.0080739
615 14.9678 0.00806637
616 14.9679 0.00805408
617 14.9679 0.00804111
618 14.9681 0.0080311
619 14.9681 0.00801829
620 14.9682 0.00800582
621 14.9681 0.00799348
622 14.968 0.00798084
623 14.9679 0.00796848
624 14.9678 0.00795714
625 14.9677 0.0079454
626 14.9677 0.00793274
627 14.9673 0.00792796
628 14.9667 0.00794031
629 14.9664 0.0079323
630 14.9664 0.0079197
631 14.9664 0.00790715
632 14.9669 0.00791003
633 14.9677 0.00793148
634 14.9674 0.00792312
635 14.9673 0.00791106
636 14.9674 0.00789963
637 14.9674 0.00788729
638 14.9679 0.00789115
639 14.9685 0.00789709
640 14.9682 0.00788936
641 14.9684 0.0078791
642 14.9685 0.00786873
643 14.9684 0.00785704
644 14.9682 0.00784729
645 14.968 0.00783813
646 14.9673 0.00785643
647 14.9673 0.00784455
648 14.967 0.00783778
649 14.9671 0.00782636
650 14.9668 0.00781814
651 14.9667 0.00780754
652 14.9667 0.00779562
653 14.9668 0.00778454
654 14.9675 0.00780513
655 14.9678 0.00780031
656 14.9678 0.00778841
657 14.9679 0.00777724
658 14.9681 0.00776801
659 14.9678 0.00776188
660 14.968 0.00775167
661 14.9679 0.00774044
662 14.968 0.00772944
663 14.968 0.00771784
664 14.9678 0.00770714
665 14.9679 0.00769566
666 14.968 0.00768483
667 14.968 0.00767335
668 14.9673 0.00768821
669 14.9672 0.00767709
670 14.9672 0.00766566
671 14.9673 0.00765448
672 14.9669 0.00765135
673 14.9669 0.00764
674 14.9671 0.00763061
675 14.9665 0.00763921
676 14.9664 0.0076287
677 14.9663 0.00761818
678 14.9665 0.00760859
679 14.9666 0.00759881
680 14.9672 0.00760786
681 14.9671 0.00759675
682 14.9673 0.00758844
683 14.9677 0.00758767
684 14.9676 0.00757837
685 14.9673 0.00757341
686 14.9672 0.00756321
687 14.9673 0.00755283
688 14.9674 0.00754273
689 14.967 0.00754344
690 14.9671 0.00753478
691 14.9676 0.00753752
692 14.9671 0.00754503
693 14.9672 0.00753463
694 14.9673 0.00752589
695 14.9673 0.00751533
696 14.9676 0.00751049
697 14.967 0.00751933
698 14.9671 0.00750936
699 14.967 0.00749946
700 14.967 0.00748882
701 14.9672 0.00748029
702 14.9669 0.00747507
703 14.9671 0.00746708
704 14.9669 0.00745951
705 14.9672 0.00745591
706 14.9674 0.00744984
707 14.9675 0.00743978
708 14.9678 0.00743302
709 14.9673 0.00743593
710 14.9674 0.00742593
711 14.9674 0.00741549
712 14.9672 0.00740742
713 14.9674 0.00739978
714 14.9675 0.00739003
715 14.9676 0.00737976
716 14.9674 0.00737058
717 14.9677 0.00736475
718 14.968 0.00736226
719 14.9681 0.00735283
720 14.9679 0.00734537
721 14.9681 0.00733684
722 14.9679 0.00732902
723 14.968 0.00731912
724 14.9682 0.00731432
725 14.9682 0.00730446
726 14.9682 0.0072944
727 14.9687 0.00730512
728 14.9692 0.00730833
729 14.9693 0.00729949
730 14.9692 0.00729
731 14.9692 0.00728015
732 14.9695 0.00727699
733 14.9692 0.00727134
734 14.9694 0.00726345
735 14.9692 0.00725728
736 14.9689 0.00725341
737 14.9695 0.00727177
738 14.9698 0.00726677
739 14.9701 0.0072621
740 14.9701 0.00725228
741 14.9698 0.00724753
742 14.9696 0.00724047
743 14.9693 0.00723777
744 14.9692 0.00722818
745 14.9694 0.00722014
746 14.9695 0.00721147
747 14.9694 0.00720307
748 14.969 0.00720145
749 14.9689 0.00719331
750 14.9692 0.00718907
751 14.9696 0.00719249
752 14.9697 0.00718338
753 14.9699 0.00717636
754 14.97 0.00716883
755 14.9698 0.00716228
756 14.9698 0.00715282
757 14.9697 0.00714481
758 14.9696 0.00713579
759 14.9697 0.00712684
760 14.9703 0.00714373
761 14.9701 0.00713597
762 14.9699 0.00713114
763 14.9703 0.00713472
764 14.9708 0.00714006
765 14.9714 0.0071617
766 14.9712 0.00715717
767 14.9713 0.00715004
768 14.9713 0.00714072
769 14.9718 0.00714324
770 14.972 0.00713819
771 14.9719 0.00712944
772 14.9715 0.00713243
773 14.9713 0.00712582
774 14.9713 0.00711668
775 14.9711 0.00710882
776 14.9712 0.00709986
777 14.9712 0.00709072
778 14.9714 0.00708424
779 14.9717 0.00708
780 14.9718 0.0070726
781 14.9718 0.00706359
782 14.9714 0.00706334
783 14.9712 0.00705691
784 14.9712 0.00704811
785 14.9715 0.00704435
786 14.9719 0.00705139
787 14.9718 0.00704337
788 14.9714 0.00704888
789 14.9715 0.00704126
790 14.971 0.00705226
791 14.9709 0.00704343
792 14.9711 0.00703564
793 14.971 0.00702736
794 14.9709 0.00701857
795 14.971 0.00700985
796 14.9703 0.00703319
797 14.9704 0.0070249
798 14.9702 0.00701758
799 14.97 0.00701227
800 14.9704 0.00701171
801 14.9706 0.00700851
802 14.971 0.00701064
803 14.9703 0.00703867
804 14.9701 0.00703205
805 14.9698 0.00703128
806 14.9702 0.00703151
807 14.9704 0.00702809
808 14.9703 0.00702014
809 14.97 0.00701745
810 14.9698 0.00701449
811 14.9698 0.00700642
812 14.9698 0.00699779
813 14.9699 0.00698976
814 14.9701 0.00698249
815 14.9703 0.00697658
816 14.9701 0.00696929
817 14.9702 0.00696158
818 14.97 0.00695806
819 14.9697 0.00695284
820 14.9697 0.00694492
821 14.9694 0.0069405
822 14.9698 0.00694333
823 14.9699 0.00693607
824 14.9701 0.0069305
825 14.9701 0.00692211
826 14.9701 0.00691373
827 14.9699 0.00690838
828 14.9698 0.00690093
829 14.97 0.00689474
830 14.9701 0.00688707
831 14.9705 0.00688905
832 14.9705 0.00688088
833 14.9707 0.00687459
834 14.9706 0.00686648
835 14.9709 0.0068644
836 14.9709 0.00685646
837 14.971 0.00684982
838 14.9711 0.00684228
839 14.9714 0.00684219
840 14.9711 0.00684238
841 14.9714 0.00684194
842 14.9717 0.00684031
843 14.9715 0.00683564
844 14.9714 0.00682769
845 14.971 0.00683441
846 14.9709 0.00682788
847 14.9712 0.00682672
848 14.9715 0.00682529
849 14.9714 0.00681731
850 14.9713 0.00681027
851 14.9714 0.00680289
852 14.9715 0.00679526
853 14.9719 0.00679912
854 14.9721 0.00679622
855 14.9717 0.00680041
856 14.972 0.0067964
857 14.9723 0.00679549
858 14.9723 0.00678757
859 14.9721 0.00678157
860 14.972 0.00677549
861 14.9718 0.00677018
862 14.9719 0.00676314
863 14.9721 0.00675837
864 14.972 0.00675086
865 14.9719 0.00674455
866 14.9724 0.00675454
867 14.9727 0.00675464
868 14.9728 0.0067476
869 14.9728 0.00674008
870 14.9731 0.00673613
871 14.9734 0.0067374
872 14.9732 0.00673263
873 14.9728 0.00673928
874 14.973 0.00673423
875 14.9727 0.00673314
876 14.9726 0.00672567
877 14.9726 0.00671807
878 14.9731 0.00673139
879 14.9731 0.00672375
880 14.9733 0.00671752
881 14.9732 0.00671085
882 14.9731 0.00670348
883 14.9727 0.00670719
884 14.9728 0.00670054
885 14.9731 0.0066976
886 14.9731 0.00669005
887 14.9732 0.00668335
888 14.9735 0.00668297
889 14.9736 0.006676
890 14.9732 0.00667587
891 14.9734 0.00666946
892 14.9734 0.00666203
893 14.9735 0.00665518
894 14.9733 0.00664925
895 14.9735 0.00664282
896 14.973 0.00665065
897 14.9731 0.00664399
898 14.9732 0.00663698
899 14.9729 0.00663424
900 14.9725 0.00664104
901 14.9725 0.00663367
902 14.9724 0.00662649
903 14.9726 0.00662204
904 14.9727 0.00661553
905 14.9724 0.00661888
906 14.9724 0.00661195
907 14.9721 0.00661247
908 14.9721 0.00660532
909 14.9716 0.0066154
910 14.9711 0.00662915
911 14.9707 0.00663356
912 14.9708 0.00662867
913 14.9707 0.00662339
914 14.9706 0.00661653
915 14.9708 0.00661123
916 14.9706 0.0066058
917 14.9705 0.00660006
918 14.9702 0.00659773
919 14.9698 0.00660277
920 14.9697 0.00659631
921 14.9696 0.00659104
922 14.9695 0.00658425
923 14.9695 0.00657714
924 14.9695 0.00657005
925 14.9695 0.00656296
926 14.9693 0.00655874
927 14.9693 0.00655167
928 14.9698 0.00656203
929 14.9701 0.00656583
930 14.9702 0.00655913
931 14.9703 0.00655243
932 14.9704 0.00654648
933 14.9704 0.00653953
934 14.9705 0.00653264
935 14.9706 0.00652655
936 14.9704 0.00652155
937 14.9705 0.00651527
938 14.9704 0.00650965
939 14.9703 0.00650347
940 14.9702 0.00649671
941 14.9705 0.0064946
942 14.9704 0.00648803
943 14.9706 0.00648479
944 14.9707 0.0064788
945 14.9709 0.00647454
946 14.9708 0.00646891
947 14.9711 0.0064675
948 14.9712 0.00646249
949 14.9711 0.0064573
950 14.9711 0.00645052
951 14.9708 0.00645052
952 14.9708 0.00644381
953 14.9707 0.00643728
954 14.9705 0.00643428
955 14.9706 0.00642785
956 14.9706 0.00642129
957 14.9704 0.00641739
958 14.9706 0.00641353
959 14.9708 0.00641063
960 14.9709 0.0064041
961 14.9708 0.00639754
962 14.9706 0.00639615
963 14.9706 0.00638978
964 14.9705 0.00638432
965 14.9703 0.00638359
966 14.9703 0.0063775
967 14.9704 0.00637102
968 14.9701 0.00637029
969 14.9698 0.00636994
970 14.97 0.00636561
971 14.9703 0.00636638
972 14.9705 0.00636332
973 14.9703 0.00635892
974 14.9705 0.00635529
975 14.9705 0.00634887
976 14.9705 0.00634238
977 14.9705 0.00633589
978 14.9707 0.0063314
979 14.9707 0.00632518
980 14.9705 0.00632429
981 14.9702 0.00632359
982 14.9702 0.00631716
983 14.9702 0.00631073
984 14.9699 0.00630959
985 14.9699 0.0063032
986 14.9698 0.00629755
987 14.9699 0.00629118
988 14.9696 0.00628821
989 14.9695 0.00628367
990 14.9695 0.00627734
991 14.9695 0.006271
992 14.9697 0.0062696
993 14.9697 0.00626338
994 14.9697 0.00625707
995 14.9699 0.00625358
996 14.9699 0.0062473
997 14.9698 0.00624181
998 14.9699 0.00623766
999 14.97 0.00623155
1000 14.97 0.00622532
