   0.0323165           0           0
   0.0969496           0           0
    0.161583           0           0
    0.226216           0           0
    0.290849           0           0
    0.355482           0           0
    0.420115           0           0
    0.484748           0           0
    0.549381           0           0
    0.614014           0           0
    0.678647           0           0
     0.74328           0           0
    0.807913           0           0
    0.872546 0.000838155           0
    0.937179    0.156526           0
     1.00181     1.03694           0
     1.06645     2.02604           0
     1.13108     2.26264           0
     1.19571     2.08994           0
     1.26034     1.86184           0
     1.32498     1.61122           0
     1.38961     1.45649           0
     1.45424     1.33342           0
     1.51888     1.27122           0
     1.58351     1.20678           0
     1.64814     1.14844           0
     1.71278      1.1116           0
     1.77741     1.08915           0
     1.84204     1.08328           0
     1.90667      1.0824           0
     1.97131     1.06206           0
     2.03594     1.05973           0
     2.10057     1.05804           0
     2.16521      1.0555           0
     2.22984     1.05046           0
     2.29447      1.0383           0
     2.35911     1.04212           0
     2.42374     1.03022           0
     2.48837     1.03072           0
     2.55301     1.02248           0
     2.61764     1.01127           0
     2.68227      1.0102           0
      2.7469     1.01147           0
     2.81154     1.01044           0
     2.87617     1.00431           0
      2.9408     1.00207           0
     3.00544     1.00179           0
     3.07007      1.0107           0
      3.1347    0.993473           0
     3.19934     0.99746           0
     3.26397     1.00011           0
      3.3286    0.999723           0
     3.39323    0.994755           0
     3.45787    0.990958           0
      3.5225    0.998814           0
     3.58713    0.993558           0
     3.65177    0.993845           0
      3.7164    0.991134           0
     3.78103    0.990214           0
     3.84567    0.986304           0
      3.9103    0.988999           0
     3.97493    0.987292           0
     4.03957    0.992375           0
      4.1042    0.988724           0
     4.16883    0.989942           0
     4.23346    0.987292           0
      4.2981    0.986289           0
     4.36273    0.988581           0
     4.42736    0.991883           0
       4.492    0.983672           0
     4.55663    0.987924           0
     4.62126    0.987908           0
      4.6859     0.98866           0
     4.75053     0.98907           0
     4.81516    0.994018           0
     4.87979    0.987746           0
     4.94443    0.986314           0
     5.00906    0.984005           0
     5.07369    0.987132           0
     5.13833    0.986942           0
     5.20296    0.986572           0
     5.26759      0.9849           0
     5.33223     0.98416           0
     5.39686    0.984364           0
     5.46149    0.987883           0
     5.52612    0.988276           0
     5.59076    0.986756           0
     5.65539    0.985398           0
     5.72002    0.987235           0
     5.78466    0.988246           0
     5.84929    0.988782           0
     5.91392    0.985142           0
     5.97856    0.984418           0
     6.04319    0.986993           0
     6.10782    0.984709           0
     6.17246    0.987707           0
     6.23709    0.988576           0
     6.30172    0.984849           0
     6.36635    0.982148           0
     6.43099    0.983576           0
   0.0323165           0           0
   0.0969496           0           0
    0.161583           0           0
    0.226216           0           0
    0.290849           0           0
    0.355482           0           0
    0.420115           0           0
    0.484748           0           0
    0.549381           0           0
    0.614014           0           0
    0.678647           0           0
     0.74328           0           0
    0.807913           0           0
    0.872546 0.000658551 0.000179605
    0.937179    0.150557  0.00596832
     1.00181     1.04003  0.00308857
     1.06645     2.03454  0.00849763
     1.13108     2.26634  0.00370597
     1.19571     2.09456  0.00462361
     1.26034     1.84071    0.021124
     1.32498     1.62927    0.018049
     1.38961      1.4632  0.00670542
     1.45424     1.32943  0.00398839
     1.51888     1.26057   0.0106525
     1.58351     1.19738  0.00940071
     1.64814     1.14213  0.00631124
     1.71278     1.11363  0.00203606
     1.77741     1.09078   0.0016309
     1.84204     1.07939  0.00388353
     1.90667     1.07033   0.0120657
     1.97131     1.05835  0.00370776
     2.03594     1.05309  0.00663319
     2.10057     1.06303  0.00499124
     2.16521     1.05219  0.00330689
     2.22984     1.04889  0.00157733
     2.29447     1.04185  0.00355108
     2.35911     1.04135 0.000761961
     2.42374     1.03239  0.00217336
     2.48837     1.02855  0.00216503
     2.55301     1.02388  0.00139919
     2.61764     1.01636  0.00509752
     2.68227     1.01481  0.00460765
      2.7469     1.00635  0.00511856
     2.81154     1.01225  0.00181132
     2.87617     1.00417 0.000137805
      2.9408     1.00382  0.00174522
     3.00544     1.00372  0.00192338
     3.07007      1.0049  0.00580551
      3.1347     0.99913  0.00565676
     3.19934    0.992292  0.00516768
     3.26397     1.00068 0.000569269
      3.3286    0.997884  0.00183968
     3.39323    0.993697  0.00105741
     3.45787    0.990893 6.48323e-05
      3.5225    0.998468  0.00034545
     3.58713     0.99219  0.00136789
     3.65177    0.994026  0.00018123
      3.7164    0.993009  0.00187527
     3.78103    0.991171 0.000956889
     3.84567    0.989724   0.0034194
      3.9103    0.988065  0.00093344
     3.97493    0.988885   0.0015931
     4.03957    0.992473 9.78051e-05
      4.1042    0.990405  0.00168112
     4.16883    0.986626  0.00331651
     4.23346    0.987997 0.000704776
      4.2981      0.9885  0.00221166
     4.36273    0.987261  0.00132008
     4.42736     0.99052  0.00136324
       4.492    0.987385  0.00371298
     4.55663    0.987781 0.000142755
     4.62126    0.986787  0.00112099
      4.6859     0.98676  0.00190021
     4.75053    0.987603  0.00146696
     4.81516    0.990777  0.00324116
     4.87979    0.987698 4.78743e-05
     4.94443    0.987933  0.00161902
     5.00906    0.984499 0.000494336
     5.07369    0.988147  0.00101501
     5.13833    0.986944 1.72712e-06
     5.20296    0.987832  0.00125999
     5.26759     0.98508 0.000180773
     5.33223    0.985272  0.00111143
     5.39686    0.985348 0.000984771
     5.46149    0.987568 0.000314928
     5.52612    0.986634  0.00164255
     5.59076    0.986842 8.60751e-05
     5.65539    0.986302 0.000903922
     5.72002    0.986179  0.00105643
     5.78466    0.988062 0.000183969
     5.84929    0.987339  0.00144341
     5.91392    0.985014 0.000127774
     5.97856    0.986579  0.00216117
     6.04319    0.988013  0.00102013
     6.10782    0.984221 0.000487717
     6.17246    0.987979 0.000272889
     6.23709    0.984849  0.00372644
     6.30172    0.984838 1.14828e-05
     6.36635    0.983941  0.00179339
     6.43099    0.984095 0.000519318
   0.0323165           0           0
   0.0969496           0           0
    0.161583           0           0
    0.226216           0           0
    0.290849           0           0
    0.355482           0           0
    0.420115           0           0
    0.484748           0           0
    0.549381           0           0
    0.614014           0           0
    0.678647           0           0
     0.74328           0           0
    0.807913           0           0
    0.872546 0.000718419 0.000119736
    0.937179    0.148741  0.00389527
     1.00181     1.04463  0.00493594
     1.06645       2.039  0.00663209
     1.13108     2.25879  0.00785163
     1.19571     2.08762  0.00743638
     1.26034     1.83494   0.0134956
     1.32498     1.62614   0.0108791
     1.38961     1.46586  0.00469721
     1.45424     1.33186   0.0033522
     1.51888     1.25602  0.00765162
     1.58351      1.1979   0.0054519
     1.64814     1.14746  0.00645359
     1.71278     1.11303   0.0013226
     1.77741     1.08764  0.00327961
     1.84204     1.08001  0.00232462
     1.90667     1.06916  0.00706519
     1.97131     1.06316  0.00526548
     2.03594      1.0558  0.00468715
     2.10057     1.05919  0.00480161
     2.16521     1.05033  0.00266613
     2.22984     1.04633  0.00271293
     2.29447     1.04126  0.00213474
     2.35911     1.03919  0.00220995
     2.42374     1.03061  0.00217789
     2.48837     1.02728  0.00178654
     2.55301     1.01917  0.00477936
     2.61764     1.01438  0.00354885
     2.68227      1.0127  0.00339575
      2.7469     1.00715  0.00306255
     2.81154     1.01098  0.00164147
     2.87617     1.00527  0.00109614
      2.9408     1.00344  0.00107737
     3.00544     1.00406  0.00116381
     3.07007     1.00357  0.00360442
      3.1347    0.997557  0.00362505
     3.19934    0.993715  0.00330536
     3.26397    0.999239  0.00147384
      3.3286    0.996275  0.00192813
     3.39323    0.993867 0.000633801
     3.45787    0.989079  0.00181442
      3.5225    0.996773  0.00170709
     3.58713    0.989062  0.00322612
     3.65177    0.991821  0.00220802
      3.7164    0.992829  0.00109763
     3.78103    0.991158 0.000552607
     3.84567    0.992342  0.00327872
      3.9103    0.988691 0.000825473
     3.97493    0.988941 0.000921465
     4.03957    0.990238  0.00223533
      4.1042    0.990133  0.00100788
     4.16883    0.987427  0.00207563
     4.23346    0.986027  0.00201173
      4.2981    0.987292  0.00175767
     4.36273    0.987812 0.000940947
     4.42736    0.988738  0.00194806
       4.492    0.987078  0.00216551
     4.55663    0.987788 8.26824e-05
     4.62126    0.986955 0.000668469
      4.6859    0.984108  0.00286995
     4.75053    0.987546 0.000848837
     4.81516    0.989964  0.00204023
     4.87979    0.986745 0.000953418
     4.94443     0.98605  0.00210193
     5.00906    0.985916  0.00144603
     5.07369    0.987995 0.000605348
     5.13833    0.987365 0.000420843
     5.20296    0.988149 0.000793846
     5.26759    0.985053 0.000107904
     5.33223    0.985546 0.000697834
     5.39686    0.986368  0.00116707
     5.46149    0.986726 0.000862254
     5.52612    0.986183  0.00105009
     5.59076    0.986731 0.000121948
     5.65539    0.984893   0.0015022
     5.72002    0.987749  0.00168454
     5.78466    0.988384 0.000339123
     5.84929    0.987345 0.000833379
     5.91392    0.986355  0.00134322
     5.97856    0.987264  0.00142325
     6.04319    0.987669  0.00068218
     6.10782    0.986221  0.00201909
     6.17246    0.987003 0.000989283
     6.23709     0.98613  0.00250406
     6.30172    0.985755 0.000917121
     6.36635     0.98504  0.00150981
     6.43099     0.98508  0.00102925
   0.0323165           0           0
   0.0969496           0           0
    0.161583           0           0
    0.226216           0           0
    0.290849           0           0
    0.355482           0           0
    0.420115           0           0
    0.484748           0           0
    0.549381           0           0
    0.614014           0           0
    0.678647           0           0
     0.74328           0           0
    0.807913           0           0
    0.872546 0.000748353 8.98024e-05
    0.937179    0.148819  0.00275547
     1.00181     1.05202  0.00817125
     1.06645     2.03578  0.00568865
     1.13108      2.2665  0.00950487
     1.19571     2.08313  0.00691496
     1.26034     1.83355  0.00964246
     1.32498     1.62519   0.0077514
     1.38961     1.46842  0.00419218
     1.45424     1.33164  0.00238115
     1.51888     1.25127  0.00719743
     1.58351     1.19437  0.00522339
     1.64814     1.14537  0.00501795
     1.71278     1.11262  0.00101879
     1.77741     1.08846  0.00245902
     1.84204     1.07775  0.00279438
     1.90667     1.06823  0.00508133
     1.97131      1.0644   0.0039218
     2.03594      1.0547  0.00348923
     2.10057     1.05449  0.00579822
     2.16521     1.05151  0.00222413
     2.22984     1.04542  0.00212363
     2.29447     1.03981  0.00209262
     2.35911     1.03893  0.00158339
     2.42374     1.03296   0.0028069
     2.48837     1.02641  0.00152981
     2.55301     1.01957  0.00340242
     2.61764     1.01542  0.00271567
     2.68227      1.0133   0.0024755
      2.7469     1.00949  0.00318513
     2.81154     1.01125  0.00118979
     2.87617     1.00618  0.00119988
      2.9408     1.00165  0.00194379
     3.00544     1.00665  0.00271495
     3.07007     1.00303  0.00260618
      3.1347    0.998023  0.00260538
     3.19934    0.996651  0.00375311
     3.26397    0.998324  0.00138701
      3.3286    0.995571  0.00153432
     3.39323     0.99346 0.000606007
     3.45787    0.989936  0.00154278
      3.5225    0.996311  0.00129243
     3.58713    0.990465  0.00267768
     3.65177    0.992383  0.00165954
      3.7164    0.991256  0.00175373
     3.78103    0.991406 0.000462378
     3.84567    0.990636  0.00287789
      3.9103    0.988962 0.000643492
     3.97493    0.988924 0.000651792
     4.03957    0.990184  0.00158154
      4.1042    0.988511  0.00177168
     4.16883    0.987351  0.00146964
     4.23346     0.98612  0.00142551
      4.2981    0.987879  0.00137453
     4.36273    0.989072  0.00142434
     4.42736    0.989001  0.00140234
       4.492    0.987866  0.00172208
     4.55663    0.987432  0.00036056
     4.62126    0.987142 0.000508394
      4.6859    0.985172  0.00229152
     4.75053    0.987894 0.000693577
     4.81516    0.989643  0.00147792
     4.87979    0.986139 0.000906984
     4.94443    0.986333  0.00151285
     5.00906    0.985525  0.00109494
     5.07369    0.987615 0.000572753
     5.13833    0.987263 0.000314637
     5.20296    0.989029  0.00104367
     5.26759    0.985053 7.63014e-05
     5.33223     0.98532 0.000542792
     5.39686    0.986416  0.00082667
     5.46149    0.987476 0.000966852
     5.52612    0.985781 0.000844207
     5.59076      0.9863 0.000439883
     5.65539    0.985804   0.0013994
     5.72002    0.987124  0.00134498
     5.78466    0.987423 0.000989983
     5.84929    0.987252 0.000596628
     5.91392    0.986958  0.00112494
     5.97856    0.987618  0.00106678
     6.04319    0.987524 0.000503591
     6.10782    0.985702  0.00151915
     6.17246    0.986197   0.0010673
     6.23709    0.985711  0.00181969
     6.30172    0.986812  0.00124041
     6.36635    0.986049  0.00146936
     6.43099    0.985194 0.000736682
   0.0323165           0           0
   0.0969496           0           0
    0.161583           0           0
    0.226216           0           0
    0.290849           0           0
    0.355482           0           0
    0.420115           0           0
    0.484748           0           0
    0.549381           0           0
    0.614014           0           0
    0.678647           0           0
     0.74328           0           0
    0.807913           0           0
    0.872546 0.000862103 0.000133333
    0.937179    0.147786  0.00237112
     1.00181     1.05913  0.00951443
     1.06645     2.02761   0.0092816
     1.13108     2.26135   0.0089844
     1.19571     2.07893  0.00680632
     1.26034     1.83336  0.00747164
     1.32498     1.62356  0.00622176
     1.38961     1.46506  0.00467086
     1.45424     1.33308  0.00234139
     1.51888     1.25097   0.0055833
     1.58351     1.19385  0.00407953
     1.64814      1.1435  0.00431327
     1.71278     1.11287 0.000827407
     1.77741     1.08787   0.0019937
     1.84204     1.07749  0.00217937
     1.90667     1.06951  0.00413867
     1.97131     1.06345  0.00318161
     2.03594     1.05566  0.00286535
     2.10057     1.05557  0.00461977
     2.16521     1.05096  0.00180922
     2.22984     1.04458   0.0018487
     2.29447     1.03886  0.00187844
     2.35911      1.0366  0.00263248
     2.42374     1.03164  0.00254411
     2.48837      1.0247  0.00208343
     2.55301     1.01767  0.00324822
     2.61764     1.01465  0.00223798
     2.68227     1.01321  0.00191939
      2.7469      1.0077  0.00305061
     2.81154     1.00885  0.00257059
     2.87617      1.0069  0.00117663
      2.9408     1.00205  0.00155766
     3.00544      1.0044  0.00308421
     3.07007     1.00098  0.00287493
      3.1347    0.997341  0.00213014
     3.19934    0.996875  0.00291577
     3.26397     0.99772  0.00123248
      3.3286    0.995343  0.00121015
     3.39323    0.993471 0.000469562
     3.45787    0.990913   0.0015441
      3.5225    0.995765  0.00114037
     3.58713     0.99091  0.00212149
     3.65177    0.990852  0.00199901
      3.7164    0.991557  0.00139126
     3.78103    0.990795 0.000708075
     3.84567     0.99058  0.00222991
      3.9103    0.990167  0.00130413
     3.97493    0.988792 0.000521965
     4.03957    0.989744  0.00130181
      4.1042    0.988148  0.00141968
     4.16883    0.988181  0.00140878
     4.23346    0.985527  0.00125327
      4.2981    0.987736  0.00107433
     4.36273    0.988918  0.00111396
     4.42736    0.988373  0.00125454
       4.492    0.987541  0.00137304
     4.55663    0.987292  0.00031227
     4.62126    0.986969 0.000430106
      4.6859     0.98457   0.0018742
     4.75053    0.987147 0.000919979
     4.81516    0.989112  0.00126187
     4.87979    0.985483 0.000961118
     4.94443    0.985844  0.00126967
     5.00906    0.985812 0.000895601
     5.07369    0.987062 0.000708856
     5.13833    0.986943 0.000401995
     5.20296    0.988547 0.000941258
     5.26759    0.985263 0.000218816
     5.33223    0.985765 0.000612131
     5.39686    0.986024 0.000750648
     5.46149    0.986895 0.000947729
     5.52612    0.986538  0.00100038
     5.59076    0.986322 0.000341472
     5.65539    0.985337  0.00118043
     5.72002    0.985997  0.00153463
     5.78466    0.986954  0.00089913
     5.84929    0.987136 0.000476535
     5.91392    0.986611 0.000938144
     5.97856    0.987673 0.000828157
     6.04319     0.98707  0.00059885
     6.10782    0.985621  0.00117949
     6.17246    0.986322 0.000836103
     6.23709    0.985895  0.00142146
     6.30172    0.986432  0.00103347
     6.36635    0.986201  0.00114816
     6.43099    0.985078 0.000582279
   0.0323165           0           0
   0.0969496           0           0
    0.161583           0           0
    0.226216           0           0
    0.290849           0           0
    0.355482           0           0
    0.420115           0           0
    0.484748           0           0
    0.549381           0           0
    0.614014           0           0
    0.678647           0           0
     0.74328           0           0
    0.807913           0           0
    0.872546 0.000818199 0.000117385
    0.937179    0.148205  0.00198076
     1.00181     1.05924   0.0077694
     1.06645     2.02803     0.00759
     1.13108     2.26528  0.00832291
     1.19571     2.07905   0.0055587
     1.26034     1.83149  0.00637889
     1.32498      1.6211  0.00564216
     1.38961     1.46308  0.00429644
     1.45424     1.33258  0.00197536
     1.51888     1.25123   0.0045665
     1.58351     1.19338  0.00336465
     1.64814     1.14278  0.00359475
     1.71278     1.11407  0.00137428
     1.77741     1.08795  0.00162953
     1.84204     1.07736  0.00178445
     1.90667     1.06866  0.00348314
     1.97131     1.06357  0.00260057
     2.03594     1.05379  0.00299509
     2.10057     1.05345  0.00432889
     2.16521      1.0495  0.00207529
     2.22984     1.04619  0.00220986
     2.29447     1.03902  0.00154158
     2.35911     1.03632  0.00216831
     2.42374     1.03353  0.00281035
     2.48837      1.0247  0.00170111
     2.55301     1.01743  0.00266255
     2.61764      1.0144  0.00184521
     2.68227     1.01295  0.00158816
      2.7469     1.00846  0.00260531
     2.81154     1.00849  0.00212914
     2.87617     1.00711 0.000982816
      2.9408     1.00345  0.00189642
     3.00544     1.00362  0.00263493
     3.07007      1.0011  0.00235063
      3.1347     0.99725  0.00174163
     3.19934    0.997645  0.00250217
     3.26397    0.997835   0.0010129
      3.3286    0.994243  0.00147859
     3.39323    0.994962  0.00153893
     3.45787    0.991952  0.00163329
      3.5225    0.995629 0.000941022
     3.58713    0.991535  0.00184129
     3.65177    0.990919  0.00163355
      3.7164    0.990104  0.00184409
     3.78103    0.990275  0.00077753
     3.84567    0.990176  0.00186507
      3.9103    0.990347  0.00107995
     3.97493    0.988929   0.0004476
     4.03957    0.990004  0.00109441
      4.1042    0.988523  0.00121826
     4.16883    0.988538   0.0012045
     4.23346    0.986219  0.00123534
      4.2981    0.987933 0.000898919
     4.36273    0.988521 0.000992496
     4.42736    0.988583  0.00104573
       4.492    0.987577  0.00112167
     4.55663     0.98787 0.000631245
     4.62126    0.986962 0.000351253
      4.6859    0.985851  0.00199571
     4.75053    0.986338  0.00110399
     4.81516     0.98898  0.00103877
     4.87979    0.986005 0.000942588
     4.94443    0.985578  0.00107013
     5.00906    0.985631  0.00075356
     5.07369    0.986549 0.000773559
     5.13833    0.987417 0.000576769
     5.20296    0.988441  0.00077578
     5.26759    0.985894 0.000655551
     5.33223    0.986454 0.000851615
     5.39686    0.986087 0.000616124
     5.46149    0.986068  0.00113292
     5.52612    0.986155 0.000902465
     5.59076    0.985344  0.00101748
     5.65539     0.98537 0.000964382
     5.72002    0.984812  0.00172469
     5.78466      0.9871 0.000748566
     5.84929     0.98686  0.00047682
     5.91392    0.986727 0.000774718
     5.97856    0.987565 0.000684733
     6.04319    0.987158 0.000496872
     6.10782    0.985949  0.00101737
     6.17246    0.986663  0.00076326
     6.23709     0.98615  0.00118847
     6.30172    0.986528 0.000849277
     6.36635    0.985376  0.00124863
     6.43099    0.985127 0.000477965
   0.0323165           0           0
   0.0969496           0           0
    0.161583           0           0
    0.226216           0           0
    0.290849           0           0
    0.355482           0           0
    0.420115           0           0
    0.484748           0           0
    0.549381           0           0
    0.614014           0           0
    0.678647           0           0
     0.74328           0           0
    0.807913           0           0
    0.872546 0.000803945 0.000100227
    0.937179    0.148044  0.00168174
     1.00181     1.06015  0.00662799
     1.06645     2.02706  0.00648788
     1.13108     2.26434  0.00709781
     1.19571     2.07447  0.00656499
     1.26034     1.82975  0.00566535
     1.32498     1.61726   0.0061262
     1.38961     1.45884  0.00558221
     1.45424     1.33244  0.00167531
     1.51888     1.25081  0.00388277
     1.58351     1.19149  0.00341024
     1.64814     1.14547  0.00405709
     1.71278      1.1139  0.00117336
     1.77741     1.08848  0.00147761
     1.84204     1.07587  0.00211667
     1.90667     1.06703  0.00336576
     1.97131     1.06301  0.00226751
     2.03594     1.05501  0.00281248
     2.10057     1.05357   0.0036605
     2.16521     1.04813  0.00222501
     2.22984     1.04758  0.00232893
     2.29447     1.04032  0.00184664
     2.35911     1.03667  0.00186671
     2.42374     1.03349  0.00237549
     2.48837      1.0257  0.00175034
     2.55301     1.01837  0.00244004
     2.61764     1.01401  0.00160761
     2.68227      1.0134  0.00141452
      2.7469     1.00848  0.00220199
     2.81154     1.00822  0.00181988
     2.87617     1.00654  0.00100746
      2.9408     1.00373  0.00162656
     3.00544     1.00369  0.00222791
     3.07007     1.00201  0.00218266
      3.1347    0.997079  0.00148185
     3.19934    0.997866  0.00212618
     3.26397    0.997304  0.00100767
      3.3286     0.99367  0.00137468
     3.39323    0.993965  0.00163883
     3.45787    0.991657  0.00141146
      3.5225    0.994856  0.00110869
     3.58713    0.992197   0.0016914
     3.65177    0.990526  0.00143542
      3.7164    0.990599  0.00163533
     3.78103    0.990171 0.000665223
     3.84567     0.98956  0.00169223
      3.9103    0.990316 0.000913239
     3.97493    0.988515 0.000560455
     4.03957    0.989984 0.000925175
      4.1042    0.988622  0.00103438
     4.16883     0.98847  0.00102025
     4.23346     0.98697  0.00128606
      4.2981    0.988263 0.000828323
     4.36273    0.988648 0.000848369
     4.42736     0.98888 0.000932227
       4.492    0.986937  0.00114372
     4.55663      0.9878    0.000538
     4.62126    0.987007 0.000300245
      4.6859    0.985764  0.00168896
     4.75053    0.986408   0.0009357
     4.81516    0.988252  0.00114072
     4.87979     0.98597 0.000797409
     4.94443    0.985381 0.000925654
     5.00906    0.986426   0.0010189
     5.07369    0.986434 0.000663824
     5.13833    0.987203 0.000532529
     5.20296    0.988319 0.000666953
     5.26759    0.986663 0.000948078
     5.33223    0.986135 0.000787458
     5.39686    0.985626 0.000696032
     5.46149     0.98622 0.000969541
     5.52612    0.986107 0.000764178
     5.59076    0.985637 0.000908504
     5.65539    0.984709  0.00104952
     5.72002    0.985053  0.00147735
     5.78466    0.986816 0.000693674
     5.84929    0.986491   0.0005464
     5.91392    0.986717 0.000654831
     5.97856    0.987393 0.000603773
     6.04319    0.986836 0.000529086
     6.10782    0.986039 0.000864574
     6.17246    0.986783 0.000656082
     6.23709    0.986381  0.00103064
     6.30172    0.986235 0.000775116
     6.36635    0.985206  0.00106883
     6.43099    0.985526 0.000567992
   0.0323165           0           0
   0.0969496           0           0
    0.161583           0           0
    0.226216           0           0
    0.290849           0           0
    0.355482           0           0
    0.420115           0           0
    0.484748           0           0
    0.549381           0           0
    0.614014           0           0
    0.678647           0           0
     0.74328           0           0
    0.807913           0           0
    0.872546 0.000898024 0.000128004
    0.937179    0.147457  0.00157048
     1.00181     1.05958  0.00576738
     1.06645     2.02897  0.00593341
     1.13108     2.26379  0.00617075
     1.19571     2.07147  0.00642505
     1.26034     1.82995  0.00491045
     1.32498     1.61606  0.00543868
     1.38961     1.45822  0.00487369
     1.45424     1.33053  0.00240307
     1.51888     1.24989  0.00348665
     1.58351     1.19171  0.00296121
     1.64814     1.14688  0.00378522
     1.71278     1.11318  0.00124279
     1.77741      1.0883  0.00129216
     1.84204     1.07533  0.00191176
     1.90667     1.06632  0.00299995
     1.97131     1.06093  0.00286583
     2.03594      1.0571  0.00320822
     2.10057     1.05368  0.00317207
     2.16521     1.04923  0.00221677
     2.22984     1.04859  0.00225321
     2.29447     1.04033  0.00159927
     2.35911     1.03532  0.00210586
     2.42374     1.03334  0.00206277
     2.48837     1.02526  0.00157753
     2.55301     1.01843  0.00211386
     2.61764     1.01441  0.00144974
     2.68227     1.01494  0.00196452
      2.7469     1.00821  0.00192578
     2.81154     1.00843  0.00158979
     2.87617     1.00642 0.000880741
      2.9408      1.0034  0.00144827
     3.00544     1.00317  0.00199649
     3.07007      1.0015  0.00195744
      3.1347     0.99722  0.00129103
     3.19934    0.996797  0.00212899
     3.26397    0.997657 0.000941573
      3.3286    0.993201  0.00127947
     3.39323    0.993996  0.00141962
     3.45787    0.992241   0.0013546
      3.5225    0.994189   0.0011694
     3.58713    0.992616  0.00152356
     3.65177    0.990928  0.00130651
      3.7164    0.990848  0.00143786
     3.78103    0.989904 0.000635116
     3.84567    0.989247  0.00149856
      3.9103    0.990246 0.000793978
     3.97493    0.988854 0.000591742
     4.03957    0.990139 0.000816079
      4.1042    0.988291 0.000954776
     4.16883    0.988187 0.000928003
     4.23346    0.988062  0.00156008
      4.2981    0.988395 0.000729419
     4.36273     0.98844 0.000763539
     4.42736    0.988983 0.000813827
       4.492    0.986578  0.00105354
     4.55663    0.987574 0.000518138
     4.62126    0.986986 0.000260846
      4.6859    0.986225  0.00153367
     4.75053    0.986801  0.00090052
     4.81516    0.988096  0.00100011
     4.87979    0.985569 0.000798207
     4.94443    0.985529  0.00081507
     5.00906    0.986279 0.000894528
     5.07369    0.986276 0.000596097
     5.13833     0.98729 0.000469405
     5.20296     0.98793 0.000696609
     5.26759    0.986533 0.000831362
     5.33223    0.985992 0.000696866
     5.39686     0.98546 0.000625002
     5.46149    0.986393 0.000857234
     5.52612    0.986543 0.000792375
     5.59076    0.986036 0.000882134
     5.65539    0.984977 0.000947686
     5.72002    0.985117  0.00128104
     5.78466    0.986444 0.000706657
     5.84929    0.986465 0.000473902
     5.91392    0.987092 0.000680174
     5.97856    0.987185 0.000562583
     6.04319    0.986508 0.000563962
     6.10782    0.985649 0.000844354
     6.17246    0.986804 0.000568603
     6.23709    0.986354 0.000892977
     6.30172    0.986514 0.000727018
     6.36635    0.985774  0.00108591
     6.43099    0.985358 0.000519802
   0.0323165           0           0
   0.0969496           0           0
    0.161583           0           0
    0.226216           0           0
    0.290849           0           0
    0.355482           0           0
    0.420115           0           0
    0.484748           0           0
    0.549381           0           0
    0.614014           0           0
    0.678647           0           0
     0.74328           0           0
    0.807913           0           0
    0.872546 0.000904676 0.000113084
    0.937179    0.147369  0.00138782
     1.00181     1.06077  0.00522336
     1.06645     2.03116  0.00567476
     1.13108     2.26452  0.00549037
     1.19571      2.0758  0.00712895
     1.26034     1.82975  0.00433527
     1.32498     1.61811  0.00521512
     1.38961     1.45725    0.004406
     1.45424     1.33088  0.00214797
     1.51888     1.24858  0.00333887
     1.58351     1.18978  0.00324698
     1.64814     1.14574  0.00352844
     1.71278      1.1123   0.0014085
     1.77741      1.0881  0.00115652
     1.84204     1.07557  0.00170354
     1.90667     1.06603  0.00266184
     1.97131     1.06003   0.0026798
     2.03594      1.0569  0.00283641
     2.10057     1.05396  0.00281196
     2.16521     1.04958  0.00198626
     2.22984     1.04902  0.00203287
     2.29447      1.0418  0.00203581
     2.35911       1.035  0.00188573
     2.42374     1.03302  0.00184701
     2.48837     1.02451  0.00158156
     2.55301     1.01804  0.00190445
     2.61764     1.01448  0.00128049
     2.68227     1.01464  0.00175735
      2.7469     1.00795  0.00171774
     2.81154     1.00917   0.0015867
     2.87617     1.00582 0.000984158
      2.9408     1.00361  0.00129584
     3.00544     1.00339  0.00177417
     3.07007     1.00164  0.00173213
      3.1347    0.996954  0.00116919
     3.19934    0.996073  0.00201245
     3.26397    0.997937 0.000876249
      3.3286    0.993256  0.00112973
     3.39323    0.993865  0.00125885
     3.45787    0.992757  0.00130128
      3.5225    0.994134  0.00103276
     3.58713    0.992916  0.00137672
     3.65177    0.991219  0.00118832
      3.7164    0.990477  0.00132122
     3.78103    0.989864 0.000561543
     3.84567    0.989126  0.00132717
      3.9103    0.990438 0.000725922
     3.97493    0.989448  0.00079132
     4.03957    0.989802 0.000794492
      4.1042    0.988417 0.000851357
     4.16883    0.988279 0.000823558
     4.23346    0.988134  0.00137773
      4.2981    0.988841 0.000783177
     4.36273    0.988703 0.000722796
     4.42736    0.989523 0.000898437
       4.492    0.986383 0.000949453
     4.55663    0.988066 0.000671347
     4.62126    0.987105 0.000259046
      4.6859    0.986471  0.00137486
     4.75053     0.98668 0.000803359
     4.81516    0.988365 0.000922139
     4.87979     0.98585 0.000757815
     4.94443     0.98562 0.000724664
     5.00906      0.9867 0.000894173
     5.07369    0.987008 0.000901244
     5.13833    0.986998 0.000506585
     5.20296    0.988075 0.000631189
     5.26759    0.986554 0.000733499
     5.33223     0.98535 0.000888624
     5.39686    0.985561  0.00056028
     5.46149    0.986094 0.000812912
     5.52612     0.98652 0.000699202
     5.59076    0.985789 0.000816251
     5.65539    0.985078 0.000841931
     5.72002    0.985117  0.00112977
     5.78466    0.986439 0.000623234
     5.84929     0.98609 0.000561661
     5.91392    0.987131 0.000601096
     5.97856    0.986858 0.000594231
     6.04319    0.986242 0.000563766
     6.10782    0.985344  0.00080476
     6.17246    0.986463 0.000606576
     6.23709      0.9866 0.000825156
     6.30172    0.986314 0.000671808
     6.36635    0.985819 0.000958723
     6.43099    0.985441 0.000465783
   0.0323165           0           0
   0.0969496           0           0
    0.161583           0           0
    0.226216           0           0
    0.290849           0           0
    0.355482           0           0
    0.420115           0           0
    0.484748           0           0
    0.549381           0           0
    0.614014           0           0
    0.678647           0           0
     0.74328           0           0
    0.807913           0           0
    0.872546  0.00100579 0.000143017
    0.937179    0.146997  0.00129567
     1.00181     1.06005  0.00472717
     1.06645     2.03255  0.00526196
     1.13108     2.26463  0.00491199
     1.19571     2.07737  0.00656598
     1.26034     1.82911  0.00393052
     1.32498     1.61472  0.00576319
     1.38961     1.45827  0.00407057
     1.45424     1.33033  0.00199667
     1.51888     1.24813  0.00302038
     1.58351     1.18853  0.00316281
     1.64814     1.14511  0.00321668
     1.71278     1.11195  0.00130841
     1.77741      1.0881  0.00103445
     1.84204     1.07498   0.0016358
     1.90667     1.06507  0.00256767
     1.97131     1.05919  0.00254193
     2.03594     1.05598  0.00270042
     2.10057     1.05334  0.00259078
     2.16521     1.04948  0.00177963
     2.22984     1.04876  0.00183629
     2.29447     1.04164  0.00182815
     2.35911     1.03529  0.00171153
     2.42374     1.03321  0.00166274
     2.48837      1.0251  0.00153432
     2.55301     1.01797  0.00170475
     2.61764     1.01344  0.00154638
     2.68227     1.01438  0.00159371
      2.7469     1.00713  0.00174597
     2.81154     1.00864  0.00151472
     2.87617     1.00522  0.00106116
      2.9408     1.00335  0.00118913
     3.00544     1.00324   0.0015944
     3.07007     1.00119  0.00161316
      3.1347    0.996642  0.00109156
     3.19934    0.996197  0.00180428
     3.26397    0.997516  0.00088956
      3.3286    0.993847  0.00117047
     3.39323     0.99371  0.00113657
     3.45787    0.992419  0.00121193
      3.5225    0.993592  0.00107134
     3.58713    0.993227     0.00127
     3.65177    0.991421  0.00108197
      3.7164    0.991294  0.00143676
     3.78103    0.990187 0.000597348
     3.84567    0.988876  0.00121312
      3.9103    0.990473  0.00065023
     3.97493    0.989534 0.000712946
     4.03957    0.989505 0.000770238
      4.1042    0.988602 0.000783624
     4.16883    0.988006  0.00078535
     4.23346    0.987947  0.00124637
      4.2981    0.988961 0.000710683
     4.36273    0.988165 0.000840648
     4.42736    0.989141 0.000889911
       4.492    0.986588 0.000873573
     4.55663    0.988327 0.000654843
     4.62126    0.987429 0.000398463
      4.6859    0.986652  0.00124284
     4.75053    0.986819 0.000731973
     4.81516    0.988388 0.000825104
     4.87979    0.985439 0.000792637
     4.94443      0.9858 0.000672527
     5.00906    0.986853 0.000814243
     5.07369    0.986393  0.00101415
     5.13833    0.986757 0.000513457
     5.20296    0.988439 0.000672171
     5.26759    0.986206 0.000742729
     5.33223    0.985623 0.000840504
     5.39686    0.985636 0.000506764
     5.46149    0.986226 0.000738894
     5.52612    0.986561 0.000626746
     5.59076    0.985737 0.000731887
     5.65539    0.985185  0.00076052
     5.72002    0.984962  0.00102227
     5.78466    0.986582 0.000575652
     5.84929    0.986273 0.000534509
     5.91392    0.987379 0.000592109
     5.97856    0.986854 0.000531509
     6.04319    0.986264 0.000504734
     6.10782     0.98508 0.000766499
     6.17246    0.986243 0.000585401
     6.23709    0.986548 0.000739899
     6.30172    0.986119  0.00063156
     6.36635    0.985932 0.000864903
     6.43099    0.985604 0.000447285
