-5.60045
-5.58491
-5.56516
-5.55383
-5.5412
-5.53342
-5.53179
-5.5266
-5.524
-5.52075
-5.51848
-5.51946
-5.5185
-5.51786
-5.51884
-5.51755
-5.5182
-5.51788
-5.51723
-5.51626
-5.51561
-5.51626
-5.51755
-5.51787
-5.51819
-5.51916
-5.51884
-5.51851
-5.51819
-5.51851
-5.51851
-5.51754
-5.51883
-5.51884
-5.51852
-5.51949
-5.51982
-5.51852
-5.52079
-5.52046
-5.52208
-5.5211
-5.5211
-5.52175
-5.52337
-5.52305
-5.52337
-5.52272
-5.52272
-5.52434
-5.5237
-5.52175
-5.52272
-5.52305
-5.5224
-5.52014
-5.51787
-5.51689
-5.51689
-5.5156
-5.51625
-5.51754
-5.51852
-5.52143
-5.52046
-5.52111
-5.52175
-5.5224
-5.52369
-5.5224
-5.5224
-5.52596
-5.52661
-5.52693
-5.52596
-5.52467
-5.52337
-5.52337
-5.52337
-5.52272
-5.52272
-5.5224
-5.52207
-5.52142
-5.52207
-5.52272
-5.52272
-5.52208
-5.52175
-5.5224
-5.52337
-5.52402
-5.52531
-5.52466
-5.52401
-5.52466
-5.52401
-5.52498
-5.52207
-5.52175
-5.5198
-5.52013
-5.52078
-5.51884
-5.51755
-5.51852
-5.51722
-5.51787
-5.51495
-5.51722
-5.51656
-5.51818
-5.51786
-5.5185
-5.51753
-5.51883
-5.51948
-5.52143
-5.52143
-5.52176
-5.52435
-5.52694
-5.5292
-5.52823
-5.52758
-5.52596
-5.52563
-5.52725
-5.52661
-5.52693
-5.52693
-5.52823
-5.52693
-5.52466
-5.52304
-5.52401
-5.52369
-5.52304
-5.52175
-5.5211
-5.5224
-5.52207
-5.52305
-5.52175
-5.52175
-5.52143
-5.52078
-5.51884
-5.51981
-5.51981
-5.51754
-5.51884
-5.52078
-5.51981
-5.51981
-5.52176
-5.52176
-5.52208
-5.52241
-5.52176
-5.52144
-5.51949
-5.51981
-5.52013
-5.51852
-5.51981
-5.51981
-5.51981
-5.52175
-5.52434
-5.52434
-5.52467
-5.52434
-5.52564
-5.5237
-5.5237
-5.52434
-5.52629
-5.52629
-5.52661
-5.52596
-5.52823
-5.52564
-5.52434
-5.52272
-5.52272
-5.52402
-5.52499
-5.52758
-5.52759
-5.52597
-5.52402
-5.52241
-5.52079
-5.52208
-5.52241
-5.52208
-5.52176
-5.52305
-5.52435
-5.52338
-5.52144
-5.5237
-5.52403
-5.52467
-5.52629
-5.52467
-5.52305
-5.52338
-5.52273
-5.52111
-5.52176
-5.52241
-5.52403
-5.52532
-5.52338
-5.52597
-5.5237
-5.52176
-5.5237
-5.52403
-5.525
-5.52662
-5.52533
-5.52468
-5.52468
-5.52597
-5.52565
-5.52241
-5.52143
-5.52046
-5.52176
-5.52208
-5.52144
-5.52144
-5.52241
-5.52306
-5.52241
-5.52338
-5.52209
-5.52144
-5.52111
-5.52111
-5.52337
-5.52273
-5.5224
-5.52337
-5.52176
-5.52208
-5.52468
-5.525
-5.52533
-5.525
-5.52565
-5.52597
-5.52565
-5.52791
-5.52629
-5.52759
-5.52759
-5.52856
-5.52953
-5.52727
-5.52597
-5.52532
-5.52273
-5.52176
-5.52176
-5.52111
-5.52305
-5.52273
-5.52306
-5.52565
-5.52629
-5.52565
-5.525
-5.52468
-5.52565
-5.525
-5.52565
-5.52597
-5.52435
-5.52306
-5.52241
-5.52209
-5.52144
-5.52241
-5.52112
-5.52047
-5.52112
-5.5195
-5.52015
-5.5208
-5.52274
-5.52209
-5.52339
-5.52404
-5.52501
-5.52371
-5.52404
-5.52274
-5.52436
-5.52501
-5.52501
-5.52404
-5.52274
-5.5208
-5.52015
-5.51886
-5.52177
-5.52436
-5.52371
-5.52242
-5.52144
-5.52306
-5.52371
-5.52468
-5.52533
-5.5263
-5.52598
-5.52825
-5.5276
-5.52631
-5.52502
-5.52469
-5.52404
-5.52566
-5.5263
-5.52566
-5.52727
-5.52598
-5.52566
-5.52533
-5.52566
-5.52663
-5.5263
-5.52663
-5.52663
-5.52566
-5.52534
-5.52566
-5.52534
-5.52437
-5.52631
-5.52501
-5.52727
-5.52501
-5.52468
-5.52339
-5.52242
-5.52177
-5.52112
-5.52339
-5.52113
-5.5221
-5.52274
-5.52306
-5.52209
-5.52371
-5.52436
-5.52371
-5.52339
-5.52339
-5.52307
-5.52307
-5.52469
-5.52339
-5.52533
-5.52501
-5.52469
-5.52307
-5.52404
-5.5221
-5.52242
-5.52307
-5.52436
-5.5263
-5.52566
-5.52501
-5.52372
-5.52275
-5.52502
-5.52437
-5.52404
-5.52307
-5.52307
-5.52307
-5.52307
-5.52339
-5.52145
-5.52177
-5.52178
-5.52145
-5.52178
-5.52178
-5.52146
-5.52145
-5.52177
-5.52112
-5.51983
-5.51983
-5.51886
-5.52047
-5.52015
-5.51886
-5.51919
-5.52016
-5.52081
-5.52017
-5.52179
-5.52405
-5.52534
-5.52696
-5.52663
-5.52469
-5.52436
-5.52533
-5.52631
-5.5276
-5.52631
-5.52501
-5.52566
-5.52631
-5.52599
-5.52501
-5.52469
-5.52405
-5.52534
-5.52372
-5.52307
-5.52437
-5.52145
-5.5208
-5.5221
-5.52307
-5.5221
-5.52437
-5.5221
-5.52146
-5.52243
-5.5221
-5.52308
-5.52372
-5.52437
-5.52469
-5.52534
-5.52177
-5.52274
-5.52339
-5.52307
-5.52501
-5.52339
-5.52404
-5.52599
-5.52469
-5.52501
-5.52307
-5.5234
-5.52404
-5.52307
-5.52339
-5.52339
-5.52371
-5.52177
-5.52242
-5.52501
-5.52339
-5.5208
-5.52177
-5.52371
-5.52307
-5.5221
-5.5221
-5.52274
-5.52307
-5.52501
-5.52533
-5.52371
-5.52306
-5.52241
-5.52144
-5.52112
-5.52112
-5.51982
-5.51853
-5.51723
-5.51755
-5.5182
-5.5195
-5.51982
-5.52273
-5.52176
-5.52209
-5.52241
-5.52177
-5.52144
-5.52274
-5.52306
-5.5237
-5.52435
-5.52435
-5.52435
-5.52403
-5.52436
-5.52403
-5.52144
-5.52209
-5.52209
-5.52241
-5.52079
-5.5195
-5.52079
-5.52014
-5.52047
-5.52273
-5.52079
-5.52046
-5.51982
-5.52208
-5.52143
-5.525
-5.52306
-5.52468
-5.52403
-5.52565
-5.52662
-5.52403
-5.52403
-5.52306
-5.52208
-5.5224
-5.52014
-5.52305
-5.52078
-5.51884
-5.52078
-5.52532
-5.52597
-5.52565
-5.52565
-5.5263
-5.52468
-5.52468
-5.52403
-5.52305
-5.5237
-5.52467
-5.52499
-5.52629
-5.52597
-5.52565
-5.5237
-5.52403
-5.52208
-5.52014
-5.51981
-5.51917
-5.52176
-5.52111
-5.5224
-5.52337
-5.52208
-5.52175
-5.52337
-5.52176
-5.52176
-5.52111
-5.52176
-5.52177
-5.52144
-5.52306
-5.52436
-5.52436
-5.52403
-5.52306
-5.52403
-5.51982
-5.51982
-5.51755
-5.5195
-5.51917
-5.51885
-5.51982
-5.52047
-5.52079
-5.51949
-5.52079
-5.5224
-5.52402
-5.525
-5.52597
-5.52662
-5.52533
-5.52274
-5.52404
-5.52468
-5.52436
-5.52403
-5.52468
-5.52565
-5.52435
-5.52629
-5.52662
-5.525
-5.525
-5.52597
-5.52695
-5.52824
-5.52695
-5.52533
-5.52371
-5.52241
-5.52144
-5.52177
-5.5195
-5.51885
-5.51982
-5.51918
-5.51982
-5.52241
-5.52047
-5.52273
-5.52273
-5.52274
-5.52371
-5.525
-5.52597
-5.52694
-5.5263
-5.52856
-5.52856
-5.52792
-5.52791
-5.52824
-5.52532
-5.52273
-5.52468
-5.525
-5.52532
-5.52629
-5.52596
-5.5237
-5.52273
-5.52337
-5.52208
-5.52241
-5.52273
-5.52435
-5.525
-5.52435
-5.52532
-5.52435
-5.52532
-5.52273
-5.52305
-5.52176
-5.52273
-5.5237
-5.52338
-5.52338
-5.52208
-5.5224
-5.52434
-5.52499
-5.52661
-5.52759
-5.52662
-5.52597
-5.525
-5.52597
-5.52824
-5.52727
-5.52597
-5.52532
-5.5237
-5.52434
-5.52434
-5.52272
-5.5224
-5.52272
-5.5224
-5.52273
-5.52143
-5.52143
-5.52046
-5.51981
-5.52014
-5.52208
-5.52369
-5.52337
-5.52337
-5.5224
-5.52337
-5.52305
-5.5224
-5.52434
-5.52467
-5.52467
-5.5237
-5.52208
-5.5224
-5.52175
-5.52207
-5.52078
-5.52272
-5.52304
-5.52434
-5.52401
-5.52466
-5.52499
-5.52337
-5.52401
-5.52401
-5.52595
-5.52628
-5.52563
-5.52531
-5.52305
-5.5224
-5.52305
-5.52596
-5.52531
-5.52434
-5.52564
-5.52402
-5.52564
-5.52564
-5.52434
-5.52208
-5.52272
-5.5224
-5.52272
-5.52304
-5.52499
-5.52466
-5.52499
-5.52272
-5.52272
-5.52305
-5.52175
-5.5224
-5.52337
-5.52272
-5.52239
-5.52337
-5.52142
-5.52175
-5.52207
-5.52499
-5.52531
-5.52434
-5.52564
-5.52273
-5.52208
-5.5237
-5.52434
-5.5224
-5.52175
-5.52304
-5.52142
-5.51883
-5.52174
-5.52207
-5.52369
-5.52175
-5.52337
-5.52208
-5.52078
-5.52143
-5.51981
-5.52078
-5.5224
-5.52434
-5.52563
-5.52369
-5.52175
-5.5211
-5.52045
-5.52013
-5.52207
-5.52499
-5.52402
-5.52337
-5.52305
-5.52207
-5.52078
-5.5211
-5.52207
-5.52401
-5.52498
-5.52433
-5.52465
-5.52498
-5.52433
-5.52595
-5.5266
-5.52822
-5.52725
-5.52725
-5.52693
-5.52757
-5.5266
-5.52563
-5.52757
-5.5266
-5.5279
-5.52757
-5.52693
-5.52628
-5.52498
-5.52499
-5.52045
-5.52175
-5.5211
-5.52142
-5.52142
-5.52077
-5.52109
-5.52174
-5.52012
-5.52044
-5.52303
-5.52304
-5.52239
-5.52336
-5.52207
-5.52369
-5.52142
-5.52143
-5.52207
-5.52207
-5.52336
-5.52466
-5.5279
-5.52725
-5.52693
-5.52434
-5.52369
-5.52078
-5.52272
-5.52401
-5.52531
-5.52725
-5.52628
-5.52661
-5.52758
-5.52564
-5.52273
-5.5237
-5.52338
-5.52208
-5.5237
-5.52499
-5.52499
-5.52499
-5.52272
-5.52499
-5.52434
-5.52402
-5.52306
-5.52565
-5.52403
-5.52306
-5.52306
-5.52273
-5.5224
-5.52143
-5.5224
-5.52078
-5.52175
-5.52013
-5.52143
-5.52176
-5.52078
-5.52208
-5.52337
-5.52467
-5.52628
-5.52531
-5.52434
-5.52272
-5.52207
-5.52239
-5.52175
-5.5211
-5.5211
-5.52175
-5.52207
-5.52175
-5.52337
-5.52466
-5.52466
-5.52368
-5.52433
-5.52401
-5.52206
-5.52109
-5.52044
-5.52142
-5.52239
-5.52304
-5.52401
-5.52401
-5.52272
-5.52369
-5.52563
-5.52434
-5.52466
-5.52434
-5.52531
-5.52531
-5.52466
-5.5253
-5.52368
-5.52433
-5.52466
-5.52401
-5.52142
-5.5198
-5.51915
-5.51818
-5.51883
-5.52045
-5.52175
-5.52142
-5.5211
-5.52012
-5.51753
-5.51623
-5.51688
-5.51688
-5.52142
-5.52336
-5.52304
-5.52272
-5.52175
-5.52142
-5.52142
-5.52207
-5.52175
-5.52272
-5.52272
-5.52369
-5.52531
-5.52596
-5.52596
-5.52401
-5.52563
-5.52596
-5.5279
-5.52596
-5.52726
-5.52952
-5.52855
-5.52823
-5.52791
-5.52758
-5.52791
-5.52693
-5.52466
-5.52272
-5.52207
-5.52207
-5.52272
-5.52434
-5.52305
-5.52466
-5.52272
-5.52272
-5.52402
-5.52499
-5.52401
-5.52531
-5.52369
-5.5237
-5.52273
-5.52176
-5.52111
-5.52143
-5.52207
-5.52272
-5.52239
-5.52369
-5.52207
-5.52077
-5.52174
-5.52207
-5.52142
-5.52466
-5.52725
-5.5279
-5.52693
-5.5266
-5.52693
-5.52595
-5.52336
-5.52401
-5.52304
-5.52466
-5.52369
-5.52304
-5.52207
-5.52304
-5.52207
-5.52207
-5.52272
-5.52401
-5.52369
-5.52466
-5.52142
-5.52045
-5.52012
-5.5211
-5.52207
-5.52531
-5.52629
-5.52758
-5.53115
-5.53244
-5.53309
-5.52985
-5.52952
-5.52628
-5.52596
-5.52499
-5.52693
-5.52564
-5.52564
-5.52434
-5.52402
-5.52693
-5.52693
-5.52563
-5.52207
-5.52207
-5.52078
-5.52369
-5.52337
-5.52305
-5.52046
-5.5211
-5.52143
-5.52207
-5.52207
-5.52142
-5.52272
-5.52142
-5.52013
-5.52045
-5.52369
-5.52272
-5.52337
-5.52499
-5.52564
-5.52467
-5.52467
-5.52434
-5.52402
-5.52596
-5.52563
-5.52369
-5.52143
-5.52078
-5.52045
-5.52175
-5.52175
-5.52369
-5.52531
-5.52207
-5.52077
-5.52239
-5.52142
-5.52045
-5.52013
-5.5198
-5.52045
-5.52045
-5.5198
-5.51948
-5.51851
-5.51851
-5.51981
-5.52013
-5.52013
-5.5211
-5.52304
-5.52336
-5.52207
-5.52369
-5.52369
-5.52175
-5.51949
-5.51884
-5.51787
-5.52013
-5.5211
-5.52369
-5.52305
-5.52304
-5.52304
-5.52337
-5.52239
-5.52013
-5.52207
-5.5224
-5.52046
-5.5211
-5.52046
-5.52175
-5.5224
-5.52078
-5.51981
-5.51786
-5.51851
-5.51884
-5.51948
-5.52013
-5.51916
-5.52078
-5.52013
-5.51981
-5.51981
-5.51981
-5.51948
-5.52143
-5.52207
-5.52078
-5.52143
-5.52305
-5.52305
-5.52273
-5.52402
-5.525
-5.52305
-5.52273
-5.5237
-5.52402
-5.52305
-5.52273
-5.52176
-5.52176
-5.52305
-5.52241
-5.52176
-5.52143
-5.52143
-5.52046
-5.52014
-5.51949
-5.52176
-5.52273
-5.52176
-5.52338
-5.52273
-5.52403
-5.52403
-5.525
-5.52597
-5.52533
-5.52468
-5.525
-5.525
-5.52629
-5.52726
-5.52596
-5.52629
-5.52499
-5.52402
-5.52467
-5.52468
-5.52209
-5.52047
-5.5195
-5.51885
-5.52047
-5.51852
-5.51852
-5.51787
-5.51852
-5.52111
-5.52241
-5.52273
-5.52435
-5.52467
-5.525
-5.525
-5.52694
-5.52694
-5.525
-5.52371
-5.52274
-5.52209
-5.52112
-5.52274
-5.52209
-5.52273
-5.52338
-5.52143
-5.52175
-5.52046
-5.52111
-5.52014
-5.52143
-5.52208
-5.52306
-5.52273
-5.52208
-5.52143
-5.51981
-5.51949
-5.52014
-5.52079
-5.52208
-5.52014
-5.52046
-5.52208
-5.5224
-5.5211
-5.5211
-5.5211
-5.52013
-5.52078
-5.52014
-5.52046
-5.52079
-5.5224
-5.52337
-5.52402
-5.52531
-5.52725
-5.52693
-5.52337
-5.52596
-5.52467
-5.52467
-5.52467
-5.52467
-5.52468
-5.52435
-5.52564
-5.52596
-5.52629
-5.52402
-5.52499
-5.52499
-5.52629
-5.52694
-5.52694
-5.52338
-5.52014
-5.52014
-5.52046
-5.52078
-5.52111
-5.52208
-5.52272
-5.5237
-5.52369
-5.52272
-5.52402
-5.52564
-5.52855
-5.5292
-5.52855
-5.5292
-5.5279
-5.52499
-5.52499
-5.52207
-5.52175
-5.52434
-5.52563
-5.52531
-5.52531
-5.52563
-5.52434
-5.52239
-5.52207
-5.51948
-5.51819
-5.5211
-5.52045
-5.52045
-5.52078
-5.52077
-5.52013
-5.51883
-5.51915
-5.51915
-5.52109
-5.51786
-5.51753
-5.51753
-5.51915
-5.5185
-5.51883
-5.51915
-5.51883
-5.51786
-5.51753
-5.51527
-5.51753
-5.51786
-5.51689
-5.51818
-5.51948
-5.51916
-5.5211
-5.5211
-5.51981
-5.51948
-5.52078
-5.52046
-5.52046
-5.52175
-5.52272
-5.52143
-5.52046
-5.5224
-5.52401
-5.52272
-5.52304
-5.5224
-5.52175
-5.52402
-5.52499
-5.52337
-5.52369
-5.52434
-5.52434
-5.52466
-5.52304
-5.5211
-5.52013
-5.51948
-5.52077
-5.52336
-5.52304
-5.52369
-5.52142
-5.52013
-5.5211
-5.52304
-5.52337
-5.52337
-5.52304
-5.52434
-5.52563
-5.52725
-5.52758
-5.52855
-5.52855
-5.52855
-5.52758
-5.52823
-5.52725
-5.52596
-5.5266
-5.52757
-5.52498
-5.52271
-5.52303
-5.52239
-5.52304
-5.52466
-5.52401
-5.52304
-5.52175
-5.52175
-5.51948
-5.51916
-5.51916
-5.51656
-5.51883
-5.51883
-5.52012
-5.5198
-5.51915
-5.51915
-5.51915
-5.51915
-5.51948
-5.51818
-5.51754
-5.51883
-5.52207
-5.52337
-5.52142
-5.52239
-5.52239
-5.52174
-5.5211
-5.5211
-5.5224
-5.52402
-5.52434
-5.52402
-5.52337
-5.52402
-5.52208
-5.5224
-5.52175
-5.52142
-5.5211
-5.52077
-5.52077
-5.52077
-5.51948
-5.51948
-5.51915
-5.51883
-5.52045
-5.52077
-5.5211
-5.51916
-5.52175
-5.5211
-5.52272
-5.52239
-5.52466
-5.52434
-5.52596
-5.52628
-5.52434
-5.52337
-5.52239
-5.52304
-5.52304
-5.52239
-5.52239
-5.52369
-5.52337
-5.52143
-5.5211
-5.5211
-5.52272
-5.52401
-5.52239
-5.52433
-5.52336
-5.52271
-5.52271
-5.52142
-5.52239
-5.52434
-5.52175
-5.5224
-5.52305
-5.52046
-5.52078
-5.52078
-5.52369
-5.52563
-5.52498
-5.52466
-5.52337
-5.52434
-5.52336
-5.52368
-5.52336
-5.52368
-5.52272
-5.52304
-5.52272
-5.52208
-5.52305
-5.52305
-5.52402
-5.52564
-5.52531
-5.52499
-5.52369
-5.52369
-5.52304
-5.52013
-5.52045
-5.52013
-5.52175
-5.52013
-5.52175
-5.52401
-5.52337
-5.52143
-5.52175
-5.52208
-5.52078
-5.52013
-5.52143
-5.52369
-5.52304
-5.52207
-5.52466
-5.52596
-5.52467
-5.52499
-5.52531
-5.52532
-5.52402
-5.5237
-5.5237
-5.52273
-5.52241
-5.52143
-5.52111
-5.52402
-5.52402
-5.52467
-5.52337
-5.52499
-5.52305
-5.52241
-5.52241
-5.52273
-5.52144
-5.52144
-5.52079
-5.52208
-5.52241
-5.52209
-5.52111
-5.52208
-5.52403
-5.525
-5.52467
-5.5237
-5.52273
-5.52273
-5.5224
-5.52305
-5.52208
-5.52273
-5.52144
-5.52046
-5.52144
-5.52014
-5.5195
-5.51917
-5.52079
-5.52111
-5.52176
-5.52143
-5.52273
-5.5224
-5.51981
-5.52046
-5.51787
-5.52014
-5.52176
-5.52111
-5.51949
-5.52208
-5.5224
-5.52175
-5.52337
-5.52305
-5.52435
-5.52402
-5.52467
-5.52467
-5.5224
-5.52175
-5.52078
-5.52175
-5.52175
-5.5211
-5.52272
-5.52175
-5.52337
-5.52207
-5.52272
-5.52078
-5.51916
-5.52046
-5.5224
-5.52305
-5.52305
-5.52337
-5.52434
-5.52596
-5.52596
-5.52563
-5.52337
-5.52207
-5.52207
-5.52013
-5.51948
-5.52045
-5.51916
-5.51754
-5.51916
-5.51851
-5.51916
-5.51884
-5.51851
-5.51948
-5.5211
-5.5224
-5.52175
-5.52142
-5.5211
-5.51915
-5.5198
-5.51851
-5.51981
-5.52369
-5.52564
-5.52499
-5.52629
-5.52434
-5.52207
-5.52207
-5.52369
-5.52369
-5.52369
-5.52368
-5.52466
-5.52401
-5.52207
-5.52239
-5.52369
-5.52337
-5.52304
-5.52499
-5.52434
-5.52305
-5.52272
-5.52531
-5.52498
-5.52434
-5.52628
-5.52596
-5.52596
-5.52499
-5.52595
-5.52401
-5.52369
-5.52336
-5.52434
-5.52304
-5.52466
-5.52337
-5.52272
-5.52402
-5.52272
-5.5211
-5.52531
-5.52337
-5.52336
-5.52434
-5.52336
-5.52239
-5.52336
-5.52369
-5.52466
-5.52434
-5.52499
-5.52434
-5.52337
-5.52272
-5.5211
-5.52336
-5.52304
-5.52336
-5.52369
-5.52336
-5.52239
-5.52175
-5.5198
-5.51883
-5.51754
-5.51625
-5.51786
-5.5211
-5.5211
-5.52207
-5.52272
-5.52272
-5.52175
-5.5211
-5.52142
-5.52142
-5.5198
-5.51883
-5.52012
-5.52142
-5.52045
-5.52045
-5.52013
-5.5211
-5.52078
-5.5211
-5.52078
-5.52077
-5.52013
-5.52013
-5.52013
-5.52013
-5.52304
-5.52272
-5.52077
-5.5198
-5.51882
-5.51882
-5.51979
-5.51915
-5.51882
-5.51785
-5.52174
-5.52337
-5.52402
-5.52531
-5.52532
-5.52338
-5.52435
-5.52402
-5.52304
-5.52239
-5.52207
-5.52109
-5.52077
-5.51882
-5.52044
-5.52077
-5.52174
-5.52304
-5.52304
-5.52531
-5.52758
-5.52758
-5.52466
-5.52628
-5.52337
-5.52175
-5.52239
-5.52142
-5.52142
-5.52077
-5.52271
-5.52465
-5.524
-5.52238
-5.52368
-5.52239
-5.52206
-5.52271
-5.52433
-5.52401
-5.52401
-5.52498
-5.52401
-5.52499
-5.52434
-5.52434
-5.52434
-5.52271
-5.52401
-5.52271
-5.52336
-5.52336
-5.52498
-5.52693
-5.5279
-5.5266
-5.5266
-5.5266
-5.5253
-5.52498
-5.52368
-5.52466
-5.52465
-5.52466
-5.52563
-5.52628
-5.52693
-5.5266
-5.52369
-5.52271
-5.52336
-5.52271
-5.52012
-5.51883
-5.51851
-5.51721
-5.51786
-5.52045
-5.52142
-5.52207
-5.52175
-5.52013
-5.52078
-5.52046
-5.52111
-5.51884
-5.51948
-5.52045
-5.52142
-5.51948
-5.51916
-5.52175
-5.52142
-5.52239
-5.52498
-5.52596
-5.52693
-5.52531
-5.5224
-5.52434
-5.52272
-5.52078
-5.52142
-5.52304
-5.52239
-5.52239
-5.52466
-5.52466
-5.52466
-5.52466
-5.52434
-5.52336
-5.52239
-5.52304
-5.52595
-5.52821
-5.52659
-5.5253
-5.52659
-5.52692
-5.52595
-5.52628
-5.52466
-5.52401
-5.52401
-5.52369
-5.52531
-5.52337
-5.52531
-5.52142
-5.52174
-5.52045
-5.5211
-5.52271
-5.52207
-5.52012
-5.51948
-5.52012
-5.51915
-5.5198
-5.5211
-5.52272
-5.52143
-5.52046
-5.52207
-5.52175
-5.52272
-5.52142
-5.52239
-5.52207
-5.52271
-5.52336
-5.52466
-5.52239
-5.52401
-5.52013
-5.51883
-5.52078
-5.52078
-5.5211
-5.52175
-5.52272
-5.52434
-5.52596
-5.52499
-5.52466
-5.52272
-5.52401
-5.52369
-5.52272
-5.52142
-5.52271
-5.52401
-5.52498
-5.52498
-5.52369
-5.52337
-5.52207
-5.52078
-5.51916
-5.52304
-5.52142
-5.52239
-5.52142
-5.52045
-5.52174
-5.52207
-5.52272
-5.52369
-5.52434
-5.52337
-5.5224
-5.51981
-5.52401
-5.52369
-5.52337
-5.52046
-5.5211
-5.52078
-5.52337
-5.52402
-5.52304
-5.52369
-5.52466
-5.52401
-5.52175
-5.5211
-5.52174
-5.5198
-5.51786
-5.52142
-5.5211
-5.52175
-5.51948
-5.51883
-5.51883
-5.51947
-5.52141
-5.51979
-5.52238
-5.52206
-5.52303
-5.52206
-5.52141
-5.52109
-5.52207
-5.52012
-5.52045
-5.52109
-5.52206
-5.52303
-5.52498
-5.5253
-5.5253
-5.52465
-5.52465
-5.52304
-5.52271
-5.52336
-5.52335
-5.52141
-5.5227
-5.52335
-5.52433
-5.52465
-5.52465
-5.52368
-5.52141
-5.52174
-5.52141
-5.52174
-5.52174
-5.52239
-5.52044
-5.52077
-5.52044
-5.52077
-5.52109
-5.52044
-5.52044
-5.52141
-5.52336
-5.52303
-5.52077
-5.5198
-5.52045
-5.52174
-5.52207
-5.52336
-5.52466
-5.52401
-5.52304
-5.52174
-5.52142
-5.52077
-5.52012
-5.52045
-5.52271
-5.52109
-5.52175
-5.52272
-5.5211
-5.52337
-5.52402
-5.52434
-5.52434
-5.52531
-5.52563
-5.5253
-5.52498
-5.52498
-5.52562
-5.524
-5.52433
-5.52595
-5.52465
-5.52401
-5.52562
-5.52595
-5.5253
-5.52401
-5.52563
-5.52692
-5.52692
-5.52886
-5.5279
-5.52725
-5.52725
-5.52757
-5.52563
-5.52563
-5.52401
-5.52498
-5.52498
-5.52401
-5.52207
-5.51948
-5.52109
-5.52174
-5.52012
-5.52141
-5.52206
-5.52401
-5.52563
-5.52369
-5.52434
-5.52563
-5.52466
-5.52628
-5.52563
-5.52433
-5.52563
-5.5253
-5.52368
-5.52401
-5.52239
-5.52433
-5.52562
-5.52465
-5.52173
-5.52141
-5.51947
-5.52173
-5.52076
-5.52303
-5.52497
-5.52497
-5.52432
-5.524
-5.52465
-5.5253
-5.5253
-5.52724
-5.52627
-5.52562
-5.524
-5.524
-5.52594
-5.52789
-5.52788
-5.52562
-5.52529
-5.52561
-5.52496
-5.52367
-5.52496
-5.52367
-5.524
-5.52465
-5.52368
-5.52432
-5.52497
-5.52303
-5.52335
-5.52464
-5.52464
-5.52173
-5.52367
-5.52432
-5.52432
-5.52432
-5.52529
-5.524
-5.52303
-5.52044
-5.52043
-5.52043
-5.52302
-5.52529
-5.52335
-5.52303
-5.52044
-5.52076
-5.51915
-5.52109
-5.52109
-5.52044
-5.52012
-5.52141
-5.52141
-5.51978
-5.5214
-5.52302
-5.5214
-5.52108
-5.52432
-5.52432
-5.52335
-5.524
-5.52465
-5.52562
-5.52303
-5.52206
-5.52303
-5.52465
-5.52497
-5.52335
-5.52335
-5.5253
-5.52562
-5.52465
-5.52562
-5.52691
-5.52498
-5.5253
-5.5253
-5.52563
-5.52465
-5.52401
-5.52368
-5.52368
-5.52433
-5.52271
-5.52271
-5.52368
-5.52336
-5.52271
-5.52304
-5.52433
-5.52465
-5.52498
-5.52465
-5.52498
-5.52239
-5.52206
-5.52239
-5.52206
-5.52368
-5.52433
-5.52434
-5.52531
-5.52531
-5.52401
-5.52369
-5.52369
-5.52498
-5.52562
-5.524
-5.524
-5.52271
-5.52174
-5.52335
-5.52465
-5.5253
-5.5253
-5.52563
-5.52498
-5.52758
-5.5266
-5.52595
-5.52369
-5.52498
-5.52465
-5.52465
-5.524
-5.5227
-5.52335
-5.52335
-5.52141
-5.52303
-5.52432
-5.52433
-5.52206
-5.52076
-5.52238
-5.52141
-5.52044
-5.52238
-5.52238
-5.52141
-5.52335
-5.52173
-5.52109
-5.52173
-5.52271
-5.52303
-5.524
-5.52238
-5.52206
-5.52011
-5.52367
-5.524
-5.5214
-5.52205
-5.52367
-5.52497
-5.52465
-5.52335
-5.52141
-5.52239
-5.52142
-5.52206
-5.52239
-5.52206
-5.524
-5.52303
-5.52044
-5.52043
-5.51979
-5.51946
-5.51817
-5.51979
-5.52012
-5.52044
-5.52271
-5.52303
-5.52109
-5.52206
-5.52045
-5.52077
-5.52206
-5.52433
-5.52303
-5.52141
-5.52303
-5.5227
-5.52238
-5.52368
-5.52368
-5.52303
-5.52206
-5.52109
-5.52336
-5.52206
-5.52368
-5.52271
-5.52401
-5.52498
-5.52562
-5.52595
-5.52756
-5.52821
-5.52659
-5.52756
-5.52691
-5.52626
-5.524
-5.524
-5.52368
-5.52368
-5.52206
-5.52303
-5.52303
-5.52335
-5.52335
-5.52238
-5.52238
-5.52141
-5.51882
-5.52174
-5.52012
-5.52012
-5.52109
-5.52206
-5.52207
-5.52142
-5.5211
-5.52304
-5.52142
-5.52174
-5.52044
-5.51947
-5.51979
-5.52141
-5.52401
-5.52563
-5.52563
-5.52498
-5.52563
-5.52433
-5.52271
-5.52174
-5.52174
-5.52401
-5.52465
-5.52595
-5.52303
-5.524
-5.52498
-5.52368
-5.5253
-5.52628
-5.52627
-5.52692
-5.52692
-5.524
-5.52335
-5.52497
-5.52595
-5.52497
-5.5253
-5.52368
-5.5227
-5.52432
-5.52303
-5.52271
-5.524
-5.52303
-5.52336
-5.52465
-5.52303
-5.52433
-5.52498
-5.5253
-5.52466
-5.52465
-5.5253
-5.52498
-5.52465
-5.524
-5.52206
-5.52368
-5.52174
-5.52109
-5.52141
-5.51979
-5.51849
-5.51882
-5.5185
-5.52173
-5.52206
-5.52044
-5.52141
-5.52238
-5.52271
-5.52401
-5.52368
-5.52174
-5.52271
-5.52433
-5.5253
-5.5253
-5.52594
-5.52368
-5.52368
-5.52594
-5.52432
-5.52561
-5.52464
-5.52561
-5.52626
-5.52562
-5.524
-5.52562
-5.52562
-5.5253
-5.52465
-5.52465
-5.52724
-5.5253
-5.52724
-5.52659
-5.52432
-5.5227
-5.5227
-5.52141
-5.52043
-5.52011
-5.52043
-5.52269
-5.52367
-5.5214
-5.51946
-5.52076
-5.52173
-5.52238
-5.52335
-5.52367
-5.52367
-5.52302
-5.52528
-5.52723
-5.52723
-5.52788
-5.52724
-5.52724
-5.52821
-5.52788
-5.52821
-5.52788
-5.52626
-5.52658
-5.52464
-5.52626
-5.5269
-5.52496
-5.52496
-5.52431
-5.52334
-5.52335
-5.5227
-5.52335
-5.52367
-5.52399
-5.52205
-5.52334
-5.52593
-5.52788
-5.52432
-5.52497
-5.524
-5.52238
-5.52205
-5.52075
-5.52043
-5.52269
-5.52399
-5.52431
-5.52237
-5.52172
-5.52334
-5.52269
-5.52172
-5.52463
-5.52561
-5.52334
-5.52367
-5.52464
-5.52335
-5.52367
-5.52594
-5.52464
-5.52658
-5.52529
-5.52561
-5.52431
-5.52205
-5.52043
-5.51978
-5.51881
-5.51849
-5.51914
-5.52043
-5.51946
-5.52075
-5.52302
-5.52302
-5.5214
-5.52108
-5.52173
-5.52011
-5.52108
-5.52108
-5.5214
-5.52043
-5.52172
-5.52107
-5.52236
-5.52366
-5.52301
-5.52333
-5.52528
-5.52495
-5.52593
-5.5269
-5.52399
-5.52529
-5.52399
-5.52399
-5.52366
-5.52269
-5.52366
-5.52787
-5.52625
-5.52269
-5.5214
-5.51978
-5.52043
-5.51881
-5.51913
-5.52042
-5.52171
-5.52074
-5.52171
-5.51945
-5.5188
-5.5188
-5.51751
-5.52043
-5.52108
-5.52237
-5.52108
-5.52043
-5.5214
-5.52302
-5.52172
-5.52043
-5.51978
-5.52204
-5.52269
-5.52398
-5.52625
-5.52625
-5.52528
-5.52464
-5.5214
-5.52173
-5.52399
-5.52496
-5.52431
-5.52334
-5.52431
-5.52528
-5.52529
-5.52593
-5.52787
-5.52787
-5.52625
-5.52398
-5.52463
-5.52625
-5.52658
-5.52658
-5.5282
-5.52659
-5.52691
-5.52691
-5.52723
-5.52561
-5.52561
-5.52626
-5.52496
-5.52496
-5.52269
-5.52366
-5.52237
-5.52334
-5.52173
-5.52205
-5.52399
-5.52464
-5.52303
-5.52335
-5.52367
-5.52626
-5.52658
-5.52723
-5.5269
-5.52658
-5.52431
-5.52367
-5.5214
-5.52237
-5.52334
-5.52237
-5.52269
-5.52172
-5.52075
-5.52172
-5.5214
-5.52303
-5.52302
-5.52205
-5.52302
-5.5227
-5.52205
-5.52108
-5.5214
-5.52108
-5.52237
-5.52237
-5.52172
-5.52431
-5.52367
-5.52399
-5.52367
-5.52335
-5.52367
-5.52335
-5.52335
-5.52529
-5.52432
-5.52561
-5.52529
-5.52399
-5.52787
-5.52852
-5.52982
-5.53079
-5.5282
-5.5295
-5.52723
-5.52205
-5.52238
-5.52044
-5.52173
-5.52108
-5.52043
-5.52075
-5.52075
-5.5214
-5.52075
-5.5201
-5.52237
-5.52204
-5.52237
-5.52269
-5.52334
-5.52593
-5.52334
-5.52237
-5.52301
-5.52237
-5.52205
-5.5214
-5.52335
-5.52399
-5.52335
-5.52399
-5.52334
-5.52432
-5.52302
-5.52335
-5.52205
-5.5227
-5.52172
-5.52075
-5.5214
-5.52269
-5.52237
-5.52302
-5.52334
-5.52302
-5.52335
-5.52367
-5.52367
-5.52464
-5.5214
-5.52173
-5.5227
-5.52432
-5.52432
-5.52432
-5.52497
-5.52561
-5.52399
-5.52497
-5.52464
-5.52432
-5.52496
-5.52334
-5.52399
-5.52334
-5.52431
-5.52399
-5.5214
-5.5227
-5.52237
-5.52205
-5.5227
-5.52367
-5.52496
-5.52367
-5.52529
-5.52594
-5.52303
-5.52464
-5.52529
-5.52431
-5.52561
-5.52625
-5.52657
-5.52496
-5.52334
-5.5214
-5.52205
-5.52464
-5.52367
-5.52238
-5.524
-5.52497
-5.52626
-5.52561
-5.52658
-5.52626
-5.52917
-5.52852
-5.52399
-5.52334
-5.52334
-5.52237
-5.52367
-5.52464
-5.52529
-5.52723
-5.52496
-5.52723
-5.52625
-5.52593
-5.52593
-5.52528
-5.52237
-5.52205
-5.52237
-5.5227
-5.52562
-5.52464
-5.52626
-5.52464
-5.52464
-5.52528
-5.52528
-5.52431
-5.52366
-5.52301
-5.52301
-5.5243
-5.52495
-5.52463
-5.52399
-5.5256
-5.52657
-5.5256
-5.52593
-5.52463
-5.52398
-5.52366
-5.52236
-5.52269
-5.52366
-5.52593
-5.5269
-5.5256
-5.52658
-5.52528
-5.52334
-5.52269
-5.52236
-5.52236
-5.52139
-5.51783
-5.51913
-5.5188
-5.52107
-5.52269
-5.52657
-5.5243
-5.52203
-5.52203
-5.52333
-5.52106
-5.52074
-5.52138
-5.523
-5.52398
-5.52527
-5.52657
-5.52592
-5.52689
-5.5256
-5.52463
-5.52139
-5.52138
-5.51976
-5.51879
-5.52009
-5.52138
-5.52333
-5.52301
-5.5243
-5.52495
-5.52592
-5.52592
-5.52657
-5.52624
-5.52689
-5.52689
-5.52592
-5.52592
-5.52398
-5.52333
-5.52236
-5.52268
-5.52236
-5.52139
-5.52075
-5.52237
-5.52204
-5.52107
-5.52042
-5.52203
-5.52462
-5.52462
-5.52397
-5.52527
-5.52527
-5.52722
-5.52722
-5.52722
-5.5256
-5.52528
-5.52625
-5.52625
-5.52528
-5.52754
-5.52787
-5.52754
-5.52722
-5.52851
-5.52592
-5.52462
-5.52495
-5.5243
-5.52269
-5.52398
-5.52333
-5.52366
-5.52398
-5.5243
-5.52463
-5.52527
-5.5256
-5.5243
-5.52301
-5.52236
-5.52268
-5.52236
-5.52333
-5.52398
-5.52463
-5.52657
-5.5243
-5.52333
-5.52397
-5.523
-5.523
-5.52365
-5.52365
-5.52462
-5.5243
-5.52333
-5.52171
-5.52301
-5.52333
-5.52139
-5.52106
-5.52009
-5.52009
-5.52041
-5.51943
-5.51717
-5.51846
-5.52008
-5.51976
-5.52073
-5.51911
-5.51846
-5.51685
-5.51846
-5.51976
-5.51943
-5.52299
-5.5217
-5.52332
-5.52397
-5.52364
-5.52267
-5.52461
-5.52461
-5.52365
-5.52332
-5.52203
-5.5217
-5.5217
-5.52008
-5.52202
-5.52332
-5.52267
-5.52235
-5.52105
-5.52105
-5.52138
-5.52138
-5.52365
-5.52268
-5.52397
-5.523
-5.523
-5.523
-5.52299
-5.52008
-5.5217
-5.52202
-5.52138
-5.5217
-5.523
-5.52656
-5.52559
-5.52624
-5.52624
-5.52495
-5.52301
-5.5243
-5.52592
-5.52559
-5.52559
-5.5243
-5.52527
-5.52624
-5.52495
-5.52333
-5.52333
-5.5243
-5.52366
-5.52171
-5.52171
-5.51879
-5.51911
-5.52106
-5.51879
-5.51911
-5.52106
-5.52235
-5.52235
-5.523
-5.52203
-5.52397
-5.52333
-5.523
-5.52332
-5.52526
-5.52365
-5.52332
-5.52397
-5.52429
-5.5243
-5.52397
-5.52203
-5.52204
-5.52171
-5.52268
-5.52236
-5.52074
-5.52009
-5.52009
-5.52268
-5.52236
-5.52203
-5.52171
-5.52073
-5.52009
-5.51912
-5.51912
-5.51977
-5.51977
-5.52107
-5.52074
-5.52301
-5.52235
-5.52073
-5.52106
-5.51911
-5.52041
-5.523
-5.5217
-5.52203
-5.52235
-5.52365
-5.52527
-5.52526
-5.52397
-5.52429
-5.52429
-5.52331
-5.52234
-5.5217
-5.52234
-5.52202
-5.52429
-5.52364
-5.52332
-5.52235
-5.52202
-5.52364
-5.52202
-5.52234
-5.52267
-5.52429
-5.52235
-5.52364
-5.52364
-5.52429
-5.52299
-5.52234
-5.52364
-5.52526
-5.5259
-5.52558
-5.52591
-5.52429
-5.52623
-5.52655
-5.52623
-5.52428
-5.52234
-5.52234
-5.52331
-5.52492
-5.5246
-5.52493
-5.52331
-5.52202
-5.52331
-5.52299
-5.52364
-5.52622
-5.52655
-5.5259
-5.52493
-5.52493
-5.52428
-5.52493
-5.52461
-5.52817
-5.52914
-5.52849
-5.52784
-5.52493
-5.52623
-5.52558
-5.52525
-5.52266
-5.52266
-5.52396
-5.52429
-5.52429
-5.52364
-5.52396
-5.52428
-5.52363
-5.52363
-5.52396
-5.5246
-5.52331
-5.5246
-5.52428
-5.52428
-5.52493
-5.52364
-5.52429
-5.52461
-5.52364
-5.52104
-5.52104
-5.52072
-5.52201
-5.52266
-5.52363
-5.52331
-5.52428
-5.52364
-5.5217
-5.52332
-5.52461
-5.52396
-5.52364
-5.52461
-5.52526
-5.52526
-5.52623
-5.52655
-5.52526
-5.52558
-5.52169
-5.52072
-5.51943
-5.5191
-5.51942
-5.5204
-5.52234
-5.52169
-5.52234
-5.52267
-5.52429
-5.52461
-5.52331
-5.5259
-5.5272
-5.52655
-5.52558
-5.52461
-5.52494
-5.52655
-5.52526
-5.52428
-5.52428
-5.52558
-5.52364
-5.52331
-5.52461
-5.5259
-5.52526
-5.52526
-5.52526
-5.52364
-5.52364
-5.52299
-5.52364
-5.52591
-5.52396
-5.52461
-5.52655
-5.52817
-5.52784
-5.52655
-5.52461
-5.52267
-5.52169
-5.52137
-5.52137
-5.51813
-5.52136
-5.52298
-5.52363
-5.52396
-5.52298
-5.52201
-5.52104
-5.52234
-5.52137
-5.52072
-5.52202
-5.52299
-5.52234
-5.52266
-5.52363
-5.5246
-5.52266
-5.52136
-5.52103
-5.51844
-5.51812
-5.52006
-5.52007
-5.52169
-5.52072
-5.52201
-5.52169
-5.52234
-5.52007
-5.52007
-5.52363
-5.52395
-5.52362
-5.52395
-5.52427
-5.52557
-5.52751
-5.52978
-5.52978
-5.52945
-5.52686
-5.52719
-5.52589
-5.52654
-5.52654
-5.5259
-5.52589
-5.52525
-5.52784
-5.52784
-5.52848
-5.52751
-5.52751
-5.52589
-5.52524
-5.52265
-5.52232
-5.522
-5.52168
-5.52266
-5.52331
-5.52266
-5.52266
-5.52428
-5.52395
-5.52427
-5.52524
-5.52556
-5.52362
-5.52136
-5.52103
-5.52103
-5.522
-5.52103
-5.5233
-5.52298
-5.52265
-5.52201
-5.52363
-5.52104
-5.52103
-5.52071
-5.522
-5.52103
-5.52103
-5.52071
-5.52103
-5.52039
-5.51942
-5.52072
-5.52104
-5.52039
-5.52395
-5.52363
-5.52362
-5.52395
-5.52362
-5.52297
-5.52362
-5.52136
-5.52104
-5.52266
-5.52395
-5.52493
-5.52622
-5.52622
-5.52428
-5.52266
-5.52169
-5.52072
-5.52169
-5.52072
-5.52266
-5.52589
-5.52686
-5.52622
-5.52719
-5.52849
-5.52914
-5.52817
-5.5272
-5.52752
-5.5272
-5.52558
-5.52526
-5.52332
-5.52234
-5.52396
-5.52558
-5.52622
-5.52525
-5.52298
-5.52104
-5.52201
-5.52072
-5.5191
-5.52008
-5.5217
-5.5217
-5.52299
-5.52364
-5.52526
-5.52364
-5.52202
-5.52105
-5.51943
-5.51943
-5.52008
-5.5204
-5.5204
-5.52137
-5.52299
-5.52267
-5.52202
-5.52137
-5.52105
-5.52137
-5.52235
-5.52364
-5.52591
-5.52624
-5.52786
-5.53013
-5.52916
-5.52819
-5.52689
-5.5256
-5.52527
-5.52592
-5.52527
-5.52559
-5.52591
-5.52527
-5.52591
-5.52494
-5.52333
-5.5243
-5.52398
-5.52365
-5.52106
-5.52171
-5.52268
-5.52203
-5.52365
-5.52268
-5.52203
-5.52365
-5.52333
-5.52268
-5.52365
-5.52398
-5.52462
-5.52462
-5.52462
-5.52462
-5.52268
-5.51944
-5.52074
-5.52106
-5.52171
-5.5217
-5.52203
-5.52202
-5.52332
-5.52429
-5.52656
-5.52591
-5.52462
-5.52203
-5.52106
-5.51912
-5.51911
-5.52106
-5.51976
-5.51944
-5.52138
-5.52041
-5.51976
-5.52041
-5.51814
-5.51911
-5.51944
-5.52138
-5.52332
-5.5217
-5.52008
-5.51976
-5.52008
-5.52138
-5.52235
-5.52397
-5.52397
-5.52429
-5.52721
-5.52689
-5.52688
-5.52591
-5.52559
-5.52462
-5.52559
-5.52397
-5.52462
-5.52591
-5.52591
-5.52397
-5.52138
-5.52041
-5.52236
-5.52074
-5.52268
-5.52462
-5.5243
-5.52267
-5.5217
-5.52073
-5.52041
-5.52203
-5.52202
-5.52203
-5.52073
-5.5217
-5.52138
-5.52235
-5.52171
-5.52236
-5.52171
-5.52041
-5.52235
-5.52364
-5.52461
-5.52526
-5.52461
-5.52429
-5.52494
-5.52559
-5.52462
-5.52494
-5.52559
-5.52721
-5.52721
-5.52559
-5.52365
-5.52365
-5.52203
-5.52365
-5.52365
-5.523
-5.52106
-5.52138
-5.52073
-5.51911
-5.52008
-5.5204
-5.51911
-5.52073
-5.52105
-5.52203
-5.52073
-5.51976
-5.52138
-5.51911
-5.52073
-5.51976
-5.51944
-5.52105
-5.51878
-5.51911
-5.52007
-5.51975
-5.51942
-5.5204
-5.52072
-5.5217
-5.5217
-5.52365
-5.5217
-5.52235
-5.52202
-5.52202
-5.52267
-5.52397
-5.52461
-5.52267
-5.52429
-5.52526
-5.52332
-5.5217
-5.52105
-5.52105
-5.52073
-5.52235
-5.52073
-5.52267
-5.52202
-5.52202
-5.52332
-5.52234
-5.52299
-5.52299
-5.52428
-5.52493
-5.52299
-5.52137
-5.5204
-5.5204
-5.52234
-5.52202
-5.51975
-5.51975
-5.5204
-5.5217
-5.52331
-5.52364
-5.52072
-5.52137
-5.52137
-5.52266
-5.52428
-5.52428
-5.52558
-5.52558
-5.52526
-5.52623
-5.52591
-5.5272
-5.52623
-5.52655
-5.52623
-5.52363
-5.52104
-5.52007
-5.52104
-5.52104
-5.52104
-5.51845
-5.5191
-5.51942
-5.51942
-5.51845
-5.51812
-5.51975
-5.5178
-5.51748
-5.51813
-5.51942
-5.5191
-5.52169
-5.52331
-5.52233
-5.52363
-5.52395
-5.52363
-5.52363
-5.52363
-5.52395
-5.52428
-5.52298
-5.52363
-5.52427
-5.52686
-5.5246
-5.52492
-5.52233
-5.51974
-5.52201
-5.5233
-5.5233
-5.52298
-5.52298
-5.52233
-5.52071
-5.52104
-5.52039
-5.52007
-5.51813
-5.52104
-5.52104
-5.52169
-5.52266
-5.52266
-5.52331
-5.52395
-5.52428
-5.52428
-5.52364
-5.52429
-5.52267
-5.52364
-5.52331
-5.52234
-5.52007
-5.51845
-5.51715
-5.51748
-5.5165
-5.51845
-5.51813
-5.52039
-5.5204
-5.5191
-5.52008
-5.52137
-5.52008
-5.52008
-5.52105
-5.52169
-5.52201
-5.5233
-5.52363
-5.52168
-5.52039
-5.52169
-5.52234
-5.52105
-5.52137
-5.52137
-5.52169
-5.52072
-5.52298
-5.52201
-5.52233
-5.52525
-5.52687
-5.5259
-5.52946
-5.52946
-5.52817
-5.52752
-5.5246
-5.52299
-5.52461
-5.52299
-5.52396
-5.52266
-5.52104
-5.52233
-5.52266
-5.52266
-5.52039
-5.52136
-5.52071
-5.52071
-5.5191
-5.51683
-5.5191
-5.51716
-5.51975
-5.51975
-5.52007
-5.52072
-5.52072
-5.52299
-5.52137
-5.52234
-5.52072
-5.52072
-5.52072
-5.5204
-5.51975
-5.52007
-5.51942
-5.5204
-5.52137
-5.52008
-5.51878
-5.51813
-5.51845
-5.5178
-5.5178
-5.51813
-5.51877
-5.5191
-5.52039
-5.51877
-5.52136
-5.52201
-5.52265
-5.52298
-5.52169
-5.51942
-5.5178
-5.52007
-5.52234
-5.52201
-5.52363
-5.52492
-5.52654
-5.5246
-5.52557
-5.52558
-5.5272
-5.5259
-5.5259
-5.52719
-5.52557
-5.52492
-5.52686
-5.52556
-5.52621
-5.52395
-5.52395
-5.52525
-5.5259
-5.52752
-5.52784
-5.52817
-5.52849
-5.52978
-5.52979
-5.53011
-5.52946
-5.52622
-5.5259
-5.52492
-5.52362
-5.52362
-5.52297
-5.52362
-5.52265
-5.52168
-5.51973
-5.52038
-5.52362
-5.52265
-5.52168
-5.51747
-5.5178
-5.5165
-5.52136
-5.52265
-5.52298
-5.52363
-5.52459
-5.5233
-5.52524
-5.52718
-5.52588
-5.52555
-5.52232
-5.52167
-5.52168
-5.522
-5.52233
-5.52298
-5.5233
-5.5233
-5.522
-5.52233
-5.52362
-5.522
-5.52459
-5.52135
-5.52167
-5.52232
-5.52038
-5.52103
-5.51908
-5.52006
-5.52168
-5.522
-5.52329
-5.52524
-5.52686
-5.52815
-5.52621
-5.52556
-5.52329
-5.52264
-5.52491
-5.52426
-5.52459
-5.52523
-5.52264
-5.52232
-5.52361
-5.52329
-5.52134
-5.52232
-5.52394
-5.52297
-5.522
-5.5207
-5.52167
-5.52102
-5.5194
-5.52005
-5.52232
-5.52265
-5.52394
-5.52653
-5.52459
-5.52297
-5.52491
-5.52491
-5.52231
-5.52296
-5.52652
-5.52652
-5.52619
-5.52587
-5.52619
-5.52393
-5.52231
-5.52199
-5.52069
-5.52102
-5.52231
-5.52393
-5.52264
-5.52361
-5.52135
-5.52102
-5.52232
-5.52394
-5.52361
-5.52361
-5.52491
-5.52459
-5.52588
-5.52264
-5.5207
-5.51908
-5.51908
-5.51875
-5.52199
-5.52102
-5.52199
-5.52102
-5.5207
-5.52232
-5.52329
-5.52231
-5.52361
-5.52361
-5.5249
-5.5249
-5.52199
-5.52393
-5.52394
-5.52329
-5.52232
-5.52135
-5.52296
-5.52426
-5.52296
-5.52361
-5.52393
-5.52361
-5.52264
-5.52102
-5.52232
-5.52426
-5.52556
-5.52491
-5.5233
-5.52524
-5.52459
-5.52459
-5.52491
-5.52653
-5.52555
-5.52587
-5.52749
-5.52619
-5.52587
-5.52393
-5.52587
-5.5249
-5.52426
-5.52199
-5.52264
-5.52232
-5.52232
-5.51973
-5.52167
-5.52199
-5.52264
-5.52264
-5.51908
-5.51973
-5.52135
-5.52102
-5.52102
-5.51779
-5.51973
-5.52102
-5.52296
-5.52297
-5.52426
-5.52459
-5.52717
-5.52847
-5.52879
-5.52912
-5.52847
-5.53009
-5.52977
-5.52945
-5.52588
-5.52459
-5.52394
-5.52361
-5.52426
-5.52296
-5.52555
-5.52458
-5.52426
-5.52458
-5.52523
-5.52361
-5.52264
-5.52232
-5.52394
-5.52329
-5.52459
-5.52297
-5.52006
-5.51941
-5.52038
-5.522
-5.52038
-5.52103
-5.52167
-5.52103
-5.522
-5.52362
-5.52361
-5.52361
-5.52426
-5.52426
-5.52394
-5.52361
-5.52329
-5.52394
-5.5233
-5.52395
-5.5233
-5.52265
-5.52492
-5.52459
-5.52653
-5.5275
-5.52459
-5.52621
-5.52621
-5.52783
-5.52686
-5.52621
-5.52362
-5.52265
-5.52362
-5.52459
-5.52265
-5.52427
-5.5233
-5.52362
-5.52168
-5.52038
-5.522
-5.52265
-5.52297
-5.52265
-5.52038
-5.52168
-5.52135
-5.52103
-5.52038
-5.52005
-5.51746
-5.51714
-5.51779
-5.51683
-5.51909
-5.5191
-5.52007
-5.51975
-5.52007
-5.52039
-5.52039
-5.51877
-5.51942
-5.52136
-5.52136
-5.52039
-5.51877
-5.52007
-5.52039
-5.52071
-5.52395
-5.52298
-5.52201
-5.52363
-5.52492
-5.52622
-5.52492
-5.52492
-5.5259
-5.52557
-5.52363
-5.52396
-5.52363
-5.52072
-5.52201
-5.52234
-5.52493
-5.5246
-5.52427
-5.52395
-5.5246
-5.52525
-5.5259
-5.52558
-5.52525
-5.52655
-5.5246
-5.52525
-5.5259
-5.52557
-5.52428
-5.52557
-5.5259
-5.52331
-5.52169
-5.51975
-5.52007
-5.52007
-5.52169
-5.5204
-5.52039
-5.5178
-5.51715
-5.51618
-5.51812
-5.51909
-5.51683
-5.51877
-5.51845
-5.5204
-5.5191
-5.51813
-5.52104
-5.52234
-5.52169
-5.52007
-5.51975
-5.52007
-5.5191
-5.52104
-5.52039
-5.52007
-5.52104
-5.52266
-5.52201
-5.52169
-5.52007
-5.51975
-5.51975
-5.5191
-5.5191
-5.5191
-5.51878
-5.52008
-5.52105
-5.52137
-5.52429
-5.52558
-5.52784
-5.52719
-5.5259
-5.5246
-5.52331
-5.5217
-5.52138
-5.5217
-5.5217
-5.52203
-5.523
-5.52397
-5.52235
-5.51976
-5.5217
-5.52267
-5.52267
-5.52299
-5.52234
-5.52299
-5.52202
-5.5204
-5.52105
-5.52299
-5.52299
-5.52267
-5.52299
-5.52169
-5.52267
-5.52558
-5.52396
-5.52331
-5.51943
-5.5217
-5.51943
-5.51781
-5.51716
-5.51587
-5.51683
-5.51457
-5.51522
-5.51586
-5.51586
-5.51716
-5.51942
-5.52007
-5.52104
-5.5204
-5.52299
-5.52558
-5.52461
-5.52364
-5.52558
-5.52687
-5.52785
-5.52688
-5.52493
-5.52526
-5.52461
-5.52299
-5.52558
-5.52364
-5.52234
-5.52202
-5.52202
-5.52235
-5.52137
-5.52137
-5.52235
-5.52202
-5.52299
-5.52267
-5.52235
-5.52072
-5.51878
-5.51975
-5.52072
-5.52105
-5.5204
-5.5217
-5.52396
-5.52364
-5.52267
-5.52332
-5.52105
-5.52202
-5.52428
-5.52266
-5.52234
-5.52202
-5.52104
-5.52461
-5.52396
-5.52428
-5.52331
-5.52267
-5.52493
-5.52493
-5.52493
-5.52396
-5.52298
-5.52299
-5.52299
-5.52396
-5.52331
-5.52331
-5.52299
-5.52234
-5.52267
-5.52234
-5.52526
-5.52558
-5.5259
-5.52525
-5.52298
-5.52395
-5.52395
-5.52428
-5.52299
-5.52525
-5.52493
-5.52429
-5.52396
-5.52364
-5.52396
-5.52428
-5.52428
-5.52364
-5.52461
-5.52559
-5.52365
-5.52267
-5.52332
-5.52267
-5.52039
-5.51845
-5.51942
-5.52201
-5.52169
-5.52169
-5.52137
-5.52137
-5.5217
-5.52041
-5.52073
-5.52009
-5.52397
-5.52397
-5.5217
-5.52299
-5.52299
-5.52331
-5.52299
-5.52396
-5.52525
-5.52525
-5.52299
-5.52331
-5.5217
-5.52202
-5.5217
-5.5217
-5.52267
-5.52235
-5.52299
-5.52105
-5.52299
-5.52202
-5.52364
-5.52299
-5.52073
-5.52234
-5.52137
-5.52234
-5.52073
-5.52105
-5.52008
-5.5217
-5.52235
-5.52364
-5.52397
-5.52235
-5.52364
-5.52332
-5.52655
-5.52785
-5.52915
-5.52688
-5.5272
-5.52688
-5.52688
-5.52655
-5.52623
-5.52591
-5.52397
-5.52235
-5.52267
-5.52138
-5.52138
-5.52397
-5.52494
-5.52494
-5.52526
-5.52461
-5.52558
-5.52558
-5.52461
-5.52526
-5.52526
-5.52655
-5.5259
-5.52331
-5.52104
-5.51942
-5.51974
-5.51813
-5.51878
-5.52169
-5.52105
-5.52137
-5.52073
-5.52105
-5.52299
-5.5217
-5.52137
-5.51975
-5.51748
-5.51845
-5.52104
-5.52525
-5.52719
-5.52784
-5.52849
-5.52849
-5.5272
-5.5272
-5.5272
-5.52688
-5.52688
-5.52655
-5.52623
-5.52623
-5.52688
-5.5272
-5.52623
-5.52655
-5.5259
-5.52623
-5.52525
-5.52784
-5.52557
-5.5246
-5.52396
-5.52428
-5.52429
-5.52623
-5.52688
-5.52688
-5.52494
-5.52202
-5.52105
-5.51976
-5.52008
-5.52137
-5.51943
-5.5191
-5.5204
-5.52072
-5.52072
-5.52136
-5.52169
-5.52137
-5.52169
-5.52299
-5.52202
-5.52202
-5.52234
-5.52169
-5.52299
-5.52137
-5.52072
-5.52007
-5.51812
-5.51747
-5.51909
-5.51877
-5.52039
-5.52039
-5.52169
-5.52267
-5.52429
-5.52591
-5.5272
-5.52623
-5.52461
-5.52363
-5.52557
-5.52589
-5.52589
-5.52686
-5.52556
-5.52459
-5.52492
-5.52557
-5.52428
-5.52396
-5.52299
-5.52267
-5.52267
-5.52202
-5.52396
-5.52331
-5.52558
-5.52493
-5.5259
-5.5259
-5.52234
-5.52428
-5.52364
-5.52072
-5.52072
-5.52169
-5.52493
-5.52073
-5.52072
-5.52072
-5.52105
-5.5217
-5.5204
-5.52137
-5.5217
-5.52299
-5.52234
-5.52331
-5.52623
-5.52331
-5.52331
-5.52266
-5.52169
-5.52202
-5.52299
-5.52364
-5.52234
-5.52202
-5.52234
-5.52202
-5.52169
-5.52234
-5.52266
-5.52461
-5.52558
-5.52396
-5.52428
-5.52492
-5.52266
-5.52298
-5.52298
-5.52298
-5.52363
-5.52233
-5.52298
-5.52363
-5.5259
-5.52687
-5.52266
-5.52526
-5.52623
-5.52558
-5.5272
-5.52493
-5.52299
-5.52428
-5.52558
-5.5246
-5.52654
-5.52589
-5.52428
-5.52428
-5.52428
-5.52363
-5.52493
-5.52526
-5.52494
-5.52461
-5.52461
-5.52526
-5.52429
-5.52397
-5.52526
-5.52461
-5.52332
-5.52429
-5.52623
-5.52396
-5.52525
-5.52493
-5.52331
-5.52557
-5.52719
-5.52849
-5.52655
-5.5259
-5.52591
-5.52364
-5.52299
-5.52396
-5.52526
-5.5272
-5.52753
-5.52915
-5.52656
-5.52558
-5.52623
-5.52429
-5.52299
-5.52234
-5.52137
-5.52234
-5.52234
-5.52169
-5.52234
-5.52266
-5.52493
-5.52364
-5.52623
-5.52752
-5.5272
-5.52785
-5.52623
-5.52817
-5.52752
-5.52622
-5.52655
-5.52752
-5.52688
-5.52655
-5.52623
-5.52526
-5.52655
-5.52817
-5.52622
-5.5233
-5.52233
-5.52233
-5.52168
-5.52006
-5.52071
-5.52039
-5.52169
-5.52299
-5.52364
-5.52364
-5.52461
-5.5259
-5.52493
-5.52234
-5.52201
-5.52298
-5.5246
-5.52331
-5.52557
-5.52622
-5.52493
-5.52558
-5.52493
-5.52331
-5.52299
-5.52169
-5.52363
-5.52169
-5.52136
-5.52104
-5.51877
-5.51974
-5.51877
-5.51941
-5.51909
-5.52071
-5.51974
-5.52071
-5.52136
-5.52039
-5.52039
-5.52038
-5.522
-5.52233
-5.52201
-5.52298
-5.5233
-5.52687
-5.52428
-5.52719
-5.52622
-5.52622
-5.52525
-5.52331
-5.52331
-5.5233
-5.52104
-5.52331
-5.52428
-5.52525
-5.5246
-5.52395
-5.52395
-5.52298
-5.52298
-5.52168
-5.52136
-5.52136
-5.522
-5.52395
-5.52427
-5.52621
-5.52525
-5.5246
-5.52266
-5.52105
-5.52073
-5.5204
-5.51911
-5.52041
-5.51781
-5.52008
-5.51878
-5.51974
-5.51877
-5.52007
-5.51975
-5.51975
-5.52072
-5.52039
-5.52266
-5.52266
-5.52428
-5.52428
-5.52526
-5.52364
-5.52397
-5.52559
-5.52332
-5.52558
-5.52396
-5.52331
-5.5233
-5.52395
-5.52298
-5.52427
-5.52363
-5.52363
-5.52104
-5.52039
-5.52201
-5.52396
-5.52331
-5.52428
-5.52266
-5.5246
-5.52428
-5.52525
-5.52557
-5.52525
-5.5233
-5.52395
-5.52201
-5.52039
-5.52169
-5.52072
-5.52104
-5.52072
-5.51877
-5.52169
-5.52007
-5.52104
-5.52169
-5.52331
-5.52493
-5.52557
-5.52428
-5.52395
-5.52525
-5.52493
-5.52395
-5.52395
-5.52428
-5.5246
-5.52492
-5.52654
-5.52784
-5.52849
-5.52687
-5.52654
-5.52752
-5.52687
-5.52557
-5.52525
-5.52492
-5.52589
-5.52297
-5.52427
-5.52297
-5.5233
-5.52168
-5.52038
-5.52168
-5.52168
-5.52362
-5.52298
-5.52298
-5.52136
-5.52298
-5.52395
-5.5233
-5.52427
-5.52266
-5.52428
-5.5246
-5.52525
-5.52525
-5.52557
-5.52719
-5.52687
-5.52784
-5.52589
-5.52395
-5.52362
-5.52556
-5.52265
-5.5233
-5.52265
-5.522
-5.52427
-5.5233
-5.52298
-5.52233
-5.52201
-5.52039
-5.52136
-5.52266
-5.52169
-5.52363
-5.52298
-5.52525
-5.5233
-5.52298
-5.5233
-5.52298
-5.52395
-5.52492
-5.52525
-5.52201
-5.52071
-5.52103
-5.52362
-5.52459
-5.52492
-5.52233
-5.52233
-5.52137
-5.52331
-5.52105
-5.51975
-5.5191
-5.51943
-5.51942
-5.51942
-5.52168
-5.52168
-5.52297
-5.522
-5.52233
-5.52071
-5.52007
-5.52234
-5.52396
-5.52266
-5.52331
-5.52234
-5.52201
-5.52233
-5.52298
-5.52395
-5.52266
-5.52266
-5.52039
-5.52103
-5.52362
-5.52589
-5.52719
-5.52783
-5.52816
-5.52589
-5.52524
-5.52588
-5.52556
-5.52427
-5.52556
-5.52427
-5.52427
-5.52363
-5.52266
-5.52104
-5.52299
-5.52266
-5.52104
-5.52104
-5.51909
-5.52168
-5.52103
-5.51974
-5.52006
-5.51941
-5.51941
-5.51909
-5.51974
-5.52103
-5.52265
-5.52233
-5.52297
-5.52362
-5.52588
-5.52556
-5.52459
-5.52395
-5.52427
-5.52395
-5.52751
-5.52686
-5.52783
-5.52751
-5.52653
-5.52621
-5.52524
-5.52524
-5.52556
-5.52492
-5.52524
-5.52492
-5.52557
-5.52492
-5.52557
-5.52525
-5.52719
-5.5246
-5.52459
-5.52395
-5.52459
-5.52492
-5.52556
-5.52427
-5.52459
-5.52557
-5.52492
-5.5246
-5.52492
-5.52556
-5.52394
-5.52427
-5.52459
-5.52491
-5.52297
-5.52394
-5.52362
-5.52167
-5.52167
-5.522
-5.52329
-5.52264
-5.52199
-5.52329
-5.52297
-5.52232
-5.52071
-5.51974
-5.52201
-5.52233
-5.52201
-5.52362
-5.52265
-5.52233
-5.522
-5.52265
-5.52071
-5.52006
-5.51941
-5.51973
-5.52071
-5.52005
-5.522
-5.52394
-5.52329
-5.52459
-5.52653
-5.52783
-5.52686
-5.52686
-5.52848
-5.52621
-5.52686
-5.52557
-5.52524
-5.52459
-5.52362
-5.52362
-5.52459
-5.52394
-5.52265
-5.522
-5.52233
-5.52136
-5.52007
-5.52137
-5.51975
-5.51845
-5.51942
-5.52234
-5.52233
-5.52265
-5.52426
-5.52459
-5.522
-5.5233
-5.52459
-5.52589
-5.52687
-5.52623
-5.52558
-5.52461
-5.52299
-5.52266
-5.52428
-5.52493
-5.52363
-5.52395
-5.52363
-5.52331
-5.52331
-5.52201
-5.52395
-5.52395
-5.52266
-5.52363
-5.52233
-5.52265
-5.52233
-5.51877
-5.51845
-5.51942
-5.5204
-5.52007
-5.52266
-5.52331
-5.52362
-5.52427
-5.52427
-5.52427
-5.52298
-5.52039
-5.52039
-5.51877
-5.51715
-5.51877
-5.51909
-5.52104
-5.52168
-5.52039
-5.51942
-5.5233
-5.52524
-5.52525
-5.52557
-5.52622
-5.52849
-5.52914
-5.52881
-5.52719
-5.52654
-5.52654
-5.52622
-5.5259
-5.52752
-5.5259
-5.52396
-5.52331
-5.52234
-5.52201
-5.52298
-5.52298
-5.52233
-5.52104
-5.52006
-5.52103
-5.52298
-5.52168
-5.52104
-5.51974
-5.52136
-5.52039
-5.52007
-5.52136
-5.52201
-5.52169
-5.52169
-5.52331
-5.52331
-5.52396
-5.52234
-5.52137
-5.51942
-5.51909
-5.51942
-5.52104
-5.51909
-5.51909
-5.52007
-5.52071
-5.52169
-5.52169
-5.52234
-5.52299
-5.52137
-5.51943
-5.52137
-5.52266
-5.52105
-5.52299
-5.52299
-5.52364
-5.52364
-5.52202
-5.52137
-5.52201
-5.52201
-5.52169
-5.52331
-5.52266
-5.52331
-5.52526
-5.52558
-5.52656
-5.52558
-5.52461
-5.52753
-5.52688
-5.52461
-5.52299
-5.52299
-5.52331
-5.52299
-5.52299
-5.52234
-5.52299
-5.52331
-5.52202
-5.52429
-5.52494
