2.23109
2.16694
2.05993
1.91288
1.73125
1.52423
1.30555
1.09317
0.90696
0.764398
0.676049
0.642859
0.656804
0.704139
0.769428
0.838722
0.901312
0.950289
0.982257
0.996689
0.995248
0.981108
0.958345
0.931366
0.904491
0.881493
0.865572
0.859352
0.864934
0.883681
0.915968
0.960707
1.01502
1.07443
1.13364
1.18752
1.23204
1.26464
1.28449
1.2925
1.291
1.28325
1.27261
1.26206
1.25342
1.24723
1.24294
1.23942
1.23549
1.23027
1.22331
1.21445
1.20369
1.19117
1.17729
1.16271
1.14864
1.13675
1.12906
1.12723
1.13221
1.14341
1.15895
1.17626
1.19308
1.20819
1.22147
1.23335
1.24409
1.25337
1.26041
1.26441
1.26509
1.26268
1.25779
1.25109
1.24296
1.23332
1.22179
1.20829
1.19349
1.17899
1.16702
1.15946
1.15668
1.15717
1.15806
1.15628
1.14953
1.13658
1.11762
1.09428
1.06939
1.04638
1.02838
1.01772
1.01562
1.02212
1.03636
1.05666
1.08053
1.10486
1.12611
1.1409
1.14653
1.14164
1.12649
1.10307
1.07475
1.04585
1.02116
1.00513
1.0011
1.01076
1.03391
1.06864
1.11176
1.1594
1.20752
1.25228
1.29055
1.32018
1.34017
1.35072
1.35301
1.34887
1.34052
1.33017
1.31935
1.30841
1.29636
1.28154
1.26266
1.23971
1.21425
1.18863
1.165
1.14452
1.12756
1.11389
1.10303
1.09419
1.08658
1.07968
1.07364
1.0694
1.06852
1.0725
1.08211
1.09698
1.11571
1.13634
1.15711
1.17672
1.19431
1.20934
1.22103
1.228
1.22853
1.22106
1.2053
1.18322
1.15899
1.13783
1.1235
1.11628
1.11333
1.11129
1.10866
1.10633
1.10665
1.11169
1.12189
1.13604
1.15186
1.16733
1.18103
1.19226
1.20065
1.20591
1.20782
1.20657
1.20294
1.19854
1.19541
1.1954
1.19935
1.20658
1.21514
1.22263
1.22716
1.22801
1.22562
1.22098
1.21489
1.20777
1.20001
1.19224
1.18519
1.17934
1.17491
1.17172
1.16948
1.1677
1.16606
1.1645
1.16315
1.1623
1.16231
1.16348
1.16607
1.17009
1.17499
1.17985
1.18357
1.18529
1.18483
1.18283
1.18061
1.17961
1.18057
1.18292
1.18482
1.18401
1.17887
1.16925
1.15629
1.14231
1.13014
1.12232
1.12047
1.12471
1.1337
1.14489
1.15515
1.16147
1.16173
1.15504
1.14179
1.12339
1.10215
1.0809
1.06292
1.0517
1.0504
1.06108
1.08375
1.1161
1.15389
1.19207
1.22603
1.25254
1.27005
1.2787
1.27968
1.27491
1.26651
1.25622
1.24528
1.23437
1.22364
1.21289
1.20176
1.1899
1.17725
1.16406
1.15135
1.14104
1.13555
1.13704
1.14624
1.162
1.18156
1.20142
1.21811
1.22883
1.23222
1.22873
1.22042
1.21008
1.20006
1.19135
1.18346
1.17507
1.16502
1.15316
1.14054
1.12923
1.12126
1.11785
1.11886
1.12305
1.12877
1.13445
1.13925
1.14337
1.14777
1.15363
1.16118
1.1693
1.1759
1.17907
1.17758
1.17138
1.16113
1.14777
1.13206
1.11471
1.09653
1.07875
1.06292
1.05064
1.04323
1.04178
1.0468
1.05824
1.0755
1.09759
1.12317
1.15054
1.17781
1.20291
1.2238
1.23886
1.24745
1.25045
1.25027
1.24975
1.25043
1.25195
1.25267
1.25102
1.24641
1.23969
1.23269
1.22751
1.22546
1.22653
1.22931
1.23145
1.23035
1.22396
1.21138
1.19305
1.17054
1.14619
1.1224
1.10117
1.08384
1.07117
1.06333
1.06004
1.06036
1.06295
1.06647
1.07015
1.07429
1.08006
1.08877
1.10098
1.1164
1.13406
1.15281
1.17168
1.18968
1.20573
1.21857
1.22696
1.22999
1.22715
1.2186
1.2051
1.18797
1.16914
1.15107
1.13678
1.1292
1.13021
1.1394
1.15399
1.17025
1.1852
1.19727
1.20593
1.2113
1.21427
1.21665
1.22053
1.22738
1.23711
1.24776
1.25618
1.25906
1.25376
1.23893
1.21498
1.18399
1.14967
1.11672
1.09005
1.07382
1.07055
1.08067
1.10254
1.13303
1.16808
1.20334
1.23455
1.25801
1.27094
1.2721
1.26224
1.24402
1.22158
1.19907
1.17944
1.16385
1.15223
1.14418
1.13941
1.13794
1.13973
1.14423
1.15031
1.15624
1.1597
1.15843
1.15081
1.13644
1.11669
1.09463
1.07427
1.05948
1.05296
1.05556
1.06632
1.08311
1.10328
1.12412
1.14305
1.15783
1.16675
1.16885
1.16425
1.15433
1.14148
1.12865
1.1188
1.11433
1.11663
1.12594
1.1411
1.15999
1.17992
1.1982
1.21274
1.22217
1.22606
1.22488
1.21975
1.21205
1.20313
1.19421
1.18646
1.18079
1.17781
1.1776
1.17955
1.18245
1.18474
1.18503
1.18253
1.17724
1.16979
1.1612
1.15277
1.14586
1.14171
1.14097
1.14347
1.14824
1.15385
1.159
1.16298
1.16578
1.16801
1.17067
1.17505
1.1821
1.19214
1.20441
1.21705
1.22756
1.23334
1.23258
1.2248
1.21117
1.19445
1.17829
1.16625
1.16039
1.1603
1.16327
1.16565
1.16463
1.15956
1.15165
1.14262
1.1336
1.12474
1.11545
1.10495
1.09294
1.08011
1.06824
1.0597
1.05664
1.06052
1.07178
1.09016
1.11469
1.14339
1.17345
1.20168
1.22501
1.24106
1.24839
1.24669
1.23688
1.22087
1.20137
1.18152
1.16435
1.15255
1.14807
1.15187
1.16351
1.18062
1.19924
1.21469
1.22318
1.22309
1.21553
1.20405
1.19346
1.18817
1.19063
1.20053
1.21547
1.2319
1.24623
1.25544
1.2577
1.25259
1.24099
1.2248
1.20623
1.18734
1.16973
1.15455
1.14267
1.13508
1.13277
1.13637
1.14567
1.15941
1.17531
1.19059
1.20248
1.20877
1.20803
1.19986
1.18484
1.16454
1.1413
1.11762
1.09574
1.0769
1.0617
1.05014
1.04166
1.03534
1.03017
1.0258
1.02327
1.02519
1.03499
1.05552
1.08789
1.13105
1.18205
1.23662
1.28983
1.33675
1.3731
1.39578
1.40333
1.39598
1.37558
1.34535
1.30944
1.27202
1.23638
1.20429
1.17584
1.15016
1.12645
1.10451
1.08511
1.06965
1.05952
1.05548
1.05713
1.06287
1.0705
1.07818
1.085
1.09124
1.09803
1.10673
1.11822
1.13241
1.14821
1.16374
1.17705
1.18714
1.19452
1.20077
1.20691
1.21225
1.21532
1.2156
1.21401
1.21182
1.20921
1.20509
1.19811
1.18772
1.17463
1.16067
1.14829
1.13981
1.13666
1.1387
1.14421
1.15055
1.155
1.15549
1.15078
1.14095
1.12778
1.11467
1.10569
1.10391
1.11002
1.1222
1.13736
1.15246
1.16546
1.17569
1.1838
1.19176
1.20196
1.21616
1.23417
1.25375
1.27147
1.28395
1.28868
1.28439
1.27101
1.24967
1.22255
1.19266
1.16348
1.13842
1.12004
1.10963
1.10703
1.1109
1.11933
1.13034
1.14213
1.15299
1.16152
1.16671
1.16828
1.16692
1.16393
1.16075
1.15832
1.15691
1.15621
1.15591
1.15629
1.15827
1.16232
1.16733
1.17061
1.16962
1.16351
1.15349
1.142
1.13148
1.12356
1.11872
1.11638
1.11524
1.11388
1.1111
1.10652
1.10099
1.09648
1.09569
1.10091
1.11293
1.13068
1.15215
1.17518
1.19797
1.21906
1.23717
1.25123
1.26041
1.26405
1.2617
1.25344
1.23989
1.22232
1.20252
1.18259
1.16455
1.14975
1.13876
1.13133
1.12668
1.12381
1.12162
1.11914
1.11558
1.11077
1.10524
1.10028
1.09747
1.09821
1.10342
1.11356
1.12875
1.14881
1.17285
1.19903
1.22469
1.24668
1.26205
1.26866
1.26573
1.25396
1.23566
1.2142
1.19334
1.17643
1.16562
1.16122
1.16167
1.16428
1.16595
1.1643
1.15828
1.14819
1.13542
1.12169
1.10868
1.09794
1.09116
1.09025
1.09699
1.11223
1.13501
1.16254
1.19104
1.21676
1.2366
1.24834
1.25077
1.24357
1.22728
1.20349
1.17479
1.14476
1.1175
1.09676
1.08502
1.08298
1.08934
1.10138
1.11575
1.12932
1.13983
1.14634
1.1495
1.15145
1.15479
1.16149
1.17205
1.18562
1.20092
1.2167
1.23168
1.24414
1.25195
1.25284
1.24534
1.22933
1.20622
1.17874
1.15031
1.12431
1.10353
1.08987
1.08423
1.0865
1.09565
1.10987
1.12699
1.14472
1.16089
1.17394
1.18325
1.18939
1.19366
1.19764
1.20246
1.2085
1.21519
1.22124
1.22492
1.22477
1.22006
1.21111
1.1993
1.18673
1.17542
1.16701
1.16218
1.16056
1.16093
1.16145
1.16026
1.15562
1.14632
1.13183
1.11295
1.0922
1.07384
1.06298
1.06359
1.07653
1.09909
1.12605
1.15153
1.17047
1.1796
1.17778
1.1661
1.14759
1.12659
1.10794
1.09615
1.0944
1.10346
1.1209
1.1418
1.1608
1.17431
1.18158
1.18404
1.18398
1.18346
1.18377
1.18572
1.19031
1.19868
1.21161
1.22836
1.24616
1.26131
1.27037
1.27118
1.26301
1.24657
1.22375
1.19704
1.16935
1.14352
1.12218
1.10758
1.10111
1.10294
1.11174
1.12503
1.13999
1.15426
1.16653
1.17645
1.18442
1.19105
1.19644
1.19983
1.2002
1.19689
1.19028
1.18175
1.17301
1.16541
1.15974
1.15625
1.15481
1.15508
1.15652
1.1582
1.15854
1.15565
1.14762
1.1332
1.1124
1.08682
1.05968
1.03531
1.01798
1.01037
1.01269
1.02274
1.0372
1.05289
1.06777
1.08118
1.0934
1.10523
1.11748
1.13033
1.14332
1.1553
1.16516
1.1723
1.17718
1.18134
1.18686
1.19552
1.20831
1.22517
1.24512
1.26641
1.28636
1.3017
1.30944
1.30792
1.29733
1.27941
1.25686
1.23272
1.20982
1.19055
1.1765
1.16813
1.1647
1.16461
1.1658
1.16641
1.16543
1.16298
1.16063
1.16076
1.16541
1.17494
1.18706
1.19719
1.20033
1.19313
1.17518
1.14922
1.12026
1.09371
1.0738
1.06271
1.06081
1.06728
1.08071
1.09941
1.12135
1.14415
1.16516
1.18171
1.19186
1.19482
1.19118
1.1828
1.17227
1.16213
1.15388
1.14742
1.14131
1.13396
1.12434
1.11226
1.09831
1.08387
1.07135
1.06377
1.06384
1.07331
1.09269
1.12168
1.15905
1.20233
1.24738
1.2888
1.32116
1.3405
1.34561
1.33842
1.32312
1.30424
1.28514
1.26755
1.25182
1.23724
1.22246
1.20613
1.18756
1.16724
1.14705
1.12983
1.11859
1.11543
1.12041
1.13109
1.14325
1.15232
1.15466
1.14849
1.13401
1.11322
1.08941
1.06647
1.04821
1.0377
1.03677
1.04608
1.06509
1.09201
1.12374
1.15663
1.18762
1.21485
1.23754
1.25554
1.26879
1.27707
1.2803
1.27887
1.27374
1.266
1.25657
1.24589
1.23431
1.22234
1.21066
1.19993
1.19042
1.18183
1.17331
1.16334
1.15031
1.13347
1.1145
1.09792
1.08927
1.09119
1.10157
1.11557
1.12888
1.13937
1.14676
1.15187
1.15603
1.16068
1.16707
1.17592
1.18706
1.19948
1.21154
1.22149
1.22782
1.22931
1.22541
1.21636
1.20346
1.18881
1.17465
1.16292
1.155
1.15177
1.15356
1.15992
1.16959
1.18059
1.19059
1.19759
1.20028
1.19836
1.19245
1.18364
1.17326
1.16224
1.15104
1.13966
1.12777
1.11513
1.10211
1.08969
1.07925
1.07208
1.06917
1.07114
1.07833
1.0907
1.10762
1.12761
1.14839
1.16724
1.18189
1.19096
1.19409
1.19174
1.18491
1.17487
1.16298
1.15046
1.13832
1.12722
1.1177
1.11047
1.10655
1.10716
1.11333
1.12526
1.14177
1.16043
1.17861
1.19453
1.20778
1.21916
1.22976
1.24007
1.24965
1.25701
1.26025
1.25756
1.24792
1.23116
1.20815
1.18081
1.15207
1.12555
1.10488
1.09308
1.09191
1.10124
1.11888
1.14082
1.16234
1.17925
1.18881
1.19006
1.18373
1.17189
1.1573
1.14284
1.13089
1.12317
1.12082
1.12446
1.13407
1.14867
1.16657
1.1856
1.20364
1.21875
1.22945
1.23473
1.234
1.22715
1.21447
1.19654
1.17437
1.14962
1.12489
1.10337
1.08807
1.08079
1.08165
1.08907
1.10042
1.11271
1.12323
1.13005
1.13256
1.13166
1.12975
1.12978
1.13352
1.14035
1.14777
1.1532
1.15549
1.15539
1.15491
1.15637
1.16154
1.17096
1.18366
1.19764
1.21037
1.21941
1.22297
1.22028
1.21181
1.19942
1.18592
1.17456
1.16826
1.16873
1.17608
1.18875
1.20369
1.21706
1.22514
1.22505
1.2159
1.19923
1.1787
1.15935
1.14602
1.14148
1.14527
1.15419
1.16408
1.17153
1.17503
1.17505
1.17344
1.17231
1.17305
1.176
1.18082
1.18695
1.19411
1.20252
1.21279
1.22564
1.24097
1.25704
1.27068
1.27874
1.27977
1.27431
1.26422
1.25134
1.23671
1.22066
1.20329
1.1852
1.16758
1.15189
1.13946
1.13115
1.12712
1.1268
1.12902
1.13224
1.13499
1.13593
1.13414
1.12919
1.12095
1.10973
1.09631
1.08195
1.06843
1.05759
1.05092
1.04899
1.05139
1.05695
1.06403
1.07107
1.07693
1.08115
1.08396
1.08613
1.08879
1.09304
1.09971
1.10921
1.12147
1.13595
1.15156
1.16696
1.18116
1.19381
1.20506
1.21519
1.22415
1.23123
1.23529
1.23531
1.23119
1.22387
1.21537
1.20802
1.20374
1.20319
1.2054
1.20816
1.20901
1.20613
1.19896
1.18806
1.17465
1.15962
1.14349
1.12638
1.10838
1.09026
1.07384
1.06181
1.05696
1.06121
1.07483
1.09655
1.12421
1.15547
1.18793
1.21904
1.24646
1.26865
1.28526
1.29695
1.30461
1.30886
1.30966
1.30632
1.29786
1.28315
1.26105
1.23099
1.19366
1.15182
1.11039
1.07575
1.05383
1.04768
1.05597
1.07393
1.09582
1.11707
1.13477
1.14729
1.15355
1.15282
1.14486
1.13032
1.11116
1.09055
1.07196
1.05803
1.05026
1.04946
1.05624
1.07101
1.09309
1.12016
1.1484
1.17376
1.19349
1.20685
1.21471
1.21889
1.2216
1.22488
1.23045
1.23932
1.2513
1.26453
1.27599
1.28246
1.28135
1.27135
1.25253
1.2263
1.19497
1.1615
1.12894
1.09998
1.07676
1.06064
1.05221
1.05152
1.05827
1.07191
1.09153
1.1157
1.14244
1.1693
1.1939
1.21439
1.22995
1.24048
1.24636
1.24802
1.24541
1.23797
1.22487
1.20564
1.18068
1.15182
1.12248
1.09747
1.08145
1.07683
1.08249
1.09442
1.10775
1.11872
1.12538
1.12759
1.12671
1.12508
1.12557
1.1308
1.1426
1.16143
1.18604
1.21342
1.23947
1.25972
1.27018
1.26856
1.25493
1.23191
1.20352
1.17354
1.1444
1.11728
1.09295
1.07232
1.05665
1.0479
1.04906
1.06272
1.0891
1.12486
1.16469
1.20331
1.23663
1.26202
1.27839
1.28603
1.28634
1.28124
1.27281
1.26296
1.25296
1.24331
1.23391
1.22446
1.21505
1.20665
1.20078
1.19867
1.20015
1.20319
1.2046
1.20126
1.19126
1.17467
1.15354
1.13144
1.1124
1.09953
1.09418
1.09593
1.10328
1.11481
1.12942
1.14609
1.16322
1.17832
1.18844
1.19103
1.18476
1.17026
1.15029
1.12935
1.11233
1.10285
1.10241
1.11046
1.12521
1.1443
1.16518
1.18556
1.20383
1.21928
1.23208
1.24272
1.25153
1.25819
1.26188
1.26151
1.25607
1.24508
1.22899
1.20926
1.18832
1.16891
1.15361
1.14423
1.14146
1.14495
1.15334
1.16461
1.17626
1.18579
1.19119
1.19104
1.18504
1.17397
1.15945
1.14368
1.12905
1.11778
1.11134
1.1101
1.11299
1.11806
1.1234
1.12792
1.13157
1.13523
1.14009
1.14714
1.15678
1.1686
1.18148
1.19353
1.20249
1.20639
1.20423
1.19624
1.18406
1.1702
1.15722
1.1469
1.14003
1.13678
1.13736
1.1424
1.15261
1.16817
1.18793
1.20956
1.23005
1.24675
1.25804
1.26353
1.2637
1.25927
1.25093
1.23923
1.22458
1.20732
1.18778
1.16653
1.14445
1.12277
1.10284
1.08568
1.07167
1.06047
1.05167
1.04499
1.0404
1.03777
1.03677
1.03717
1.0394
1.04467
1.05474
1.07107
1.09408
1.12264
1.15416
1.1851
1.21178
1.23103
1.24077
1.24016
1.22976
1.21126
1.18731
1.1614
1.13758
1.1197
1.11044
1.11069
1.11943
1.13448
1.15319
1.17308
1.19223
1.20937
1.22364
1.23453
1.24192
1.24633
1.24882
1.25044
1.25169
1.25196
1.24983
1.24397
1.23397
1.22077
1.2065
1.19375
1.1845
1.17925
1.17708
1.17628
1.17516
1.1726
1.16817
1.16202
1.15459
1.14659
1.13882
1.13226
1.12807
1.12752
1.13145
1.1397
1.15071
1.16172
1.16955
1.1717
1.16719
1.15693
1.14363
1.13095
1.12247
1.12046
1.12529
1.13564
1.14953
1.16518
1.18153
1.19789
1.21337
1.22656
1.23559
1.23868
1.23484
1.22431
1.2085
1.18954
1.16962
1.15017
1.13187
1.11498
1.10026
1.0891
1.08348
1.08514
1.09487
1.11203
1.13484
1.16103
1.1883
1.21474
1.23865
1.25857
1.2732
1.28135
1.28203
1.27478
1.25991
1.23879
1.21366
1.18718
1.162
1.14055
1.12489
1.11688
1.11808
1.12942
1.15067
1.17983
1.21308
1.2453
1.27106
1.28568
1.28599
1.27083
1.24122
1.20025
1.15279
1.10492
1.06281
1.03157
1.0142
1.01134
1.02181
1.0435
1.07402
1.11086
1.1513
1.19201
1.2292
1.25892
1.2779
1.28401
1.27678
1.25748
1.22878
1.19437
1.15841
1.12496
1.09742
1.07824
1.06867
1.06886
1.07824
1.09572
1.11965
1.14771
1.17699
1.20422
1.22615
1.2403
1.24524
1.24107
1.22949
1.21359
1.19697
1.18284
1.17289
1.16709
1.16413
1.16214
1.15941
1.15473
1.14764
1.13841
1.12787
1.11715
1.10748
1.10007
1.09579
1.09506
1.0975
1.10197
1.10694
1.11102
1.11333
1.11346
1.11143
1.10774
1.10324
1.09889
1.09552
1.09352
1.09295
1.09412
1.09793
1.10568
1.11838
1.13584
1.15617
1.17612
1.19219
1.20189
1.20475
1.20246
1.19797
1.19417
1.19287
1.19485
1.20015
1.20864
1.22016
1.2343
1.24998
1.26524
1.27759
1.28461
1.28486
1.27792
1.26461
1.24671
1.22707
1.20918
1.19588
1.18771
1.18261
1.17707
1.1684
1.15583
1.14024
1.1232
1.10634
1.09116
1.07942
1.07325
1.07473
1.08508
1.10389
1.12917
1.15785
1.18652
1.21182
1.23088
1.24165
1.24311
1.23567
1.22104
1.20198
1.18167
1.16283
1.14694
1.13415
1.12399
1.11648
1.11266
1.1141
1.12177
1.13485
1.15041
1.16421
1.17208
1.17107
1.16027
1.14073
1.11511
1.08678
1.05894
1.03421
1.01497
1.00376
1.0029
1.0137
1.03595
1.06771
1.10583
1.14684
1.18754
1.22526
1.25796
1.28418
1.30309
1.31478
1.32014
1.32056
1.31752
1.31194
1.30398
1.29376
1.28188
1.26983
1.25923
1.25081
1.24394
1.23709
1.22869
1.21778
1.20407
1.18769
1.16889
1.1482
1.12649
1.10543
1.08702
1.07315
1.06499
1.06268
1.06547
1.0722
1.08194
1.09411
1.10836
1.12426
1.14103
1.15751
1.17229
1.18394
1.19125
1.19365
1.19147
1.1861
1.17979
1.17505
1.17409
1.17813
1.18702
1.19915
1.21209
1.22299
1.2291
1.22805
1.21819
1.19921
1.17248
1.14096
1.10891
1.08083
1.06052
1.05015
1.0503
1.06021
1.07804
1.10099
1.12577
1.14914
1.16891
1.18409
1.19489
1.20211
1.20684
1.20999
1.21202
1.21272
1.2114
1.20704
1.19865
1.18579
1.16898
1.15005
1.13155
1.11581
1.10429
1.09738
1.09502
1.09701
1.10312
1.11301
1.12597
1.14099
1.15668
1.1715
1.18394
1.19287
1.19751
1.19758
1.19321
1.18501
1.17403
1.16175
1.14973
1.13947
1.13177
1.1268
1.12422
1.12329
1.12317
1.12305
1.12227
1.12053
1.11778
1.11422
1.11027
1.10677
1.10509
1.10708
1.11477
1.1297
1.15217
1.18079
1.21217
1.24157
1.26408
1.27598
1.27563
1.26353
1.24181
1.21333
1.18106
1.14768
1.11576
1.08809
1.06736
1.0557
1.05387
1.06099
1.075
1.09355
1.11456
1.13658
1.15868
1.18043
1.20179
1.22284
1.24304
1.26088
1.27404
1.28025
1.27855
1.26993
1.25695
1.24263
1.22904
1.21659
1.20478
1.19285
1.18039
1.16748
1.15503
1.14471
1.13854
1.13822
1.14395
1.15423
1.16601
1.17586
1.18157
1.18329
1.18312
1.18332
1.18445
1.18529
1.18417
1.18035
1.17418
1.16647
1.15781
1.14831
1.13779
1.12636
1.11471
1.10388
1.09505
1.08952
1.0886
1.09355
1.10519
1.1232
1.14576
1.16993
1.19246
1.21042
1.22177
1.22563
1.22236
1.21343
1.20086
1.18668
1.1723
1.15841
1.14568
1.13529
1.12932
1.1304
1.14038
1.1591
1.18384
1.21002
1.2326
1.24739
1.25188
1.24578
1.23138
1.21339
1.19758
1.18853
1.18774
1.19337
1.2019
1.20985
1.2147
1.21501
1.21045
1.20162
1.19008
1.1782
1.16879
1.1643
1.16623
1.17463
1.18808
1.20393
1.21852
1.22794
1.2289
1.21948
1.19942
1.17004
1.13404
1.09527
1.05838
1.02801
1.00786
0.999827
1.00369
1.01732
1.03768
1.06161
1.08637
1.1097
1.12987
1.146
1.15789
1.16583
1.17069
1.1736
1.17583
1.17842
1.18193
1.1867
1.19317
1.20184
1.21273
1.22436
1.23357
1.23671
1.23176
1.21927
1.20187
1.18273
1.16449
1.1489
1.13677
1.12837
1.12349
1.12143
1.12126
1.12202
1.12321
1.1252
1.12866
1.13373
1.13976
1.14589
1.15236
1.16113
1.17503
1.19519
1.21922
1.24222
1.25902
1.26608
1.26192
1.24696
1.22339
1.19486
1.16579
1.14065
1.12312
1.11582
1.12001
1.13564
1.16097
1.19264
1.2264
1.25791
1.28372
1.3014
1.3097
1.30832
1.29769
1.27865
1.25271
1.22247
1.19119
1.16249
1.13949
1.12398
1.11593
1.11353
1.11388
1.11416
1.11281
1.10995
1.10702
1.10577
1.10738
1.11215
1.11942
1.12807
1.13689
1.14495
1.15165
1.15656
1.15913
1.15873
1.15482
1.14725
1.13659
1.12424
1.11236
1.10347
1.09999
1.10358
1.11452
1.13126
1.15083
1.16953
1.18398
1.19169
1.19126
1.18246
1.16603
1.14354
1.11749
1.09131
1.0691
1.05518
1.05293
1.06378
1.08644
1.11748
1.15243
1.18692
1.21751
1.24189
1.25862
1.26707
1.26727
1.25999
1.24678
1.22976
1.21149
1.19443
1.18086
1.17266
1.17112
1.17633
1.18703
1.201
1.21561
1.22853
1.23798
1.24283
1.24243
1.23644
1.22489
1.20815
1.18715
1.1634
1.13908
1.1167
1.09872
1.08728
1.08376
1.08831
1.09941
1.11405
1.12864
1.14012
1.14674
1.14859
1.147
1.14402
1.14189
1.14251
1.14704
1.15566
1.16747
1.18096
1.19472
1.20766
1.21895
1.22767
1.23242
1.23155
1.22386
1.20962
1.19111
1.17228
1.15723
1.14831
1.14527
1.14597
1.14778
1.1488
1.14848
1.14733
1.14592
1.14409
1.14071
1.13459
1.12555
1.11491
1.10533
1.09984
1.10055
1.10781
1.11997
1.134
1.14655
1.15506
1.1587
1.15847
1.15638
1.15413
1.15243
1.15096
1.1493
1.14777
1.14751
1.14998
1.15611
1.16591
1.17843
1.19229
1.20625
1.21956
1.23195
1.24362
1.25463
1.26461
1.27256
1.27699
1.27661
1.27075
1.25952
1.24383
1.22506
1.20468
1.18392
1.16355
1.14383
1.12498
1.1079
1.09438
1.08625
1.08397
1.08639
1.0918
1.09956
1.11066
1.12688
1.14881
1.17474
1.20111
1.22406
1.24061
1.24931
1.24989
1.24291
1.22943
1.21081
1.18864
1.16494
1.14226
1.12378
1.11287
1.11223
1.12264
1.14204
1.16603
1.18961
1.20874
1.22137
1.22716
1.22688
1.22147
1.21156
1.19722
1.17836
1.15516
1.1283
1.09912
1.06963
1.04233
1.0201
1.00581
1.00168
1.00835
1.02442
1.04636
1.06955
1.08972
1.10442
1.11383
1.12062
1.12887
1.14265
1.16485
1.19623
1.2352
1.27789
1.31914
1.35366
1.37715
1.38687
1.38209
1.36378
1.33455
1.29794
1.25793
1.21865
1.18376
1.15598
1.13693
1.12705
1.12538
1.12964
1.13677
1.14382
1.14878
1.15114
1.15155
1.15126
1.15162
1.15351
1.15703
1.1611
1.16356
1.16168
1.15317
1.13716
1.1151
1.09035
1.06681
1.04717
1.0325
1.02319
1.01973
1.02289
1.03333
1.05117
1.07579
1.10555
1.13806
1.17052
1.20019
1.22472
1.2424
1.25235
1.25444
1.24951
1.23935
1.22645
1.21319
1.20128
1.19161
1.18444
1.17988
1.17801
1.17864
1.18152
1.18665
1.19451
1.20585
1.2209
1.23889
1.25774
1.27424
1.28471
1.28583
1.27545
1.253
1.21986
1.17922
1.13568
1.09463
1.06146
1.04034
1.0335
1.0405
1.05867
1.08395
1.11193
1.13872
1.16183
1.18024
1.19424
1.20475
1.21255
1.21772
1.21971
1.21767
1.21091
1.19923
1.18302
1.16305
1.14053
1.11724
1.0958
1.07965
1.07233
1.0763
1.09187
1.11693
1.14778
1.18013
1.21002
1.23439
1.25105
1.25881
1.25724
1.24671
1.22849
1.20489
1.17892
1.15396
1.13312
1.11881
1.11252
1.1146
1.1242
1.13901
1.15574
1.17087
1.18156
1.18664
1.18674
1.18361
1.1791
1.17388
1.16717
1.1576
1.14496
1.131
1.11904
1.11269
1.11457
1.12558
1.14484
1.16998
1.19761
1.22379
1.24473
1.25738
1.25996
1.25223
1.23571
1.21357
1.1902
1.17024
1.15744
1.15381
1.15931
1.1723
1.19019
1.20998
1.22857
1.24295
1.25087
1.25128
1.24445
1.23153
1.21425
1.19449
1.17409
1.15476
1.13764
1.12316
1.11102
1.10066
1.09175
1.08484
1.08171
1.08525
1.09843
1.12187
1.15207
1.18261
1.20754
1.22341
1.22932
1.22609
1.21536
1.19901
1.17895
1.15703
1.1351
1.11503
1.09847
1.08667
1.08018
1.07883
1.08181
1.08785
1.09552
1.10336
1.11001
1.11442
1.11595
1.11473
1.11211
1.11043
1.11249
1.12065
1.13578
1.15687
1.18123
1.20548
1.22644
1.24171
1.24985
1.25012
1.2424
1.22715
1.20567
1.18035
1.15459
1.13193
1.11528
1.10591
1.10331
1.1056
1.11043
1.11569
1.11994
1.12263
1.12439
1.12707
1.13329
1.1453
1.16356
1.18604
1.20912
1.22928
1.24459
1.25483
1.26073
1.26299
1.26161
1.25604
1.24574
1.23105
1.21351
1.19567
1.18034
1.16966
1.16454
1.16467
1.16887
1.17553
1.1831
1.19063
1.1978
1.20458
1.21096
1.21681
1.22156
1.22429
1.22403
1.22007
1.21251
1.20227
1.19068
1.17868
1.16617
1.15216
1.1357
1.11697
1.09801
1.08246
1.07436
1.07625
1.08767
1.1054
1.12481
1.14186
1.15441
1.16245
1.16745
1.17141
1.17544
1.17891
1.17947
1.17477
1.16382
1.14801
1.13103
1.11782
1.11297
1.11914
1.13606
1.16075
1.18875
1.2156
1.23793
1.25383
1.26285
1.2656
1.2631
1.25631
1.24606
1.23322
1.21899
1.20459
1.19118
1.1796
1.17054
1.16436
1.16089
1.15924
1.15784
1.15483
1.14872
1.13912
1.12745
1.11686
1.11162
1.1155
1.12992
1.15308
1.18052
1.20694
1.22777
1.24
1.24229
1.23449
1.21734
1.19227
1.16119
1.12674
1.09259
1.06316
1.04257
1.03318
1.0346
1.04399
1.0575
1.07192
1.08531
1.09708
1.10762
1.11774
1.12818
1.13956
1.1523
1.16688
1.18343
1.20155
1.22016
1.23766
1.25248
1.26364
1.27109
1.27541
1.27759
1.27854
1.27881
1.27817
1.27559
1.26951
1.25852
1.24178
1.21959
1.19318
1.16486
1.13754
1.11424
1.0973
1.08802
1.08653
1.0918
1.10199
1.11482
1.12807
1.13982
1.14881
1.15427
1.15584
1.15346
1.14744
1.13859
1.12855
1.11944
1.11319
1.11087
1.11224
1.11578
1.11937
1.12104
1.11975
1.11565
1.10989
1.10404
1.09945
1.0971
1.09763
1.10173
1.11034
1.12448
1.14438
1.16876
1.19461
1.21774
1.23423
1.2419
1.24081
1.23336
1.22311
1.2136
1.20734
1.2055
1.20864
1.21724
1.23175
1.25193
1.27599
1.30064
1.3218
1.33583
1.34032
1.33433
1.31818
1.29329
1.26194
1.22692
1.19135
1.1583
1.13019
1.1083
1.09286
1.08332
1.07869
1.07779
1.07922
1.08147
1.08329
1.08428
1.08505
1.0868
1.09023
1.09518
1.10106
1.10759
1.11494
1.12308
1.13132
1.13829
1.14248
1.14278
1.1393
1.13373
1.12913
1.1286
1.13387
1.14463
1.15937
1.17644
1.19448
1.21227
1.22845
1.24149
1.24977
1.25211
1.24813
1.23834
1.22424
1.20818
1.19292
1.18107
1.1742
1.17247
1.17441
1.17754
1.17913
1.17699
1.17011
1.1588
1.14447
1.12918
1.115
1.10353
1.09601
1.09341
1.09658
1.10603
1.12106
1.13964
1.15887
1.1757
1.18822
1.1961
1.20026
1.20238
1.20419
1.20702
1.21168
1.21846
1.22688
1.23566
1.24266
1.24522
1.24084
1.22799
1.20678
1.17892
1.14754
1.11627
1.08867
1.06757
1.05452
1.04968
1.05208
1.06018
1.07254
1.08812
1.10627
1.12638
1.14748
1.16819
1.18693
1.20242
1.21407
1.2222
1.22786
1.23244
1.23708
1.24224
1.24755
1.25199
1.25396
1.25173
1.24384
1.22982
1.21062
1.18869
1.1674
1.15009
1.13888
1.13422
1.13493
1.1389
1.14364
1.14692
1.14713
1.14359
1.13662
1.12757
1.11844
1.11158
1.10932
1.11327
1.12381
1.13993
1.15947
1.17994
1.19903
1.21507
1.22693
1.23403
1.23614
1.23322
1.22546
1.21338
1.19831
1.18216
1.1674
1.15642
1.15075
1.15058
1.15464
1.16048
1.16527
1.16672
1.16353
1.15558
1.144
1.13098
1.11945
1.11206
1.11011
1.11319
1.11968
1.12758
1.13497
1.14014
1.14165
1.13878
1.13198
1.12283
1.11386
1.10793
1.10711
1.11224
1.12261
1.13646
1.15156
1.16568
1.177
1.18439
1.18763
1.18734
1.18477
1.18161
1.1795
1.17952
1.18193
1.18608
1.19067
1.19428
1.19589
1.19526
1.19302
1.19037
1.18836
1.18704
1.1854
1.18184
1.17499
1.16428
1.14979
1.13239
1.11367
1.0958
1.08137
1.07281
1.07189
1.07923
1.0941
1.11478
1.13891
1.16393
1.18741
1.20735
1.2223
1.23148
1.23479
1.23268
1.22607
1.21607
1.2038
1.19032
1.1768
1.16469
1.15544
1.15031
1.14985
1.15375
1.16089
1.16968
1.17857
1.18626
1.19183
1.19454
1.19394
1.18992
1.18276
1.17344
1.16362
1.1553
1.15038
1.14998
1.15422
1.16226
1.17248
1.18285
1.19132
1.19632
1.19708
1.19362
1.1866
1.1773
1.16747
1.15904
1.15363
1.15205
1.15404
1.15832
1.1632
1.16724
1.16961
1.17016
1.16926
1.16745
1.16511
1.16245
1.15942
1.15607
1.15247
1.14872
1.14466
1.13981
1.13361
1.12613
1.11873
1.11394
1.11397
1.11929
1.12839
1.13898
1.14935
1.15876
1.16716
1.1748
1.18195
1.18884
1.1954
1.20117
1.2053
1.20687
1.2053
1.20057
1.19309
1.18362
1.17304
1.16274
1.15435
1.1494
1.14844
1.15103
1.15586
1.16119
1.16542
1.1675
1.16709
1.16459
1.16086
1.15686
1.15341
1.1512
1.15067
1.15194
1.15426
1.15623
1.1562
1.15295
1.14634
1.13754
1.12883
1.12303
1.12264
1.12897
1.14185
1.15965
1.17968
1.1989
1.21467
1.22521
1.22955
1.22732
1.21843
1.20295
1.18117
1.15387
1.12271
1.09033
1.06015
1.03582
1.0206
1.01651
1.02383
1.04091
1.06466
1.09143
1.1176
1.14004
1.15628
1.16477
1.16517
1.15859
1.14777
1.13638
1.12804
1.12528
1.1289
1.13826
1.15208
1.16908
1.18817
1.20856
1.2295
1.2502
1.26976
1.28711
1.30089
1.30974
1.31239
1.30816
1.29684
1.27889
1.25517
1.22716
1.19727
1.1694
1.14875
1.14006
1.14495
1.16068
1.18143
1.20097
1.21458
1.2195
1.21505
1.20254
1.18498
1.16607
1.14906
1.13592
1.12728
1.12294
1.12259
1.1263
1.13428
1.14631
1.16106
1.17581
1.18701
1.19151
1.18758
1.17551
1.15741
1.13685
1.11815
1.10522
1.10062
1.1048
1.11594
1.1305
1.1442
1.15315
1.15462
1.14755
1.1327
1.11263
1.09137
1.07344
1.06279
1.06155
1.06946
1.08435
1.10338
1.12389
1.14376
1.16137
1.17529
1.18429
1.18763
1.18536
1.17848
1.16875
1.15823
1.14893
1.14281
1.14171
1.14739
1.16104
1.18266
1.21071
1.24213
1.273
1.29955
1.31888
1.32944
1.33099
1.32404
1.30937
1.2878
1.26031
1.22855
1.19517
1.16358
1.13687
1.11678
1.10306
1.094
1.08733
1.08114
1.07454
1.06774
1.06161
1.05721
1.05533
1.05613
1.05923
1.06388
1.06927
1.07479
1.08011
1.08512
1.08988
1.09482
1.1008
1.10902
1.12066
1.13648
1.15657
1.1804
1.20701
1.23511
1.26329
1.28989
1.3128
1.32946
1.33732
1.33437
1.32012
1.29609
1.2655
1.2326
1.2014
1.175
1.15506
1.14176
1.13397
1.1298
1.12719
1.12448
1.1207
1.11603
1.11168
1.1095
1.11135
1.11842
1.1309
1.1481
1.16861
1.19041
1.21132
1.22948
1.24361
1.2533
1.25864
1.26016
1.25821
1.25276
1.24341
1.2299
1.21254
1.1926
1.17199
1.15247
1.13529
1.12126
1.11119
1.10569
1.10502
1.10853
1.11465
1.12153
1.12757
1.13177
1.13376
1.13357
1.13126
1.12677
1.12009
1.11147
1.1017
1.09199
1.08354
1.07722
1.07357
1.07277
1.07505
1.08072
1.09002
1.10298
1.11929
1.13821
1.15855
1.17893
1.19798
1.21439
1.22717
1.23572
1.23985
1.2399
1.23679
1.232
1.22719
1.22375
1.22247
1.22334
1.22575
1.22862
1.23051
1.22988
1.22538
1.21625
1.20247
1.18469
1.16406
1.14214
1.12072
1.10144
1.08588
1.0754
1.07105
1.07314
1.08127
1.0943
1.11046
1.1275
1.14267
1.15349
1.15851
1.15813
1.15446
1.15057
1.1493
1.15262
1.1613
1.17524
1.19353
1.21451
1.23565
1.25378
1.26628
1.27184
1.27092
1.26514
1.2561
1.24473
1.2313
1.21594
1.19877
1.18028
1.16135
1.14322
1.1275
1.11617
1.11107
1.11318
1.12195
1.13554
1.15141
1.16737
1.18185
1.19377
1.20217
1.20618
1.2051
1.19834
1.18564
1.16708
1.14358
1.11769
1.09362
1.07642
1.06997
1.0753
1.09027
1.11056
1.13135
1.14875
1.16072
1.16715
1.16914
1.16822
1.16604
1.16414
1.16389
1.16643
1.1724
1.18175
1.19386
1.20751
1.22078
1.23153
1.23781
1.23858
1.23402
1.22541
1.2145
1.20292
1.19201
1.18271
1.17574
1.17175
1.17118
1.1739
1.17921
1.18578
1.19193
1.19612
1.19737
1.19536
1.19035
1.18286
1.17327
1.16168
1.14799
1.1322
1.11511
1.09863
1.08559
1.07923
1.08219
1.09545
1.11795
1.14668
1.1775
1.20617
1.22936
1.24522
1.25314
1.25331
1.24646
1.23377
1.21678
1.19725
1.17696
1.1573
1.13932
1.12378
1.1113
1.10221
1.0966
1.09408
1.09395
1.09516
1.09641
1.09627
1.09364
1.08817
1.08063
1.07279
1.06693
1.06549
1.06999
1.07969
1.09143
1.10141
1.10752
1.11018
1.11143
1.11362
1.11832
1.12592
1.1358
1.14661
1.15711
1.16685
1.17635
1.1866
1.19839
1.21178
1.22612
1.24034
1.25325
1.26383
1.27129
1.27468
1.27331
1.26681
1.25558
1.24076
1.22443
1.20925
1.19806
1.19264
1.19283
1.19641
1.20017
1.20161
1.19971
1.1945
1.18585
1.17328
1.15642
1.13578
1.11305
1.09134
1.07504
1.06819
1.07237
1.08573
1.10475
1.12599
1.14662
1.16401
1.17566
1.17978
1.1758
1.16491
1.14999
1.13514
1.12463
1.12159
1.12734
1.14133
1.1616
1.18465
1.20601
1.22109
1.22668
1.22193
1.20878
1.19155
1.17535
1.16401
1.15919
1.16056
1.16688
1.17733
1.19158
1.20961
1.23078
1.25321
1.27384
1.28921
1.29647
1.29411
1.28219
1.26237
1.23759
1.2116
1.18822
1.17053
1.16013
1.15689
1.15928
1.16506
1.17205
1.17876
1.18453
1.18936
1.19347
1.19689
1.19937
1.20029
1.19888
1.19448
1.18669
1.17553
1.16124
1.14453
1.12644
1.10866
1.09366
1.08382
1.07996
1.08045
1.08237
1.08311
1.08128
1.07668
1.06998
1.06222
1.05459
1.04841
1.04503
1.04579
1.05175
1.06332
1.08006
1.10078
1.12383
1.14755
1.17067
1.19236
1.21209
1.22947
1.24459
1.25774
1.26927
1.27921
1.28698
1.29131
1.29042
1.2825
1.26612
1.24099
1.20836
1.17124
1.13403
1.10201
1.07998
1.07104
1.07578
1.09223
1.11663
1.14455
1.172
1.19619
1.2156
1.22988
1.23888
1.24206
1.23838
1.22706
1.20829
1.18372
1.15632
1.12963
1.10684
1.08991
1.07945
1.07508
1.07621
1.08241
1.09342
1.10909
1.1288
1.15109
1.17394
1.19512
1.21264
1.22525
1.23214
1.23249
1.22575
1.21208
1.19313
1.17229
1.15408
1.14303
1.14227
1.15232
1.1709
1.19367
1.2154
1.23141
1.23849
1.23534
1.22238
1.20127
1.17437
1.14459
1.11554
1.0913
1.0757
1.07144
1.07902
1.09647
1.12025
1.14668
1.17297
1.19761
1.21998
1.23961
1.25582
1.26747
1.27311
1.2716
1.26259
1.24699
1.2268
1.20461
1.18285
1.16323
1.14667
1.13351
1.12395
1.1183
1.11723
1.12144
1.13063
1.14273
1.15439
1.16264
1.16677
1.16856
1.17107
1.17654
1.18511
1.1949
1.20309
1.20691
1.20443
1.19461
1.17751
1.15432
1.12699
1.09822
1.07118
1.04924
1.03555
1.03243
1.04067
1.05936
1.08648
1.11943
1.15564
1.19267
1.22825
1.26037
1.28715
1.30701
1.31867
1.32133
1.31471
1.29945
1.27724
1.25056
1.22224
1.1944
1.16804
1.14325
1.12
1.09905
1.08231
1.0724
1.07161
1.08035
1.09662
1.11649
1.13555
1.15032
1.15894
1.1615
1.15988
1.15685
1.15484
1.15517
1.15776
1.16151
1.16502
1.16706
1.16695
1.16452
1.16005
1.15406
1.14725
1.14059
1.13543
1.1333
1.13567
1.1435
1.15724
1.17685
1.20156
1.22944
1.25734
1.28166
1.29935
1.30829
1.30747
1.29689
1.27747
1.25117
1.22096
1.19037
1.16304
1.14197
1.12867
1.12286
1.12253
1.12466
1.12638
1.12575
1.12248
1.11753
1.11243
1.1086
1.10729
1.10936
1.11492
1.12294
1.13171
1.1395
1.14537
1.14918
1.15142
1.15269
1.15344
1.15416
1.15537
1.15768
1.16178
1.1682
1.17723
1.18897
1.20314
1.2191
1.23534
1.24973
1.25977
1.26303
1.25791
1.24421
1.22326
1.19784
1.17129
1.14669
1.12612
1.11071
1.10076
1.09618
1.09676
1.10206
1.11125
1.12305
1.13566
1.14703
1.15519
1.15863
1.1565
1.14871
1.13597
1.11964
1.10147
1.08331
1.0669
1.05371
1.04508
1.04226
1.04647
1.05869
1.07932
1.10768
1.14172
1.17825
1.21356
1.24427
1.26807
1.28405
1.29265
1.29518
1.29301
1.28704
1.27757
1.26477
1.24899
1.23113
1.21247
1.19446
1.17848
1.16552
1.15612
1.15025
1.1475
1.14707
1.14787
1.14873
1.14845
1.14603
1.14106
1.13375
1.12481
1.11514
1.10565
1.09726
1.09109
1.08859
1.09133
1.10058
1.11686
1.1397
1.16742
1.19743
1.22644
1.25125
1.26927
1.279
1.28017
1.27367
1.26115
1.24436
1.22472
1.2031
1.18014
1.15663
1.13389
1.11375
1.09773
1.08614
1.07801
1.07184
1.06665
1.06261
1.06083
1.06277
1.06945
1.08105
1.0968
1.11527
1.13477
1.1536
1.17034
1.18394
1.1938
1.20007
1.20374
1.20655
1.21044
1.21673
1.22559
1.23597
1.24584
1.25276
1.25468
1.2503
1.23956
1.2236
1.20441
1.18461
1.16683
1.1532
1.14479
1.14144
1.14176
1.14346
1.144
1.14132
1.13454
1.12408
1.11145
1.09899
1.08921
1.08423
1.0855
1.09341
1.1072
1.12506
1.14461
1.16327
1.17902
1.19067
1.1979
1.20104
1.20075
1.19788
1.19329
1.18767
1.18138
1.17444
1.16669
1.15815
1.14953
1.14214
1.1374
1.13588
1.13704
1.13982
1.14353
1.14809
1.15369
1.16015
1.16663
1.17147
1.17281
1.16904
1.15979
1.14617
1.1309
1.11796
1.11168
1.11552
1.13084
1.15627
1.18819
1.22196
1.25325
1.27875
1.29617
1.30403
1.30176
1.28954
1.26866
1.24131
1.21028
1.17861
1.1493
1.12515
1.10843
1.10026
1.10029
1.10673
1.117
1.12856
1.1398
1.15026
1.16029
1.17047
1.18092
1.19103
1.19938
1.20435
1.20446
1.19886
1.18752
1.17138
1.15229
1.13295
1.11636
1.10516
1.10092
1.10383
1.113
1.12681
1.14352
1.16136
1.17864
1.19376
1.20522
1.21201
1.21385
1.2113
1.20555
1.1979
1.18929
1.18007
1.17003
1.15898
1.14714
1.13537
1.12492
1.1171
1.11298
1.11323
1.11797
1.12672
1.13836
1.15142
1.16427
1.1754
1.1836
1.18807
1.18861
1.18576
1.18069
1.17495
1.17006
1.16709
1.16635
1.16738
1.16914
1.17032
1.16987
1.1674
1.16329
1.15852
1.15423
1.1513
1.14998
1.14986
1.15003
1.14941
1.14703
1.14221
1.1349
1.12596
1.11715
1.11063
1.10808
1.11046
1.11755
1.12835
1.14152
1.15539
1.1681
1.17771
1.18249
1.1813
1.17411
1.16225
1.14811
1.1346
1.12446
1.11987
1.12255
1.13369
1.15344
1.18024
1.2108
1.24102
1.26745
1.28841
1.30424
1.31659
1.3268
1.33463
1.33795
1.33334
1.31729
1.2872
1.24253
1.18558
1.12216
1.06094
1.01121
0.979819
0.969475
0.979476
1.00697
1.04724
1.09369
1.13885
1.17607
1.20084
1.21121
1.2075
1.19185
1.16767
1.13911
1.11054
1.08612
1.06942
1.06317
1.06895
1.08697
1.11568
1.15164
1.19003
1.22566
1.25411
1.27244
1.27943
1.27553
1.26281
1.24443
1.22411
1.2053
1.1901
1.17899
1.17163
1.16789
1.16845
1.17402
1.18413
1.19652
1.20811
1.21624
1.21961
1.21814
1.21228
1.20258
1.18962
1.17419
1.15737
1.14079
1.12621
1.11526
1.1089
1.10728
1.11004
1.11648
1.126
1.13798
1.15154
1.1652
1.17705
1.18543
1.18961
1.19028
1.18924
1.18857
1.1898
1.19319
1.1974
1.19995
1.19821
1.19049
1.17687
1.15926
1.1409
1.12534
1.11547
1.11282
1.11749
1.12847
1.14399
1.16187
1.17976
1.19517
1.20556
1.20871
1.2032
1.18877
1.16695
1.14074
1.11384
1.08972
1.07094
1.05906
1.05502
1.05942
1.07239
1.09328
1.12052
1.1517
1.18414
1.21536
1.2432
1.2656
1.28053
1.28622
1.28171
1.26735
1.2449
1.21707
1.1869
1.15731
1.13128
1.11163
1.1006
1.09935
1.10765
1.12408
1.1463
1.17142
1.19623
1.21756
1.23269
1.23993
1.23874
1.22976
1.2143
1.19378
1.16964
1.14348
1.11749
1.09451
1.07755
1.06894
1.06969
1.07895
1.09419
1.11182
1.12799
1.1395
1.14445
1.14237
1.13416
1.12204
1.1091
1.09881
1.0944
1.09836
1.11194
1.13513
1.16637
1.20262
1.23965
1.27278
1.29784
1.31186
1.31337
1.30253
1.28085
1.25107
1.21686
1.18264
1.15321
1.13318
1.12618
1.1335
1.15357
1.1821
1.21324
1.24112
1.26129
1.2713
1.27061
1.26018
1.24186
1.21804
1.19149
1.16506
1.14159
1.12336
1.11159
1.10605
1.10517
1.10665
1.10828
1.10882
1.1083
1.1078
1.10867
1.11182
1.11717
1.12365
1.12952
1.13316
1.13367
1.13118
1.12662
1.12166
1.11811
1.11758
1.1211
1.12871
1.13929
1.15083
1.16143
1.16997
1.17616
1.18014
1.18213
1.18218
1.18021
1.17586
1.16865
1.15815
1.14445
1.12862
1.11294
1.1004
1.09391
1.09542
1.10541
1.12316
1.14732
1.17629
1.20821
1.24075
1.2713
1.29727
1.31633
1.32659
1.32676
1.31623
1.2952
1.26468
1.2266
1.18366
1.1394
1.0981
1.0642
1.04165
1.03299
1.03848
1.05594
1.08154
1.11093
1.14037
1.16724
1.18996
1.2076
1.21955
1.22541
1.22512
1.219
1.20779
1.19249
1.17444
1.15543
1.13767
1.12347
1.11472
1.11247
1.11665
1.12641
1.14045
1.15724
1.17531
1.19332
1.21
1.22404
1.23417
1.2392
1.23826
1.23071
1.21625
1.19498
1.16748
1.13489
1.09915
1.06308
1.03006
1.00331
0.985229
0.977306
0.980098
0.993544
1.01678
1.04781
1.08364
1.12086
1.1565
1.18864
1.21658
1.24085
1.26293
1.28448
1.30624
1.32748
1.34569
1.35763
1.3605
1.35263
1.33394
1.30562
1.2697
1.22877
1.18614
1.14568
1.11162
1.08798
1.07733
1.08006
1.09418
1.11578
1.13972
1.16119
1.17655
1.18414
1.18423
1.17854
1.16952
1.1599
1.15236
1.14927
1.15209
1.16069
1.17315
1.18652
1.19774
1.20483
1.20712
1.20485
1.1985
1.1884
1.17482
1.15825
1.13935
1.11914
1.09897
1.08059
1.06584
1.05614
1.05193
1.05263
1.05729
1.06524
1.07644
1.09109
1.10909
1.12985
1.15221
1.175
1.19735
1.21875
1.23882
1.25689
1.27177
1.28193
1.28608
1.28339
1.27387
1.25854
1.23913
1.21767
1.19579
1.17435
1.15358
1.13369
1.11535
1.09976
1.08798
1.08023
1.07597
1.0744
1.07541
1.07988
1.08953
1.10614
1.13065
1.16244
1.19902
1.23634
1.26961
1.29407
1.30582
1.30227
1.28262
1.24853
1.20491
1.15993
1.12252
1.09844
1.08835
1.08902
1.09654
1.10828
1.12339
1.14234
1.16592
1.19383
1.22381
1.25187
1.27327
1.28372
1.28047
1.26282
1.2324
1.19291
1.1501
1.11064
1.08073
1.06439
1.06252
1.07318
1.09313
1.11899
1.14754
1.17539
1.19904
1.21538
1.22238
1.21962
1.20835
1.19105
1.17075
1.15042
1.13252
1.11883
1.11032
1.10723
1.10882
1.11356
1.11968
1.12573
1.13097
1.13539
1.13956
1.14426
1.15034
1.15841
1.16885
1.18146
1.19538
1.20911
1.22082
1.22886
1.23248
1.23206
1.22902
1.2252
1.22246
1.22207
1.22444
1.22913
1.2349
1.23996
1.24219
1.23939
1.22969
1.2122
1.18742
1.15741
1.12568
1.09622
1.07229
1.05555
1.04591
1.04239
1.04418
1.05121
1.06363
1.08107
1.10198
1.12413
1.14576
1.16619
1.18564
1.20466
1.22335
1.24098
1.25636
1.26808
1.27508
1.27661
1.27224
1.26191
1.24596
1.22544
1.20218
1.17859
1.15721
1.14038
1.12967
1.12558
1.12773
1.13527
1.14727
1.16258
1.17957
1.1962
1.21052
1.22123
1.22772
1.22961
1.22663
1.21882
1.20701
1.19297
1.17906
1.16731
1.15827
1.15082
1.14303
1.13328
1.12121
1.10797
1.096
1.08867
1.08927
1.09976
1.11996
1.14734
1.17783
1.20671
1.22959
1.24294
1.24443
1.23311
1.20967
1.17651
1.13772
1.09874
1.06534
1.04249
1.03328
1.03881
1.05807
1.08781
1.12259
1.1562
1.18396
1.20423
1.21817
1.22807
1.23551
1.24063
1.2426
1.24066
1.23476
1.22573
1.21506
1.20409
1.19372
1.18433
1.17595
1.1686
1.16245
1.15799
1.15597
1.15738
1.16332
1.17464
1.19115
1.21127
1.2318
1.24847
1.2571
1.25478
1.24079
1.21689
1.18681
1.15524
1.12651
1.10352
1.08744
1.07787
1.07331
1.07199
1.0723
1.0734
1.07516
1.07813
1.08321
1.09134
1.10308
1.11829
1.13607
1.15498
1.17332
1.18935
1.20141
1.20823
1.20907
1.20421
1.195
1.18368
1.17279
1.16436
1.15951
1.1585
1.16106
1.16661
1.17425
1.18261
1.18983
1.19421
1.19474
1.19167
1.18644
1.18107
1.17787
1.17885
1.18561
1.1991
1.21918
1.24398
1.27015
1.29366
1.31083
1.31911
1.31757
1.30652
1.28738
1.26193
1.23189
1.19864
1.16341
1.1276
1.09297
1.06146
1.03521
1.01639
1.0074
1.01028
1.02586
1.05253
1.08661
1.12322
1.15747
1.18511
1.20321
1.21062
1.20809
1.19797
1.18336
1.16741
1.15254
1.14009
1.13045
1.12346
1.1192
1.11855
1.12287
1.13347
1.15056
1.17265
1.19684
1.22003
1.23998
1.25561
1.2665
1.27215
1.27175
1.26428
1.24911
1.22685
1.20001
1.17311
1.15165
1.14019
1.1406
1.15173
1.17064
1.1936
1.21667
1.23567
1.24643
1.24529
1.22999
1.2005
1.15956
1.11271
1.06753
1.03199
1.01257
1.01253
1.03129
1.06479
1.10685
1.15078
1.19062
1.22184
1.24173
1.24947
1.2461
1.23435
1.21796
1.20067
1.18517
1.17247
1.16195
1.15208
1.14138
1.12926
1.11633
1.10407
1.09431
1.08889
1.08928
1.0962
1.10901
1.12569
1.14288
1.15687
1.16465
1.16512
1.15945
1.15054
1.14183
1.13605
1.13441
1.1365
1.14108
1.14689
1.15316
1.15966
1.16611
1.17179
1.17561
1.17665
1.17501
1.17177
1.16855
1.16672
1.16666
1.1678
1.16909
1.16954
1.16887
1.16787
1.16824
1.17211
1.18102
1.1952
1.21316
1.23201
1.24846
1.25972
1.26407
1.26091
1.25046
1.23375
1.21253
1.1891
1.16626
1.1466
1.13181
1.1224
1.11787
1.11715
1.11909
1.12296
1.12871
1.13676
1.14761
1.16086
1.17476
1.18629
1.19208
1.18961
1.17811
1.15868
1.13383
1.10715
1.08246
1.06296
1.05089
1.04703
1.05114
1.0623
1.07943
1.10125
1.12613
1.1521
1.17702
1.19913
1.21749
1.2321
1.24354
1.25223
1.25801
1.26038
1.2589
1.25343
1.24449
1.23315
1.22131
1.21122
1.20497
1.20381
1.20745
1.21394
1.22019
1.22307
1.22042
1.21155
1.19712
1.17849
1.1571
1.13407
1.11042
1.08753
1.06726
1.05181
1.04316
1.04269
1.05121
1.06884
1.09478
1.12668
1.16034
