1.4874
1.44463
1.37328
1.27526
1.15417
1.01616
0.870366
0.72878
0.60464
0.509599
0.450699
0.428573
0.437869
0.469426
0.512952
0.559148
0.600874
0.633526
0.654838
0.66446
0.663498
0.654072
0.638897
0.620911
0.602994
0.587662
0.577048
0.572901
0.576622
0.589121
0.610645
0.640472
0.676679
0.71629
0.755762
0.791681
0.821363
0.84309
0.856326
0.861664
0.860668
0.8555
0.848405
0.841376
0.835615
0.831489
0.828629
0.826281
0.823657
0.82018
0.81554
0.809632
0.802458
0.794115
0.784857
0.775141
0.765759
0.757836
0.752704
0.751488
0.754807
0.762273
0.772637
0.784173
0.795386
0.805461
0.814317
0.822235
0.829392
0.83558
0.840272
0.842939
0.843393
0.841785
0.838529
0.834061
0.828643
0.822216
0.814529
0.805528
0.795661
0.785997
0.778014
0.772974
0.77112
0.771444
0.772037
0.770856
0.766351
0.757722
0.74508
0.729519
0.712926
0.697585
0.685585
0.67848
0.677078
0.681416
0.690908
0.704437
0.720353
0.736574
0.75074
0.7606
0.764354
0.761095
0.750996
0.735381
0.716499
0.697235
0.680774
0.670086
0.667403
0.67384
0.689274
0.712428
0.741176
0.772933
0.805014
0.834856
0.860368
0.880117
0.893449
0.900482
0.902008
0.899243
0.89368
0.88678
0.879569
0.872273
0.86424
0.85436
0.841775
0.826471
0.809497
0.792423
0.776668
0.763016
0.751706
0.742594
0.735355
0.729463
0.724389
0.719784
0.715757
0.712934
0.712348
0.715003
0.72141
0.731322
0.743804
0.757562
0.77141
0.784477
0.796209
0.80623
0.814021
0.818667
0.81902
0.814037
0.803531
0.78881
0.772658
0.758551
0.749003
0.744189
0.74222
0.740862
0.739105
0.737551
0.737769
0.741124
0.74793
0.757359
0.76791
0.778222
0.78735
0.794838
0.80043
0.803942
0.805212
0.804382
0.80196
0.799025
0.796939
0.796933
0.799568
0.804384
0.810095
0.815084
0.818105
0.818673
0.817083
0.813989
0.809924
0.805182
0.800008
0.794826
0.790124
0.78623
0.783272
0.781149
0.779652
0.778467
0.777373
0.776334
0.775434
0.774869
0.774876
0.775652
0.777383
0.78006
0.783329
0.786564
0.789043
0.79019
0.789885
0.788555
0.787075
0.786406
0.787044
0.788612
0.789882
0.78934
0.785913
0.779497
0.770861
0.761539
0.753423
0.748213
0.746977
0.749805
0.755799
0.763261
0.770103
0.774314
0.774484
0.770028
0.761192
0.748929
0.734769
0.720599
0.708611
0.70113
0.700266
0.707389
0.722503
0.744064
0.769258
0.794711
0.817355
0.835025
0.846703
0.852468
0.853117
0.84994
0.844341
0.837482
0.830185
0.822914
0.815759
0.808592
0.801171
0.793268
0.784833
0.77604
0.767568
0.760693
0.757035
0.758024
0.76416
0.774663
0.787705
0.800946
0.812073
0.819222
0.821481
0.819152
0.813614
0.806722
0.800039
0.794232
0.788972
0.783382
0.776683
0.768771
0.760361
0.752821
0.747509
0.745235
0.74591
0.748703
0.752516
0.756301
0.759497
0.762244
0.76518
0.769089
0.774119
0.779532
0.783935
0.786046
0.785054
0.780922
0.774084
0.765178
0.754708
0.743137
0.73102
0.719164
0.708614
0.700424
0.69549
0.694523
0.697868
0.705494
0.717002
0.731724
0.748777
0.767029
0.785209
0.801942
0.815867
0.825904
0.831631
0.83363
0.833515
0.833164
0.833617
0.834631
0.835115
0.834011
0.830942
0.82646
0.821795
0.818338
0.816975
0.817683
0.819543
0.82097
0.820235
0.815976
0.807585
0.795366
0.780363
0.76413
0.748268
0.734111
0.72256
0.714113
0.708887
0.70669
0.706905
0.70863
0.710977
0.713434
0.71619
0.720043
0.725848
0.733985
0.744269
0.756037
0.768542
0.781119
0.793117
0.803821
0.81238
0.817973
0.81999
0.818101
0.812399
0.803403
0.791982
0.779427
0.767383
0.757854
0.7528
0.75347
0.759599
0.769325
0.780164
0.790133
0.798178
0.803951
0.807534
0.809516
0.811097
0.813686
0.818255
0.824739
0.831839
0.837452
0.839372
0.835837
0.825954
0.809986
0.789327
0.76645
0.744482
0.726698
0.715879
0.713698
0.720444
0.735025
0.755351
0.778721
0.802224
0.823035
0.83867
0.847291
0.848066
0.841493
0.829345
0.814383
0.799378
0.786292
0.775897
0.768156
0.762784
0.759606
0.758624
0.759817
0.76282
0.766874
0.770824
0.773131
0.772284
0.767205
0.757629
0.744459
0.72975
0.716181
0.706317
0.701974
0.703707
0.710878
0.72207
0.735518
0.749412
0.762036
0.77189
0.777834
0.779235
0.776169
0.769553
0.760985
0.752435
0.745869
0.742884
0.74442
0.750625
0.760736
0.773329
0.786612
0.798803
0.808496
0.814783
0.81737
0.81659
0.813168
0.808034
0.802084
0.796138
0.790975
0.787191
0.785206
0.785068
0.786366
0.788301
0.789824
0.79002
0.78835
0.784825
0.779857
0.774135
0.768511
0.763906
0.761142
0.760647
0.762316
0.765495
0.769231
0.772664
0.775318
0.777188
0.778671
0.780448
0.783364
0.78807
0.79476
0.802938
0.811366
0.818372
0.822229
0.821717
0.816536
0.807446
0.796298
0.785525
0.7775
0.773592
0.773532
0.775514
0.777101
0.776421
0.773039
0.767767
0.761744
0.755735
0.749827
0.743633
0.736634
0.728627
0.720075
0.712161
0.706468
0.70443
0.707011
0.714519
0.726775
0.743128
0.76226
0.7823
0.801122
0.816676
0.827376
0.832263
0.831126
0.824587
0.813913
0.800914
0.78768
0.776233
0.768364
0.765378
0.767916
0.775673
0.787083
0.799492
0.809795
0.815452
0.815394
0.810353
0.802702
0.795638
0.792115
0.793751
0.800353
0.810314
0.821266
0.830818
0.83696
0.838464
0.835061
0.827325
0.816535
0.80415
0.791561
0.779823
0.769699
0.761782
0.756722
0.755179
0.75758
0.763781
0.772937
0.783541
0.793726
0.801653
0.805848
0.805354
0.799903
0.789894
0.776362
0.760866
0.745083
0.73049
0.717937
0.7078
0.700092
0.694439
0.690225
0.686782
0.683868
0.682178
0.683457
0.689992
0.703679
0.72526
0.754034
0.788035
0.824415
0.85989
0.891166
0.915397
0.930518
0.935553
0.930653
0.917051
0.896898
0.872962
0.848014
0.824256
0.802863
0.783894
0.766776
0.750968
0.73634
0.723406
0.713097
0.706345
0.703656
0.704752
0.70858
0.71367
0.718787
0.723333
0.727491
0.73202
0.737817
0.745479
0.75494
0.765471
0.775825
0.784702
0.791426
0.796345
0.800514
0.804606
0.808167
0.810211
0.8104
0.809342
0.807881
0.806142
0.803392
0.798741
0.791813
0.783088
0.773777
0.765525
0.759872
0.757773
0.759132
0.762809
0.767033
0.769997
0.770324
0.767186
0.760637
0.751855
0.743112
0.73713
0.73594
0.740012
0.748134
0.758238
0.768306
0.776976
0.783793
0.789197
0.794505
0.80131
0.810774
0.822781
0.835836
0.847645
0.855966
0.859122
0.856257
0.84734
0.833112
0.815035
0.79511
0.775655
0.758945
0.746694
0.739755
0.738019
0.740602
0.746222
0.753561
0.761421
0.768663
0.774345
0.777806
0.778851
0.777945
0.775952
0.773832
0.772213
0.771274
0.770806
0.770605
0.770861
0.772181
0.774879
0.77822
0.78041
0.779749
0.775672
0.768991
0.761331
0.754318
0.749039
0.745813
0.744252
0.743495
0.742587
0.740736
0.737682
0.733992
0.730985
0.73046
0.733942
0.741952
0.753786
0.768097
0.783451
0.798648
0.812708
0.82478
0.834153
0.840274
0.842699
0.841135
0.835627
0.826596
0.814879
0.80168
0.788396
0.776365
0.766501
0.759176
0.754217
0.751118
0.749207
0.747747
0.746091
0.743722
0.740511
0.736829
0.73352
0.731645
0.732138
0.735615
0.742374
0.752498
0.765875
0.7819
0.799356
0.816462
0.831123
0.841368
0.84577
0.843818
0.83597
0.823776
0.809468
0.795557
0.784288
0.777083
0.774145
0.774449
0.776184
0.777298
0.776202
0.772186
0.76546
0.756948
0.747793
0.73912
0.731957
0.727442
0.726834
0.731325
0.741489
0.756677
0.775026
0.794026
0.811174
0.824398
0.832224
0.833848
0.829046
0.818187
0.802328
0.783193
0.763172
0.745001
0.731171
0.723349
0.721988
0.72623
0.734254
0.743834
0.752881
0.759887
0.764228
0.766335
0.767632
0.769857
0.774324
0.781367
0.790415
0.800614
0.811135
0.821121
0.829424
0.83463
0.835225
0.83023
0.819557
0.804145
0.785827
0.766875
0.749537
0.735688
0.726582
0.72282
0.724336
0.730432
0.739914
0.751329
0.763144
0.773929
0.782629
0.788837
0.79293
0.79577
0.798424
0.801641
0.805666
0.810125
0.81416
0.816616
0.816515
0.813376
0.807404
0.799536
0.791153
0.783613
0.778005
0.774785
0.773709
0.77395
0.774301
0.773507
0.770414
0.764211
0.754552
0.741965
0.728134
0.715896
0.708654
0.709063
0.71769
0.732724
0.750699
0.767687
0.780314
0.786401
0.785187
0.777399
0.765059
0.751059
0.738627
0.73077
0.729599
0.73564
0.747267
0.761202
0.773865
0.782874
0.787721
0.789363
0.789318
0.788971
0.78918
0.790478
0.79354
0.79912
0.807743
0.818905
0.830772
0.84087
0.846914
0.847454
0.842006
0.831048
0.815832
0.798028
0.779563
0.762344
0.74812
0.738387
0.73407
0.735292
0.741159
0.750021
0.759991
0.769509
0.777689
0.784298
0.789613
0.794031
0.797625
0.799888
0.800134
0.797925
0.793518
0.787835
0.782006
0.776938
0.77316
0.770834
0.769873
0.770052
0.771013
0.772132
0.772362
0.770431
0.765083
0.755468
0.741598
0.724544
0.70645
0.690206
0.678652
0.67358
0.675124
0.681828
0.69147
0.701925
0.711844
0.720784
0.728932
0.736818
0.744984
0.753556
0.76221
0.770202
0.776776
0.781534
0.784786
0.78756
0.791237
0.797014
0.805541
0.816778
0.830082
0.844275
0.857571
0.867799
0.87296
0.871946
0.864886
0.85294
0.837907
0.821811
0.806547
0.793701
0.784332
0.778755
0.776468
0.776404
0.777197
0.777609
0.776952
0.77532
0.773754
0.773837
0.776939
0.783294
0.791373
0.798129
0.800221
0.795419
0.783451
0.766148
0.746841
0.729137
0.715864
0.708474
0.707204
0.711519
0.720473
0.732938
0.747568
0.762768
0.776772
0.787809
0.794574
0.796545
0.794118
0.78853
0.781512
0.774752
0.769256
0.764948
0.760875
0.755975
0.749558
0.741505
0.732209
0.722582
0.71423
0.709179
0.70923
0.71554
0.728458
0.747788
0.772701
0.801551
0.831589
0.859203
0.880776
0.893667
0.897072
0.89228
0.882081
0.869492
0.856757
0.845034
0.834546
0.824828
0.814976
0.804087
0.791707
0.778159
0.7647
0.75322
0.745729
0.743623
0.746939
0.754057
0.762168
0.768211
0.769775
0.765657
0.756009
0.742147
0.726271
0.710978
0.698806
0.691801
0.691178
0.697388
0.710061
0.728004
0.749159
0.771084
0.791747
0.809897
0.825024
0.837027
0.845859
0.851381
0.853534
0.852577
0.849157
0.843999
0.837711
0.830593
0.822871
0.814893
0.807104
0.79995
0.793611
0.78789
0.782203
0.775561
0.766872
0.755648
0.742999
0.731945
0.726182
0.72746
0.73438
0.743712
0.752584
0.759578
0.764506
0.767913
0.770686
0.773787
0.778045
0.783947
0.791372
0.799656
0.807691
0.814327
0.818545
0.819537
0.816937
0.810907
0.802304
0.79254
0.783098
0.775277
0.769997
0.76785
0.76904
0.77328
0.77973
0.787057
0.793726
0.798391
0.800184
0.798907
0.794969
0.789094
0.782173
0.774827
0.767359
0.759774
0.751845
0.743423
0.734738
0.726462
0.719502
0.714723
0.712783
0.714092
0.718888
0.727133
0.738415
0.751741
0.765593
0.778161
0.787929
0.793974
0.796057
0.79449
0.78994
0.783249
0.775322
0.766973
0.75888
0.75148
0.74513
0.740312
0.737699
0.738107
0.742218
0.750174
0.761177
0.773621
0.785739
0.796355
0.805188
0.812774
0.819837
0.826714
0.833103
0.838009
0.840166
0.838372
0.831944
0.820774
0.805433
0.787208
0.768045
0.750364
0.736586
0.728723
0.72794
0.734162
0.745921
0.760548
0.774894
0.786169
0.792539
0.793371
0.789155
0.781257
0.771532
0.761895
0.753926
0.748781
0.747216
0.749642
0.756045
0.765779
0.777712
0.790402
0.802429
0.8125
0.819633
0.82315
0.822669
0.818103
0.809644
0.797692
0.78291
0.76641
0.749927
0.73558
0.72538
0.720524
0.721101
0.726047
0.733612
0.74181
0.748818
0.753365
0.755038
0.75444
0.753169
0.753189
0.755681
0.760231
0.765178
0.768801
0.770326
0.770259
0.769941
0.770915
0.774361
0.780637
0.789107
0.798426
0.80691
0.812938
0.815315
0.813517
0.807872
0.799615
0.790612
0.783039
0.778838
0.779152
0.784054
0.792498
0.802458
0.811375
0.816758
0.816698
0.810603
0.799489
0.7858
0.772901
0.764016
0.760988
0.763513
0.769461
0.776053
0.781022
0.783354
0.783366
0.782295
0.781539
0.78203
0.784001
0.787213
0.791299
0.796076
0.801681
0.808525
0.817095
0.827314
0.838027
0.847117
0.852492
0.853178
0.84954
0.842811
0.834224
0.824475
0.813772
0.802193
0.790132
0.778386
0.767925
0.759638
0.754103
0.751415
0.751198
0.752677
0.75483
0.756658
0.757285
0.756094
0.75279
0.747303
0.73982
0.730872
0.721301
0.712285
0.705063
0.700614
0.699326
0.700928
0.704631
0.709353
0.71405
0.717952
0.720768
0.722638
0.724088
0.725861
0.728691
0.733143
0.739473
0.747647
0.757301
0.767705
0.777975
0.787441
0.795872
0.803372
0.810128
0.816099
0.820821
0.823529
0.823541
0.820796
0.815916
0.810245
0.805349
0.802495
0.802129
0.803597
0.805439
0.806003
0.804087
0.799305
0.792041
0.783097
0.773079
0.76233
0.750919
0.73892
0.726838
0.715894
0.707876
0.704639
0.707473
0.716555
0.731036
0.749471
0.770316
0.791955
0.812695
0.830976
0.84577
0.85684
0.864631
0.869738
0.872576
0.873107
0.870882
0.865239
0.85543
0.840699
0.820662
0.795771
0.767879
0.740261
0.717166
0.702554
0.698453
0.703981
0.715954
0.730544
0.744714
0.756515
0.76486
0.76903
0.768549
0.763241
0.75355
0.740773
0.727034
0.714638
0.705356
0.700174
0.699637
0.704163
0.714008
0.728726
0.746776
0.765602
0.78251
0.79566
0.804565
0.809808
0.812593
0.814399
0.81659
0.820302
0.826214
0.834197
0.843018
0.850662
0.854973
0.854231
0.847563
0.835023
0.817533
0.796648
0.774333
0.752629
0.733321
0.717839
0.707094
0.701471
0.701012
0.705511
0.714609
0.727687
0.743797
0.761625
0.779533
0.79593
0.809597
0.819965
0.826984
0.83091
0.832013
0.830272
0.825311
0.816578
0.803758
0.787121
0.767882
0.748319
0.731645
0.720968
0.717889
0.721661
0.729615
0.738503
0.745816
0.750257
0.751727
0.751139
0.750056
0.750382
0.753864
0.761732
0.774287
0.790692
0.808947
0.826315
0.839813
0.846787
0.845706
0.836617
0.821272
0.802345
0.78236
0.76293
0.74485
0.728632
0.71488
0.704431
0.6986
0.699373
0.708482
0.726064
0.749904
0.77646
0.802207
0.824418
0.841347
0.852258
0.857353
0.857558
0.854158
0.84854
0.841973
0.835307
0.828876
0.822603
0.816304
0.810035
0.804437
0.800523
0.799115
0.800099
0.802128
0.803064
0.800839
0.794172
0.783116
0.769024
0.75429
0.741601
0.733022
0.729455
0.730619
0.735522
0.743206
0.752947
0.764057
0.775478
0.785547
0.792294
0.794019
0.789838
0.780172
0.766858
0.752899
0.741554
0.735235
0.734943
0.740308
0.75014
0.762865
0.776787
0.790373
0.80255
0.812855
0.82139
0.828479
0.834352
0.838793
0.84125
0.841008
0.837382
0.830055
0.819325
0.806174
0.792216
0.779276
0.769074
0.76282
0.760972
0.763297
0.768895
0.776407
0.784173
0.790523
0.794126
0.79403
0.79003
0.782648
0.77297
0.762451
0.752702
0.745183
0.740896
0.740064
0.741993
0.745376
0.748932
0.751944
0.754377
0.756822
0.760057
0.764763
0.771185
0.779064
0.787653
0.795685
0.80166
0.804259
0.802819
0.797492
0.789374
0.780137
0.771479
0.7646
0.76002
0.75785
0.75824
0.7616
0.76841
0.778779
0.791952
0.806375
0.820031
0.831166
0.838691
0.842357
0.842466
0.839513
0.833956
0.826154
0.81639
0.804881
0.791853
0.777684
0.762965
0.748513
0.735227
0.723788
0.714445
0.706979
0.701115
0.69666
0.693602
0.691845
0.691178
0.691448
0.692933
0.696446
0.703161
0.714044
0.729384
0.748424
0.769439
0.790063
0.807851
0.820689
0.827179
0.826771
0.819837
0.807506
0.791543
0.774266
0.758388
0.746469
0.740293
0.740459
0.746286
0.756319
0.768796
0.782052
0.794822
0.806247
0.815757
0.823018
0.827945
0.830888
0.832546
0.833629
0.834462
0.83464
0.833217
0.829312
0.822644
0.813843
0.804331
0.795835
0.789666
0.786164
0.784721
0.784186
0.783439
0.781732
0.778782
0.774678
0.76973
0.76439
0.759215
0.754838
0.752049
0.751677
0.754301
0.759799
0.767143
0.774477
0.779697
0.781131
0.778125
0.77129
0.76242
0.753968
0.748313
0.746973
0.750195
0.757095
0.76635
0.776787
0.787684
0.798596
0.808916
0.817708
0.823729
0.825787
0.823226
0.816208
0.805664
0.793028
0.779747
0.766782
0.754578
0.743323
0.733505
0.726068
0.722317
0.723428
0.729914
0.741353
0.756559
0.774019
0.792203
0.809828
0.825769
0.839048
0.848803
0.854231
0.854687
0.849852
0.839937
0.825859
0.809107
0.79145
0.774669
0.760365
0.749926
0.744585
0.745387
0.752949
0.767113
0.78655
0.808718
0.830199
0.847372
0.857119
0.857324
0.84722
0.82748
0.800163
0.768526
0.736612
0.708537
0.687712
0.676134
0.674227
0.681207
0.695668
0.71601
0.740573
0.767531
0.794673
0.819467
0.839282
0.851931
0.856006
0.851188
0.838323
0.819187
0.796244
0.772274
0.749974
0.73161
0.718827
0.712446
0.712576
0.718826
0.730483
0.746431
0.765143
0.784657
0.802815
0.817436
0.826867
0.830162
0.827382
0.819662
0.809059
0.797983
0.788559
0.781924
0.778061
0.776088
0.774761
0.772938
0.769818
0.765092
0.758941
0.751913
0.744765
0.738322
0.733379
0.730529
0.730043
0.73167
0.734646
0.737958
0.740682
0.742221
0.742306
0.740954
0.738494
0.735495
0.732591
0.730348
0.729011
0.728633
0.729415
0.731953
0.737123
0.745589
0.757226
0.770778
0.784081
0.794793
0.801257
0.803165
0.801637
0.798645
0.796111
0.795247
0.796568
0.8001
0.805758
0.81344
0.822869
0.833321
0.843496
0.851729
0.856408
0.856571
0.851949
0.843071
0.831138
0.818048
0.806122
0.797252
0.791808
0.788405
0.78471
0.778934
0.770554
0.760162
0.7488
0.737558
0.727439
0.719614
0.715501
0.716487
0.723385
0.735928
0.752781
0.771899
0.791014
0.807881
0.820588
0.827767
0.828739
0.82378
0.814024
0.801318
0.787781
0.775223
0.764625
0.756098
0.749329
0.744321
0.741774
0.742733
0.74785
0.756564
0.766938
0.77614
0.781384
0.780715
0.773515
0.76049
0.743408
0.72452
0.70596
0.689473
0.67665
0.669175
0.668599
0.675801
0.690631
0.711804
0.737217
0.764559
0.791691
0.816839
0.838643
0.856119
0.86873
0.876521
0.880092
0.880372
0.878349
0.874625
0.869321
0.862506
0.85459
0.846555
0.839489
0.833875
0.829292
0.824726
0.819127
0.811854
0.802714
0.79179
0.779259
0.765464
0.750996
0.736952
0.724683
0.715436
0.709996
0.708456
0.710314
0.714801
0.721293
0.729404
0.738905
0.749507
0.760689
0.771675
0.781527
0.789294
0.794169
0.795769
0.794311
0.790736
0.786528
0.783364
0.782724
0.785422
0.791349
0.799436
0.808057
0.815324
0.819397
0.8187
0.812126
0.799476
0.781652
0.76064
0.73927
0.720554
0.707012
0.700102
0.700202
0.706808
0.718694
0.733995
0.750514
0.766096
0.779275
0.789392
0.796591
0.801405
0.804562
0.806662
0.808015
0.808481
0.807598
0.804696
0.7991
0.790527
0.779319
0.766703
0.754367
0.743877
0.736193
0.73159
0.730013
0.731339
0.735417
0.742009
0.750648
0.760661
0.77112
0.781
0.789296
0.795244
0.798341
0.798388
0.795475
0.790009
0.782688
0.774499
0.766488
0.759644
0.754512
0.7512
0.749477
0.74886
0.748781
0.7487
0.748179
0.747017
0.745183
0.742812
0.740182
0.737849
0.736726
0.738055
0.743182
0.753133
0.768116
0.78719
0.808116
0.827714
0.842721
0.850652
0.850421
0.842356
0.827876
0.808884
0.787374
0.765121
0.743841
0.725392
0.711573
0.7038
0.702578
0.707329
0.71667
0.729036
0.743041
0.757719
0.772455
0.786952
0.80119
0.815226
0.828691
0.84059
0.849359
0.853499
0.852367
0.846623
0.83797
0.828421
0.819357
0.811062
0.803184
0.795235
0.786925
0.778321
0.770023
0.763139
0.759029
0.758814
0.762631
0.769484
0.777342
0.783908
0.787716
0.788858
0.788747
0.788878
0.789635
0.790193
0.789444
0.786898
0.782787
0.777644
0.77187
0.765542
0.758524
0.750909
0.74314
0.73592
0.730033
0.726348
0.725731
0.729031
0.736792
0.7488
0.763837
0.779952
0.79497
0.806948
0.814512
0.817089
0.814907
0.808954
0.800575
0.79112
0.781531
0.772274
0.763785
0.75686
0.752882
0.753599
0.760254
0.772733
0.789226
0.806683
0.821731
0.83159
0.834589
0.830518
0.820922
0.808929
0.798388
0.792355
0.791825
0.795579
0.801267
0.806564
0.8098
0.810009
0.806968
0.801083
0.793384
0.785466
0.779193
0.776203
0.777484
0.783085
0.792052
0.802621
0.812347
0.818626
0.819264
0.812989
0.799615
0.780024
0.756023
0.730181
0.705587
0.685341
0.671907
0.666552
0.669125
0.678215
0.691784
0.707737
0.724245
0.7398
0.753245
0.764003
0.771923
0.777223
0.780459
0.782397
0.783889
0.785611
0.78795
0.791136
0.795449
0.801227
0.808485
0.816242
0.822378
0.824475
0.82117
0.812847
0.801246
0.788486
0.776329
0.765931
0.757847
0.752248
0.748994
0.747621
0.747507
0.74801
0.748806
0.750132
0.752438
0.755821
0.75984
0.763928
0.768237
0.774085
0.783356
0.79679
0.812812
0.828144
0.83935
0.844053
0.841279
0.831305
0.81559
0.796573
0.777196
0.760433
0.748747
0.743878
0.74667
0.757096
0.773978
0.795095
0.817597
0.838606
0.855811
0.867601
0.873136
0.872215
0.865129
0.852432
0.835139
0.81498
0.794127
0.77499
0.759662
0.749322
0.743955
0.74235
0.742584
0.742776
0.741874
0.739967
0.738014
0.737178
0.73825
0.74143
0.74628
0.752048
0.757927
0.763297
0.767767
0.771041
0.772753
0.772489
0.769883
0.764836
0.757724
0.749493
0.741575
0.735645
0.733323
0.735723
0.743013
0.754172
0.767222
0.779688
0.789321
0.794461
0.79417
0.788307
0.777356
0.762362
0.744993
0.727539
0.712735
0.703452
0.701954
0.709187
0.724297
0.744989
0.768288
0.791283
0.811675
0.827925
0.839077
0.844714
0.844848
0.839995
0.831187
0.819841
0.80766
0.79629
0.787241
0.781776
0.780744
0.784221
0.791355
0.800669
0.810409
0.819018
0.825322
0.828556
0.828285
0.824295
0.816592
0.805436
0.791434
0.775602
0.759386
0.744466
0.732478
0.72485
0.722506
0.725538
0.732943
0.742701
0.752428
0.760079
0.764495
0.765729
0.764668
0.762683
0.761261
0.76167
0.764696
0.770441
0.778314
0.78731
0.796483
0.805106
0.812635
0.81845
0.821614
0.821035
0.815907
0.806416
0.794074
0.781523
0.771488
0.765541
0.763514
0.76398
0.765187
0.765866
0.765653
0.764888
0.763949
0.762726
0.760475
0.756395
0.750369
0.743273
0.736885
0.733225
0.733701
0.738541
0.746647
0.755997
0.764364
0.770042
0.772469
0.772315
0.770922
0.769419
0.768284
0.767305
0.766202
0.765183
0.765009
0.76665
0.770739
0.77727
0.785619
0.794857
0.804168
0.813038
0.821302
0.829083
0.83642
0.843075
0.848372
0.851328
0.851075
0.847167
0.83968
0.829223
0.816707
0.803118
0.789278
0.775702
0.762555
0.749989
0.738602
0.729587
0.724165
0.722644
0.72426
0.727868
0.733038
0.740438
0.751255
0.765875
0.783159
0.800743
0.816037
0.827075
0.832874
0.833258
0.828606
0.819623
0.807205
0.792427
0.776624
0.761508
0.749186
0.741913
0.741487
0.748429
0.76136
0.777356
0.793071
0.805828
0.814249
0.818109
0.817918
0.814313
0.807705
0.798149
0.785576
0.770107
0.752201
0.732746
0.713084
0.694888
0.680066
0.670543
0.667784
0.672236
0.682948
0.697576
0.713035
0.726479
0.736283
0.742555
0.747083
0.752578
0.761768
0.776568
0.797487
0.823465
0.851924
0.879428
0.90244
0.918097
0.924582
0.921395
0.909187
0.889698
0.86529
0.838618
0.81243
0.789172
0.770655
0.757955
0.751366
0.750251
0.753093
0.757849
0.762547
0.765851
0.767426
0.767698
0.767505
0.767744
0.769006
0.771351
0.77407
0.775709
0.774451
0.768781
0.758107
0.743402
0.726903
0.711205
0.698111
0.688334
0.682125
0.679819
0.681926
0.688885
0.70078
0.717191
0.737035
0.758709
0.780344
0.800124
0.816478
0.828269
0.834902
0.836295
0.833006
0.826232
0.817631
0.808792
0.800854
0.794407
0.789628
0.786588
0.785337
0.785763
0.787681
0.791103
0.796338
0.8039
0.813935
0.825924
0.838493
0.849497
0.856477
0.857222
0.850298
0.83533
0.813241
0.786144
0.75712
0.729755
0.70764
0.693563
0.688998
0.693669
0.705779
0.722633
0.741285
0.759147
0.77455
0.786828
0.796157
0.803164
0.808365
0.811812
0.813143
0.81178
0.807271
0.799486
0.788682
0.775366
0.760356
0.744828
0.730532
0.719766
0.714885
0.717534
0.727911
0.744623
0.765186
0.786753
0.80668
0.822925
0.834035
0.839204
0.838162
0.83114
0.818993
0.803257
0.785948
0.769308
0.755411
0.745876
0.74168
0.743068
0.749466
0.759341
0.770491
0.780579
0.787705
0.791097
0.791161
0.789073
0.786068
0.78259
0.778113
0.771734
0.763307
0.754
0.746027
0.741794
0.743048
0.750387
0.763226
0.779985
0.798408
0.81586
0.829822
0.838255
0.839974
0.834821
0.823805
0.809049
0.793465
0.780159
0.771629
0.769209
0.772872
0.781532
0.79346
0.806652
0.819046
0.828634
0.833914
0.834189
0.829635
0.821019
0.809502
0.796326
0.78273
0.769841
0.758429
0.748774
0.740682
0.733771
0.727832
0.723229
0.721141
0.723502
0.73229
0.747917
0.768044
0.788404
0.805029
0.815608
0.819545
0.817395
0.810237
0.799342
0.785966
0.771354
0.756735
0.743355
0.732311
0.724445
0.720118
0.719223
0.721204
0.725236
0.730345
0.73557
0.740008
0.742949
0.743964
0.743152
0.741404
0.740288
0.74166
0.747101
0.757188
0.771244
0.787487
0.803655
0.817628
0.827807
0.833231
0.833414
0.828268
0.818103
0.803783
0.786901
0.769725
0.754622
0.74352
0.737275
0.735538
0.737065
0.740289
0.743795
0.746623
0.748423
0.749594
0.751381
0.755526
0.763532
0.775709
0.790694
0.806082
0.819521
0.829729
0.836551
0.840486
0.841993
0.841075
0.837358
0.830494
0.820698
0.809005
0.797114
0.786892
0.779773
0.776359
0.776449
0.779249
0.783683
0.788732
0.793754
0.798533
0.803052
0.807305
0.81121
0.814374
0.816194
0.816017
0.813379
0.808343
0.801515
0.793787
0.785787
0.777448
0.768108
0.757134
0.74465
0.732003
0.721641
0.716243
0.717498
0.725111
0.736934
0.749874
0.76124
0.769608
0.774964
0.778302
0.780938
0.783629
0.785937
0.786314
0.783183
0.775883
0.765339
0.754023
0.745212
0.741981
0.746095
0.757371
0.773831
0.792502
0.810402
0.825287
0.835887
0.841903
0.843736
0.842065
0.837537
0.830704
0.822149
0.812657
0.803063
0.794117
0.786398
0.780361
0.776237
0.773924
0.772829
0.771896
0.769884
0.765812
0.759413
0.751634
0.744573
0.74108
0.743667
0.753283
0.768722
0.787016
0.804629
0.818515
0.826665
0.828191
0.82299
0.811563
0.794848
0.774129
0.751158
0.728392
0.708776
0.695044
0.688784
0.689734
0.695993
0.704999
0.71461
0.72354
0.731384
0.738415
0.74516
0.752121
0.759707
0.768199
0.77792
0.78895
0.80103
0.81344
0.825108
0.834984
0.842428
0.847396
0.850275
0.851729
0.852358
0.852537
0.852116
0.850391
0.846342
0.839013
0.827854
0.813057
0.795453
0.776572
0.758362
0.742824
0.731535
0.725348
0.724353
0.727864
0.734661
0.743215
0.752046
0.75988
0.765873
0.769512
0.770562
0.768972
0.76496
0.759058
0.752367
0.74629
0.742129
0.740578
0.741496
0.743854
0.746246
0.747358
0.7465
0.743769
0.739926
0.736024
0.732968
0.731399
0.731755
0.734486
0.740229
0.749653
0.762917
0.779176
0.796404
0.811828
0.822822
0.827933
0.82721
0.822237
0.815405
0.809069
0.804892
0.803668
0.805762
0.811495
0.821167
0.834619
0.850662
0.867093
0.881203
0.890555
0.893545
0.889553
0.878785
0.862196
0.841293
0.817949
0.794233
0.772201
0.75346
0.738866
0.728575
0.722212
0.719124
0.718524
0.71948
0.720978
0.722192
0.72285
0.723365
0.724531
0.72682
0.730121
0.734037
0.738396
0.743291
0.74872
0.754215
0.758863
0.761656
0.761855
0.759536
0.755823
0.752752
0.752397
0.755913
0.76309
0.772916
0.784292
0.796323
0.808177
0.818969
0.827659
0.833181
0.834739
0.832086
0.825558
0.81616
0.805456
0.795282
0.787377
0.782798
0.781647
0.782939
0.785027
0.78609
0.784661
0.780071
0.77253
0.762979
0.752787
0.743333
0.735688
0.730674
0.72894
0.731055
0.737353
0.747377
0.759762
0.772578
0.783799
0.792148
0.797397
0.800174
0.801585
0.802794
0.804683
0.807788
0.812305
0.81792
0.823775
0.82844
0.830149
0.827224
0.818659
0.804519
0.785948
0.765025
0.74418
0.725778
0.711713
0.703016
0.699789
0.701389
0.706786
0.715028
0.725412
0.737515
0.750922
0.764985
0.778791
0.791288
0.801612
0.809379
0.814798
0.818574
0.821628
0.82472
0.828159
0.831701
0.834663
0.835973
0.834484
0.829229
0.81988
0.807077
0.792462
0.778264
0.766724
0.759251
0.756144
0.75662
0.759266
0.762428
0.764615
0.764756
0.762396
0.757748
0.751715
0.74563
0.741055
0.739545
0.742179
0.749208
0.759952
0.772981
0.786626
0.799351
0.810046
0.817955
0.822685
0.824091
0.822149
0.816973
0.808918
0.798871
0.788108
0.778269
0.77095
0.767167
0.767051
0.76976
0.773653
0.776848
0.777813
0.775686
0.770388
0.762668
0.753988
0.746302
0.741377
0.740073
0.742124
0.74645
0.75172
0.756646
0.760091
0.761097
0.759184
0.754651
0.74855
0.742574
0.738619
0.738071
0.741493
0.748405
0.757638
0.767704
0.77712
0.784666
0.789594
0.791755
0.79156
0.789846
0.787741
0.786335
0.786348
0.787955
0.79072
0.793779
0.796184
0.797261
0.796842
0.795348
0.793579
0.792237
0.791361
0.790269
0.787892
0.783328
0.776189
0.766527
0.75493
0.742444
0.730533
0.72091
0.715204
0.714594
0.719487
0.729402
0.743189
0.759272
0.775953
0.79161
0.8049
0.814863
0.820989
0.823192
0.821785
0.817377
0.810713
0.802536
0.793545
0.784535
0.776462
0.770295
0.766876
0.766565
0.769168
0.773926
0.779788
0.785712
0.790841
0.794554
0.796359
0.795963
0.793279
0.788507
0.782292
0.775749
0.770197
0.76692
0.766654
0.769478
0.774839
0.781657
0.78857
0.794213
0.797545
0.798056
0.795744
0.791068
0.784868
0.778313
0.772693
0.769087
0.768036
0.769363
0.772212
0.775464
0.77816
0.779739
0.780104
0.779503
0.778299
0.77674
0.774964
0.772949
0.770714
0.768313
0.765812
0.763108
0.759876
0.755739
0.750755
0.745822
0.742626
0.742648
0.746196
0.752262
0.759322
0.766232
0.772506
0.778109
0.783201
0.787968
0.792562
0.796936
0.800782
0.803533
0.804581
0.803534
0.800383
0.795397
0.789078
0.782028
0.77516
0.769565
0.766265
0.765626
0.76735
0.770575
0.774128
0.776948
0.778333
0.778062
0.776392
0.773904
0.771237
0.768939
0.767465
0.767116
0.767962
0.769509
0.770821
0.770797
0.768633
0.764225
0.758357
0.752556
0.748685
0.748426
0.752644
0.761235
0.773097
0.786451
0.799266
0.809782
0.816806
0.819698
0.818211
0.812286
0.801967
0.787449
0.769244
0.748471
0.726886
0.706766
0.690547
0.680401
0.677671
0.682554
0.69394
0.709772
0.727621
0.74507
0.760024
0.770854
0.776516
0.776778
0.772395
0.765183
0.757589
0.752029
0.750188
0.752602
0.758839
0.768054
0.779384
0.792117
0.805707
0.819668
0.833467
0.846506
0.858074
0.867263
0.873161
0.874927
0.872107
0.864562
0.852593
0.836778
0.81811
0.798179
0.779601
0.765836
0.760038
0.7633
0.77379
0.787618
0.800649
0.809717
0.812998
0.810033
0.801696
0.789989
0.777383
0.766037
0.757281
0.751519
0.748624
0.748396
0.750869
0.756184
0.764206
0.774041
0.783871
0.79134
0.794337
0.791722
0.783672
0.771605
0.7579
0.745435
0.736811
0.733747
0.736532
0.743962
0.753663
0.762803
0.768765
0.769746
0.765032
0.75513
0.741751
0.727582
0.715627
0.708528
0.7077
0.712971
0.722899
0.735589
0.749257
0.762509
0.77425
0.783525
0.789526
0.79175
0.79024
0.785654
0.77917
0.772151
0.765956
0.761873
0.76114
0.76493
0.774025
0.788443
0.807141
0.828086
0.848669
0.866369
0.879251
0.886296
0.887328
0.882692
0.872916
0.85853
0.840206
0.819035
0.796783
0.775717
0.75791
0.744519
0.735374
0.72933
0.724888
0.720759
0.71636
0.711824
0.707737
0.704805
0.703552
0.704084
0.706153
0.709252
0.712845
0.716528
0.720071
0.723411
0.726588
0.729883
0.733869
0.739348
0.747105
0.757655
0.771046
0.786934
0.804671
0.823405
0.842194
0.859928
0.875199
0.88631
0.891544
0.889582
0.880083
0.864061
0.843666
0.82173
0.80093
0.783334
0.770041
0.761175
0.755978
0.753202
0.751462
0.749652
0.747132
0.744017
0.741118
0.739665
0.7409
0.745615
0.753937
0.765402
0.779073
0.793607
0.807548
0.819653
0.829076
0.835534
0.839095
0.840107
0.838808
0.835173
0.828942
0.819933
0.808359
0.795068
0.781328
0.768313
0.756858
0.747509
0.74079
0.737129
0.736683
0.739017
0.743101
0.747687
0.751716
0.754511
0.755842
0.755715
0.754172
0.751179
0.746726
0.740979
0.734467
0.727996
0.722357
0.718149
0.715712
0.715179
0.716702
0.720477
0.726678
0.735321
0.746196
0.758805
0.772365
0.785956
0.798653
0.809594
0.81811
0.823813
0.826566
0.826597
0.824527
0.82133
0.818124
0.815835
0.814979
0.815563
0.817168
0.819081
0.820338
0.819919
0.816917
0.810832
0.801648
0.789794
0.776038
0.761428
0.747146
0.734294
0.723923
0.716934
0.714036
0.71543
0.720848
0.729532
0.740304
0.751669
0.76178
0.76899
0.772339
0.772086
0.769642
0.767044
0.766202
0.768412
0.774202
0.783494
0.795685
0.809674
0.823764
0.835852
0.844184
0.847892
0.847283
0.843427
0.837402
0.829817
0.820867
0.810624
0.79918
0.786853
0.774234
0.762148
0.751666
0.744113
0.740716
0.74212
0.74797
0.757028
0.767609
0.778245
0.787899
0.795849
0.801446
0.804123
0.803398
0.798892
0.790426
0.77805
0.762389
0.745126
0.729079
0.717611
0.713311
0.716865
0.726844
0.740373
0.754236
0.765836
0.773813
0.778097
0.779426
0.778815
0.777362
0.776096
0.775927
0.777621
0.781602
0.787833
0.795909
0.805004
0.813855
0.821017
0.825209
0.825717
0.82268
0.81694
0.809665
0.801949
0.794675
0.788473
0.783826
0.781164
0.780788
0.782602
0.786143
0.790521
0.794617
0.797415
0.798246
0.796909
0.793566
0.788573
0.782179
0.774454
0.765325
0.754799
0.743408
0.732417
0.723727
0.719487
0.721457
0.730303
0.745298
0.764454
0.784997
0.804111
0.819576
0.830148
0.835424
0.835537
0.830974
0.822516
0.811185
0.798168
0.784642
0.771535
0.759547
0.749186
0.740865
0.734809
0.731067
0.729389
0.729298
0.730108
0.730937
0.730844
0.729094
0.725446
0.720421
0.715196
0.711284
0.710325
0.713326
0.719791
0.727622
0.734275
0.738347
0.740117
0.740953
0.742416
0.745546
0.750615
0.757202
0.764404
0.771405
0.777898
0.784235
0.791068
0.798925
0.80785
0.817412
0.82689
0.8355
0.842553
0.84753
0.849789
0.848872
0.844541
0.83705
0.827172
0.816287
0.806164
0.798707
0.795096
0.795217
0.797604
0.800116
0.801074
0.799806
0.796331
0.79057
0.782187
0.770944
0.757185
0.742034
0.727561
0.71669
0.712128
0.714912
0.72382
0.736498
0.750658
0.764411
0.776004
0.78377
0.786518
0.783867
0.776607
0.76666
0.75676
0.749751
0.74773
0.75156
0.760889
0.7744
0.789766
0.804004
0.814062
0.817789
0.814623
0.805852
0.794366
0.783566
0.776005
0.772796
0.773705
0.777921
0.784887
0.794384
0.806406
0.820519
0.83547
0.849226
0.859474
0.864315
0.86274
0.854795
0.841581
0.825058
0.80773
0.792149
0.780352
0.773419
0.771257
0.772853
0.776707
0.781368
0.785838
0.789685
0.792909
0.795647
0.797929
0.799578
0.800195
0.799251
0.796321
0.791129
0.783686
0.774161
0.76302
0.750959
0.739107
0.729106
0.722547
0.719975
0.720299
0.721579
0.722071
0.720854
0.717787
0.713323
0.708146
0.703058
0.698938
0.696686
0.697192
0.701165
0.708879
0.720037
0.733855
0.749217
0.765033
0.780445
0.794904
0.808059
0.819647
0.829726
0.838495
0.846182
0.852803
0.857986
0.860875
0.860283
0.855002
0.844081
0.827324
0.805576
0.780826
0.756023
0.734676
0.719989
0.714029
0.717189
0.728153
0.744422
0.763034
0.781334
0.79746
0.810397
0.819921
0.825923
0.828037
0.825586
0.818042
0.805524
0.789147
0.77088
0.753088
0.73789
0.726604
0.71963
0.716717
0.717473
0.721607
0.728949
0.739395
0.752531
0.76739
0.782627
0.796743
0.808425
0.816836
0.821428
0.82166
0.817165
0.808051
0.795421
0.781527
0.769384
0.762021
0.761512
0.768211
0.780599
0.795779
0.810269
0.820939
0.825662
0.823559
0.814921
0.800845
0.782913
0.763058
0.743695
0.72753
0.717134
0.714293
0.719348
0.730983
0.746836
0.764453
0.781978
0.798406
0.813318
0.826403
0.837215
0.844979
0.848742
0.847733
0.841728
0.831326
0.817868
0.803073
0.788564
0.775484
0.764445
0.755677
0.749303
0.745532
0.744822
0.747627
0.753752
0.761823
0.769594
0.775092
0.777847
0.779038
0.780714
0.784362
0.79007
0.7966
0.802058
0.804607
0.802951
0.796407
0.785006
0.769549
0.751328
0.732146
0.714121
0.69949
0.690368
0.688287
0.693777
0.706239
0.724319
0.746288
0.770429
0.795113
0.818832
0.840248
0.858098
0.871337
0.879116
0.880884
0.876475
0.866301
0.851492
0.83371
0.814826
0.796263
0.778691
0.76217
0.746665
0.732703
0.721543
0.714936
0.714408
0.720235
0.731078
0.744324
0.757035
0.766882
0.772629
0.774331
0.773252
0.771234
0.769896
0.770116
0.771837
0.774343
0.776678
0.778043
0.777965
0.776343
0.773366
0.769374
0.764831
0.760391
0.756952
0.755533
0.757112
0.762331
0.771493
0.784566
0.801042
0.819624
0.838227
0.854443
0.866235
0.872192
0.871645
0.864591
0.851645
0.834116
0.813975
0.793578
0.77536
0.761312
0.752445
0.748573
0.74835
0.749775
0.750919
0.750503
0.748317
0.745021
0.741619
0.739068
0.738196
0.739576
0.74328
0.748628
0.754474
0.759666
0.763582
0.76612
0.767616
0.768457
0.768963
0.769443
0.770248
0.771787
0.774518
0.778797
0.784821
0.792645
0.802095
0.812731
0.823558
0.833154
0.839844
0.842021
0.838607
0.82947
0.815504
0.798558
0.780859
0.764457
0.750748
0.740476
0.733839
0.730785
0.731171
0.734704
0.740834
0.748699
0.75711
0.764684
0.770127
0.772419
0.770999
0.765808
0.757311
0.746425
0.734314
0.722203
0.711265
0.702475
0.696717
0.694842
0.697649
0.705792
0.719546
0.738451
0.76115
0.785503
0.80904
0.829515
0.845382
0.856034
0.861765
0.863456
0.862008
0.858026
0.851716
0.843177
0.832661
0.820754
0.808311
0.796307
0.78565
0.777015
0.770747
0.766835
0.765002
0.76471
0.765246
0.765823
0.765634
0.764021
0.760707
0.755833
0.749872
0.743427
0.737099
0.731505
0.727395
0.72573
0.727553
0.73372
0.744575
0.759799
0.778282
0.798284
0.817625
0.834167
0.846182
0.852669
0.853444
0.849115
0.840765
0.829573
0.816479
0.802068
0.78676
0.771085
0.755927
0.742497
0.731817
0.724092
0.71867
0.714559
0.711098
0.708403
0.70722
0.708513
0.712969
0.720697
0.731201
0.74351
0.756511
0.769063
0.780225
0.789291
0.795868
0.800047
0.802491
0.804369
0.806959
0.811152
0.817059
0.823977
0.830563
0.835174
0.836452
0.833533
0.826372
0.815734
0.802942
0.789739
0.777889
0.768797
0.763192
0.760961
0.761173
0.762308
0.762668
0.760881
0.756362
0.749386
0.740967
0.732662
0.726142
0.722819
0.723664
0.728938
0.738132
0.750039
0.763072
0.775511
0.786011
0.793781
0.798602
0.80069
0.8005
0.798588
0.795529
0.791778
0.787585
0.782962
0.777791
0.772101
0.766356
0.761427
0.758266
0.757253
0.758026
0.759883
0.762354
0.765395
0.769124
0.773434
0.777753
0.780982
0.781874
0.779363
0.77319
0.764111
0.753936
0.745307
0.741117
0.743679
0.753891
0.770847
0.792125
0.814641
0.835497
0.852502
0.864111
0.869355
0.867838
0.859696
0.845772
0.827542
0.806853
0.785742
0.766197
0.7501
0.738953
0.733508
0.73353
0.737817
0.744665
0.75237
0.75987
0.766843
0.773526
0.780312
0.787281
0.794023
0.79959
0.802901
0.802974
0.799238
0.791679
0.780918
0.768192
0.755299
0.744237
0.736776
0.733947
0.735888
0.742001
0.751208
0.762344
0.774239
0.785762
0.795838
0.80348
0.808005
0.809233
0.80753
0.8037
0.798599
0.792862
0.786716
0.78002
0.772652
0.764759
0.756913
0.749945
0.744734
0.74199
0.742151
0.745314
0.75115
0.758906
0.767613
0.77618
0.783603
0.789067
0.792046
0.792405
0.790506
0.787128
0.783298
0.780043
0.778058
0.777568
0.778256
0.779428
0.780214
0.779914
0.778268
0.77553
0.772349
0.769489
0.767534
0.766653
0.766573
0.76669
0.76627
0.764685
0.761472
0.756603
0.750641
0.744769
0.740417
0.73872
0.740309
0.745035
0.752231
0.761013
0.770259
0.778732
0.785139
0.788326
0.787535
0.782743
0.77483
0.765406
0.756402
0.749642
0.746577
0.748363
0.755795
0.768957
0.786825
0.807199
0.827344
0.844967
0.858939
0.86949
0.877727
0.884535
0.88975
0.891964
0.888893
0.878194
0.858134
0.828355
0.790383
0.748108
0.707295
0.674141
0.653213
0.646317
0.652984
0.671315
0.698161
0.729129
0.75923
0.784049
0.800562
0.807471
0.805003
0.79457
0.778445
0.759405
0.740357
0.724077
0.712944
0.708782
0.712636
0.724646
0.74379
0.767759
0.793354
0.817108
0.836076
0.848294
0.852955
0.850356
0.841872
0.829617
0.816073
0.803534
0.793399
0.785997
0.781084
0.778592
0.778964
0.782677
0.789418
0.797681
0.805403
0.810825
0.813073
0.81209
0.808188
0.801721
0.793079
0.782791
0.771582
0.760525
0.75081
0.74351
0.739263
0.738185
0.740029
0.744323
0.75067
0.758653
0.767691
0.776799
0.784697
0.790285
0.793074
0.793518
0.792828
0.792378
0.793203
0.795461
0.798265
0.799967
0.798805
0.793659
0.784578
0.772838
0.760598
0.750228
0.743646
0.741882
0.744994
0.752312
0.762662
0.77458
0.786509
0.796779
0.803708
0.805809
0.802131
0.792512
0.777967
0.760491
0.742559
0.726483
0.713959
0.706041
0.703344
0.706278
0.714925
0.728855
0.747011
0.767802
0.789427
0.810241
0.828798
0.84373
0.853684
0.857481
0.854471
0.844899
0.82993
0.81138
0.791267
0.77154
0.75419
0.741088
0.733732
0.732902
0.738432
0.749389
0.764202
0.780945
0.797487
0.811709
0.821792
0.826619
0.825824
0.819843
0.809531
0.795854
0.779759
0.762321
0.744992
0.729673
0.718369
0.712625
0.713126
0.719297
0.729463
0.741215
0.751994
0.759666
0.762969
0.761578
0.756109
0.748024
0.739403
0.732537
0.729598
0.732237
0.741295
0.756754
0.777581
0.801746
0.826435
0.848522
0.865224
0.874571
0.875581
0.868352
0.853901
0.834045
0.811241
0.78843
0.768807
0.75545
0.750787
0.755664
0.769048
0.78807
0.808824
0.827412
0.840857
0.847535
0.847071
0.84012
0.827907
0.812029
0.794324
0.776708
0.761057
0.748905
0.741058
0.737367
0.736779
0.737764
0.738852
0.739215
0.738869
0.738535
0.739112
0.74121
0.744783
0.749102
0.75301
0.75544
0.755783
0.754118
0.75108
0.747775
0.745406
0.745056
0.747403
0.752475
0.759527
0.767219
0.774283
0.779982
0.784106
0.78676
0.788086
0.78812
0.786804
0.783905
0.779102
0.772103
0.762965
0.752417
0.741962
0.733597
0.729274
0.730278
0.736939
0.748776
0.764881
0.784195
0.805476
0.827166
0.847536
0.864845
0.877552
0.884397
0.884505
0.877489
0.863464
0.843121
0.817733
0.789109
0.759602
0.732067
0.709467
0.694437
0.688659
0.692319
0.70396
0.721028
0.74062
0.760248
0.778162
0.793304
0.805064
0.813035
0.816941
0.816744
0.812664
0.805196
0.794996
0.782959
0.770284
0.758444
0.74898
0.743149
0.741643
0.744431
0.750942
0.760298
0.771496
0.783541
0.795544
0.806669
0.816028
0.822782
0.826133
0.825509
0.820476
0.810834
0.796655
0.778319
0.756594
0.732764
0.708717
0.686706
0.668874
0.656819
0.651537
0.653398
0.662363
0.677853
0.698542
0.72243
0.747242
0.770997
0.79243
0.811054
0.82723
0.841954
0.856317
0.870828
0.88499
0.897129
0.905085
0.906999
0.901751
0.889295
0.87041
0.846465
0.819177
0.790757
0.763784
0.741079
0.725322
0.718221
0.720042
0.729451
0.743851
0.759812
0.774124
0.784365
0.789429
0.789489
0.78569
0.779677
0.773265
0.768238
0.766178
0.768057
0.773792
0.782102
0.791015
0.798496
0.803223
0.804749
0.803235
0.798998
0.792265
0.783213
0.772164
0.759567
0.746091
0.732646
0.720396
0.710562
0.704094
0.701289
0.701755
0.70486
0.710163
0.71763
0.727391
0.739397
0.753232
0.768142
0.783332
0.798234
0.812503
0.825879
0.837925
0.847844
0.85462
0.857384
0.855592
0.849246
0.839028
0.826089
0.811779
0.797195
0.782903
0.769056
0.755795
0.743568
0.733175
0.725321
0.720156
0.71731
0.716267
0.71694
0.71992
0.726354
0.737429
0.753767
0.774962
0.799346
0.824229
0.846406
0.862714
0.870547
0.868178
0.855078
0.83235
0.803275
0.773288
0.748346
0.732295
0.725564
0.726015
0.731023
0.738855
0.748929
0.761558
0.777278
0.795884
0.815876
0.834582
0.848847
0.855814
0.853649
0.841883
0.821597
0.795276
0.766735
0.74043
0.720486
0.709595
0.708345
0.715456
0.728755
0.745995
0.765026
0.783592
0.799361
0.810254
0.814921
0.813082
0.805568
0.79403
0.780501
0.766947
0.755016
0.745884
0.740216
0.738156
0.739211
0.742371
0.74645
0.750488
0.753977
0.75693
0.759705
0.762842
0.766893
0.772275
0.779236
0.787643
0.796917
0.806076
0.81388
0.819239
0.821651
0.821376
0.819344
0.816797
0.814976
0.814713
0.816293
0.819419
0.823265
0.826642
0.828125
0.826263
0.819797
0.808132
0.791613
0.77161
0.750451
0.730814
0.714861
0.703697
0.697271
0.694928
0.696121
0.70081
0.709089
0.720714
0.734655
0.749422
0.763842
0.777457
0.790424
0.803107
0.815565
0.827321
0.837572
0.845388
0.850054
0.851074
0.848163
0.84127
0.830639
0.81696
0.801451
0.78573
0.771471
0.76025
0.753111
0.750388
0.751817
0.756845
0.764847
0.775055
0.786382
0.797464
0.807014
0.814156
0.818478
0.819742
0.817751
0.812544
0.804673
0.79531
0.78604
0.778209
0.772179
0.767212
0.762022
0.755522
0.747476
0.738646
0.730666
0.725783
0.726179
0.733174
0.746641
0.764896
0.78522
0.80447
0.819724
0.828628
0.829622
0.822071
0.806445
0.784343
0.758481
0.73249
0.710228
0.69499
0.688857
0.692538
0.705379
0.725206
0.748391
0.7708
0.789306
0.802821
0.812115
0.818712
0.823673
0.827087
0.828403
0.827103
0.82317
0.817155
0.810038
0.802727
0.795811
0.789552
0.783969
0.779068
0.774969
0.771996
0.770647
0.771589
0.775549
0.783091
0.794099
0.807514
0.821197
0.832314
0.838065
0.836518
0.827192
0.811257
0.791208
0.77016
0.751005
0.735679
0.724962
0.718579
0.715541
0.714659
0.714866
0.7156
0.716771
0.718752
0.722142
0.727561
0.735387
0.745528
0.757381
0.769984
0.782212
0.792899
0.800943
0.805486
0.806047
0.802809
0.796664
0.789121
0.781859
0.776238
0.773004
0.772333
0.77404
0.777741
0.782836
0.788409
0.79322
0.796141
0.796493
0.794448
0.790959
0.787382
0.785244
0.785903
0.790406
0.799398
0.812785
0.829318
0.846768
0.862442
0.873887
0.879408
0.878377
0.871016
0.858253
0.841284
0.821261
0.799092
0.775606
0.751735
0.728647
0.70764
0.69014
0.677596
0.671597
0.67352
0.683907
0.70169
0.724406
0.748815
0.771647
0.790071
0.802139
0.807077
0.805395
0.798646
0.788907
0.778272
0.768359
0.760061
0.753632
0.748971
0.746135
0.745701
0.748582
0.75565
0.767043
0.781767
0.797895
0.813356
0.826653
0.837072
0.844336
0.848098
0.847833
0.842854
0.83274
0.817903
0.800007
0.782072
0.767768
0.760128
0.760402
0.767822
0.780426
0.795735
0.81111
0.82378
0.830955
0.830195
0.819997
0.800335
0.773037
0.741808
0.711686
0.687996
0.675046
0.675021
0.687527
0.709858
0.737901
0.767185
0.793747
0.81456
0.827821
0.832978
0.830735
0.822899
0.811974
0.800448
0.790112
0.78165
0.774635
0.768053
0.76092
0.752843
0.744217
0.736047
0.729542
0.725925
0.726189
0.730798
0.739342
0.750463
0.761923
0.771248
0.776435
0.776744
0.772968
0.767025
0.76122
0.75737
0.75627
0.757669
0.760722
0.764595
0.768772
0.773109
0.777404
0.781192
0.783741
0.784431
0.783342
0.781178
0.779034
0.777815
0.777775
0.778533
0.779392
0.779691
0.779249
0.778578
0.778829
0.781405
0.787344
0.796801
0.808771
0.821339
0.832307
0.839815
0.842715
0.840608
0.833642
0.822497
0.808351
0.792734
0.777509
0.764398
0.754539
0.748263
0.745247
0.744764
0.746062
0.748643
0.752472
0.757841
0.765073
0.773906
0.783171
0.790858
0.794718
0.793071
0.785404
0.772451
0.755885
0.738097
0.72164
0.708642
0.700593
0.698023
0.700758
0.708198
0.719622
0.734166
0.750754
0.768068
0.78468
0.799423
0.81166
0.821399
0.82903
0.834819
0.838675
0.840255
0.839268
0.835621
0.829657
0.822101
0.814205
0.807482
0.803314
0.802538
0.80497
0.809294
0.813459
0.815382
0.813613
0.807702
0.798081
0.785661
0.771398
0.756049
0.740282
0.725023
0.711505
0.701205
0.695439
0.695129
0.700807
0.71256
0.729851
0.75112
0.773559
