-7.83155
-7.75185
-7.62509
-7.46671
-7.27245
-7.05765
-6.83734
-6.61977
-6.43096
-6.28515
-6.19453
-6.16232
-6.1753
-6.222
-6.28827
-6.35627
-6.41952
-6.46817
-6.49949
-6.51295
-6.51086
-6.49736
-6.47589
-6.44924
-6.42268
-6.40066
-6.38441
-6.37786
-6.38312
-6.40219
-6.43448
-6.47824
-6.53385
-6.59327
-6.65216
-6.70701
-6.75186
-6.78316
-6.80528
-6.81296
-6.81308
-6.80435
-6.79371
-6.78381
-6.77679
-6.77028
-6.76631
-6.76214
-6.75821
-6.75461
-6.74701
-6.7362
-6.72641
-6.71422
-6.69969
-6.68285
-6.66651
-6.65365
-6.64595
-6.64283
-6.64846
-6.66095
-6.67747
-6.69769
-6.71354
-6.7293
-6.74323
-6.75575
-6.76778
-6.77577
-6.78281
-6.79037
-6.7917
-6.78961
-6.78375
-6.77576
-6.76634
-6.7567
-6.74517
-6.73102
-6.71621
-6.70139
-6.68909
-6.68088
-6.67875
-6.67989
-6.68078
-6.67836
-6.67128
-6.65898
-6.64099
-6.61829
-6.5947
-6.57104
-6.55239
-6.54238
-6.53963
-6.5471
-6.55843
-6.5784
-6.60033
-6.62499
-6.64689
-6.65974
-6.66408
-6.66016
-6.64372
-6.62094
-6.5897
-6.56307
-6.53773
-6.52331
-6.51896
-6.52926
-6.55144
-6.58747
-6.63124
-6.68083
-6.72895
-6.77404
-6.8149
-6.84711
-6.86938
-6.87895
-6.88059
-6.87483
-6.86615
-6.85742
-6.84596
-6.83534
-6.82329
-6.80977
-6.78959
-6.76437
-6.73729
-6.71265
-6.68869
-6.66757
-6.64931
-6.63499
-6.62543
-6.61627
-6.60963
-6.60143
-6.59539
-6.59083
-6.5893
-6.59134
-6.60192
-6.61679
-6.63325
-6.65518
-6.6779
-6.69653
-6.71413
-6.7311
-6.74279
-6.75008
-6.75094
-6.74282
-6.72673
-6.70271
-6.6788
-6.65796
-6.64202
-6.6361
-6.63314
-6.63111
-6.63041
-6.63067
-6.631
-6.63635
-6.64624
-6.66168
-6.67556
-6.69103
-6.70537
-6.71855
-6.72693
-6.73252
-6.73378
-6.7348
-6.72858
-6.72288
-6.71813
-6.71812
-6.72337
-6.73157
-6.74273
-6.75021
-6.75313
-6.75203
-6.74803
-6.74177
-6.73697
-6.73018
-6.72209
-6.714
-6.70824
-6.70369
-6.69829
-6.69316
-6.69318
-6.69173
-6.69073
-6.69079
-6.68782
-6.68536
-6.68569
-6.68621
-6.68719
-6.69185
-6.6974
-6.70387
-6.70889
-6.70867
-6.7108
-6.70654
-6.70237
-6.70331
-6.70459
-6.70792
-6.71144
-6.70934
-6.70355
-6.69392
-6.68226
-6.66795
-6.65254
-6.64375
-6.64093
-6.64646
-6.65578
-6.66633
-6.67659
-6.68388
-6.68478
-6.67745
-6.66517
-6.64548
-6.62359
-6.60201
-6.58402
-6.57507
-6.57312
-6.58349
-6.60713
-6.63785
-6.67597
-6.71674
-6.75103
-6.77786
-6.79506
-6.80435
-6.80565
-6.80056
-6.79442
-6.78251
-6.77286
-6.76196
-6.7522
-6.74242
-6.72902
-6.71587
-6.70257
-6.68679
-6.67311
-6.6628
-6.65666
-6.66009
-6.66897
-6.68505
-6.7072
-6.72771
-6.74376
-6.75384
-6.7569
-6.75438
-6.74542
-6.73573
-6.72603
-6.7157
-6.70652
-6.69749
-6.68711
-6.6746
-6.66295
-6.65035
-6.64173
-6.63897
-6.63836
-6.6432
-6.64957
-6.65719
-6.66134
-6.66676
-6.67181
-6.67864
-6.68489
-6.69334
-6.69865
-6.70343
-6.70259
-6.69639
-6.68516
-6.67051
-6.65286
-6.63486
-6.61539
-6.60052
-6.58728
-6.57435
-6.56565
-6.56323
-6.56987
-6.58195
-6.60019
-6.62292
-6.64947
-6.67652
-6.70606
-6.73052
-6.75011
-6.76387
-6.77214
-6.77448
-6.77593
-6.77605
-6.77608
-6.77922
-6.77865
-6.77667
-6.77175
-6.76535
-6.75932
-6.75381
-6.75209
-6.75315
-6.75497
-6.75679
-6.75601
-6.7493
-6.73574
-6.71935
-6.69555
-6.67347
-6.64741
-6.62585
-6.60723
-6.59359
-6.5851
-6.58116
-6.58375
-6.58407
-6.58856
-6.5929
-6.59735
-6.60216
-6.61248
-6.62534
-6.64012
-6.65744
-6.6762
-6.69474
-6.71274
-6.73042
-6.74196
-6.75229
-6.755
-6.75184
-6.74167
-6.72915
-6.71007
-6.69156
-6.67414
-6.66114
-6.6555
-6.65586
-6.66441
-6.6777
-6.69299
-6.71021
-6.72163
-6.72997
-6.73437
-6.73734
-6.73971
-6.7436
-6.75077
-6.75856
-6.76953
-6.77795
-6.78051
-6.77554
-6.76071
-6.73643
-6.70544
-6.67145
-6.63785
-6.60987
-6.59364
-6.5894
-6.60114
-6.62269
-6.65189
-6.68727
-6.7235
-6.75536
-6.77817
-6.79272
-6.79615
-6.78758
-6.77098
-6.74821
-6.72376
-6.7038
-6.68918
-6.67854
-6.67178
-6.66572
-6.66295
-6.66538
-6.67054
-6.6763
-6.68125
-6.68439
-6.68247
-6.67615
-6.66017
-6.63976
-6.61899
-6.59572
-6.58028
-6.57506
-6.57863
-6.58842
-6.60747
-6.62538
-6.64557
-6.66548
-6.67994
-6.68983
-6.69258
-6.68862
-6.67902
-6.66682
-6.65043
-6.64155
-6.63772
-6.6397
-6.65095
-6.6645
-6.68403
-6.7059
-6.7229
-6.73776
-6.74525
-6.74945
-6.74893
-6.74282
-6.73544
-6.72652
-6.71792
-6.70823
-6.7032
-6.70281
-6.70099
-6.70035
-6.70422
-6.70845
-6.70809
-6.70462
-6.69933
-6.69253
-6.68427
-6.67777
-6.67119
-6.66542
-6.66403
-6.66589
-6.66968
-6.67496
-6.68011
-6.6828
-6.68431
-6.68524
-6.68823
-6.69325
-6.7016
-6.71196
-6.72714
-6.73881
-6.74965
-6.75576
-6.75434
-6.74624
-6.7339
-6.7175
-6.70199
-6.6906
-6.68474
-6.68465
-6.6873
-6.69001
-6.68866
-6.681
-6.67374
-6.6647
-6.65601
-6.64553
-6.63495
-6.62574
-6.61308
-6.60058
-6.59097
-6.58049
-6.57711
-6.58033
-6.59386
-6.6116
-6.63969
-6.66645
-6.69812
-6.72571
-6.75066
-6.76768
-6.77242
-6.77072
-6.75994
-6.74295
-6.72378
-6.70166
-6.6874
-6.67333
-6.66691
-6.67266
-6.68883
-6.70659
-6.72489
-6.74034
-6.74948
-6.74777
-6.74021
-6.72808
-6.71651
-6.71187
-6.71529
-6.72552
-6.74176
-6.75787
-6.77187
-6.77914
-6.78172
-6.77468
-6.76113
-6.74462
-6.72539
-6.7091
-6.69084
-6.67695
-6.66604
-6.65716
-6.65452
-6.65974
-6.66743
-6.68116
-6.69642
-6.71235
-6.72424
-6.73021
-6.73109
-6.72421
-6.7092
-6.68857
-6.66436
-6.64165
-6.61555
-6.59672
-6.57925
-6.56963
-6.56083
-6.55419
-6.54999
-6.54627
-6.54406
-6.54468
-6.55577
-6.57792
-6.61191
-6.65605
-6.70802
-6.76324
-6.81516
-6.85949
-6.89713
-6.92046
-6.92769
-6.92001
-6.90026
-6.871
-6.8338
-6.79832
-6.763
-6.72929
-6.70084
-6.67614
-6.6534
-6.63275
-6.61206
-6.59497
-6.58322
-6.5779
-6.57857
-6.58464
-6.59001
-6.59703
-6.60482
-6.61041
-6.61785
-6.62914
-6.63869
-6.65514
-6.67094
-6.68647
-6.70076
-6.71214
-6.72049
-6.72772
-6.73321
-6.74082
-6.74388
-6.74352
-6.74193
-6.74006
-6.73454
-6.72782
-6.72279
-6.71272
-6.69995
-6.68696
-6.67425
-6.6635
-6.65938
-6.66207
-6.66629
-6.67296
-6.67773
-6.67984
-6.67578
-6.66531
-6.65311
-6.63902
-6.63101
-6.62664
-6.63307
-6.64396
-6.66009
-6.67616
-6.68884
-6.69907
-6.70588
-6.71416
-6.72631
-6.74115
-6.76078
-6.78134
-6.79808
-6.80992
-6.81368
-6.81036
-6.79925
-6.77694
-6.74852
-6.71799
-6.68718
-6.66276
-6.64438
-6.63235
-6.62943
-6.63363
-6.64173
-6.65307
-6.66357
-6.67443
-6.68198
-6.68652
-6.68841
-6.689
-6.68762
-6.68412
-6.68169
-6.67931
-6.67958
-6.67895
-6.67869
-6.68261
-6.68698
-6.692
-6.69431
-6.6917
-6.68591
-6.67524
-6.66407
-6.65225
-6.64628
-6.64176
-6.64071
-6.63926
-6.63854
-6.63609
-6.62989
-6.625
-6.62049
-6.62164
-6.62719
-6.63856
-6.65599
-6.67519
-6.69757
-6.72102
-6.74502
-6.76248
-6.77557
-6.78605
-6.78807
-6.78734
-6.77908
-6.76424
-6.74439
-6.72524
-6.70499
-6.68727
-6.6728
-6.66375
-6.65599
-6.65167
-6.64653
-6.64434
-6.64218
-6.63733
-6.63316
-6.62861
-6.623
-6.61986
-6.62157
-6.62484
-6.63531
-6.65082
-6.6738
-6.69816
-6.72338
-6.75033
-6.76941
-6.78413
-6.79235
-6.79007
-6.77635
-6.75741
-6.73724
-6.71476
-6.69526
-6.68737
-6.68329
-6.68536
-6.68602
-6.68932
-6.68638
-6.67906
-6.66962
-6.65523
-6.64247
-6.63108
-6.62227
-6.6168
-6.61394
-6.61873
-6.63333
-6.65546
-6.68267
-6.71311
-6.74175
-6.76061
-6.77171
-6.77382
-6.76564
-6.74806
-6.72459
-6.69686
-6.66877
-6.64248
-6.62108
-6.60967
-6.60796
-6.61367
-6.62733
-6.64235
-6.65754
-6.66708
-6.67359
-6.67643
-6.67902
-6.68138
-6.68711
-6.69962
-6.71222
-6.72882
-6.74427
-6.75861
-6.77042
-6.77693
-6.77782
-6.7658
-6.75108
-6.72732
-6.70016
-6.67173
-6.64507
-6.62462
-6.61161
-6.60435
-6.60695
-6.61868
-6.63291
-6.64938
-6.66808
-6.68296
-6.69763
-6.70468
-6.71082
-6.71573
-6.7197
-6.72583
-6.73316
-6.74309
-6.74849
-6.75185
-6.74911
-6.74376
-6.73189
-6.72202
-6.71074
-6.70073
-6.69426
-6.68846
-6.68717
-6.68851
-6.68709
-6.68299
-6.67932
-6.66969
-6.65391
-6.63665
-6.61719
-6.59883
-6.58797
-6.58631
-6.60152
-6.62343
-6.65007
-6.67459
-6.69612
-6.70363
-6.70084
-6.68915
-6.67032
-6.64899
-6.62937
-6.61855
-6.61518
-6.62521
-6.64103
-6.66323
-6.68255
-6.6951
-6.70366
-6.70742
-6.70864
-6.70974
-6.70908
-6.71005
-6.71303
-6.72075
-6.73401
-6.7501
-6.76726
-6.78241
-6.79212
-6.79326
-6.78476
-6.76994
-6.74841
-6.7217
-6.69303
-6.66784
-6.64619
-6.62964
-6.6222
-6.62338
-6.63316
-6.64742
-6.66303
-6.67828
-6.69055
-6.69916
-6.70811
-6.71668
-6.72077
-6.72449
-6.72454
-6.72219
-6.71558
-6.70641
-6.69831
-6.68909
-6.68407
-6.68091
-6.67882
-6.6765
-6.67632
-6.67735
-6.67673
-6.67448
-6.66808
-6.65495
-6.63382
-6.60791
-6.5798
-6.55284
-6.53421
-6.52725
-6.52957
-6.54416
-6.56057
-6.57593
-6.59048
-6.60292
-6.61482
-6.62665
-6.63955
-6.65208
-6.66603
-6.67802
-6.68886
-6.69761
-6.70314
-6.7073
-6.71087
-6.72115
-6.73427
-6.75307
-6.77108
-6.79367
-6.81588
-6.83025
-6.83767
-6.83583
-6.82491
-6.80732
-6.78379
-6.75738
-6.73254
-6.71262
-6.69857
-6.69085
-6.68904
-6.68765
-6.69046
-6.68914
-6.68815
-6.687
-6.68562
-6.68477
-6.69072
-6.69863
-6.71076
-6.71992
-6.72209
-6.71424
-6.69661
-6.6713
-6.64298
-6.6161
-6.59748
-6.58478
-6.58158
-6.58902
-6.60278
-6.62083
-6.64601
-6.6714
-6.69306
-6.70864
-6.71846
-6.72174
-6.71713
-6.70616
-6.69628
-6.68517
-6.67854
-6.67111
-6.66435
-6.65603
-6.64738
-6.63433
-6.62039
-6.60659
-6.59536
-6.58746
-6.5885
-6.59473
-6.61313
-6.64181
-6.68015
-6.7244
-6.7727
-6.81509
-6.84875
-6.87165
-6.87805
-6.87151
-6.85297
-6.83376
-6.81142
-6.79351
-6.77681
-6.76417
-6.7481
-6.73177
-6.7119
-6.69126
-6.67398
-6.65676
-6.64422
-6.6375
-6.64248
-6.65186
-6.66695
-6.67569
-6.67771
-6.66895
-6.65512
-6.63465
-6.61148
-6.58854
-6.56963
-6.56042
-6.55819
-6.56621
-6.58554
-6.6157
-6.64646
-6.68
-6.71261
-6.74048
-6.7622
-6.78021
-6.79313
-6.80109
-6.80626
-6.8045
-6.79743
-6.78742
-6.77734
-6.76634
-6.75605
-6.74408
-6.73434
-6.72523
-6.71248
-6.70261
-6.6957
-6.68477
-6.67076
-6.6536
-6.6343
-6.61836
-6.60972
-6.61099
-6.62105
-6.63408
-6.64739
-6.65917
-6.66689
-6.672
-6.67713
-6.68372
-6.69043
-6.69799
-6.71075
-6.72317
-6.73329
-6.74098
-6.74666
-6.74717
-6.74554
-6.73746
-6.72715
-6.71186
-6.69769
-6.68596
-6.67836
-6.67417
-6.67369
-6.68199
-6.69199
-6.70104
-6.71169
-6.71804
-6.72203
-6.72076
-6.71323
-6.70345
-6.69112
-6.68075
-6.66987
-6.65914
-6.6479
-6.6343
-6.62289
-6.60983
-6.59906
-6.59189
-6.58898
-6.59062
-6.59976
-6.61277
-6.6284
-6.64904
-6.67144
-6.69029
-6.70462
-6.71499
-6.71908
-6.71479
-6.70764
-6.69857
-6.687
-6.67351
-6.66105
-6.64898
-6.63945
-6.63352
-6.62895
-6.62892
-6.63476
-6.64669
-6.66223
-6.68057
-6.6981
-6.71629
-6.73051
-6.74092
-6.75313
-6.7628
-6.77368
-6.78104
-6.78525
-6.78353
-6.77324
-6.75584
-6.73315
-6.70581
-6.67836
-6.65281
-6.63084
-6.61937
-6.6169
-6.62527
-6.64356
-6.6655
-6.68443
-6.69972
-6.70831
-6.70891
-6.7042
-6.69041
-6.67582
-6.66072
-6.64941
-6.64428
-6.64323
-6.64719
-6.65842
-6.67334
-6.69157
-6.71061
-6.73059
-6.74569
-6.75445
-6.75843
-6.75674
-6.74924
-6.73558
-6.71927
-6.69645
-6.67235
-6.64827
-6.6248
-6.60982
-6.60125
-6.60276
-6.60921
-6.62185
-6.6348
-6.64628
-6.65278
-6.65464
-6.6531
-6.64957
-6.64927
-6.65366
-6.66113
-6.66985
-6.67334
-6.67595
-6.67747
-6.67731
-6.67747
-6.68264
-6.69206
-6.70379
-6.71842
-6.7305
-6.73987
-6.74376
-6.74268
-6.73518
-6.72344
-6.71123
-6.70181
-6.69519
-6.6921
-6.70204
-6.71341
-6.72836
-6.74174
-6.74981
-6.74972
-6.74026
-6.72488
-6.70466
-6.68564
-6.67004
-6.66647
-6.67026
-6.68048
-6.69102
-6.69848
-6.69841
-6.69519
-6.69358
-6.69277
-6.69383
-6.69711
-6.70289
-6.70967
-6.71781
-6.72622
-6.73551
-6.74966
-6.76661
-6.78559
-6.79988
-6.80729
-6.80897
-6.80221
-6.78921
-6.77632
-6.75879
-6.74241
-6.72763
-6.71083
-6.69289
-6.6772
-6.66509
-6.65549
-6.64952
-6.64887
-6.6485
-6.65043
-6.65609
-6.65638
-6.65459
-6.64996
-6.64173
-6.62986
-6.61514
-6.6011
-6.58758
-6.57869
-6.56878
-6.56652
-6.56892
-6.5761
-6.58253
-6.5899
-6.59608
-6.59998
-6.60181
-6.60366
-6.60406
-6.61057
-6.61757
-6.6261
-6.63965
-6.65543
-6.67072
-6.68806
-6.70226
-6.71361
-6.72454
-6.73597
-6.7446
-6.75169
-6.75704
-6.75804
-6.75262
-6.74433
-6.73776
-6.73204
-6.72646
-6.72624
-6.72779
-6.72991
-6.73302
-6.73112
-6.72233
-6.71175
-6.69898
-6.68395
-6.66816
-6.64942
-6.62948
-6.61038
-6.59332
-6.58259
-6.58032
-6.58425
-6.59852
-6.61798
-6.64433
-6.67657
-6.71098
-6.74241
-6.76983
-6.7917
-6.8096
-6.82258
-6.83186
-6.83644
-6.83821
-6.83487
-6.82641
-6.81072
-6.78927
-6.75825
-6.71961
-6.67842
-6.63796
-6.60072
-6.57654
-6.57071
-6.57836
-6.59697
-6.62048
-6.64108
-6.65781
-6.66904
-6.67529
-6.6723
-6.66402
-6.64948
-6.62772
-6.60938
-6.59078
-6.57816
-6.57006
-6.56861
-6.57539
-6.59016
-6.61224
-6.63964
-6.66659
-6.6913
-6.71232
-6.72892
-6.73808
-6.74031
-6.74399
-6.74728
-6.7522
-6.76042
-6.77239
-6.78692
-6.80001
-6.8068
-6.80537
-6.79472
-6.77656
-6.74838
-6.71737
-6.68325
-6.65036
-6.62108
-6.59753
-6.58141
-6.57298
-6.57099
-6.57774
-6.59107
-6.61036
-6.63614
-6.66321
-6.6904
-6.71305
-6.73614
-6.75105
-6.76319
-6.76876
-6.77268
-6.76974
-6.76392
-6.75115
-6.72997
-6.70405
-6.67422
-6.64552
-6.6205
-6.60384
-6.59922
-6.60618
-6.61779
-6.62918
-6.63983
-6.64649
-6.65031
-6.65072
-6.64748
-6.64991
-6.65416
-6.66531
-6.68414
-6.70746
-6.73581
-6.76381
-6.78147
-6.79258
-6.79161
-6.77539
-6.75269
-6.7243
-6.69723
-6.67003
-6.64226
-6.61761
-6.59569
-6.58098
-6.57126
-6.57274
-6.58608
-6.61278
-6.64757
-6.68773
-6.72603
-6.7587
-6.78507
-6.80144
-6.81005
-6.81197
-6.80655
-6.7978
-6.78665
-6.77665
-6.76636
-6.75403
-6.74491
-6.73518
-6.7284
-6.72091
-6.72042
-6.72416
-6.72656
-6.72602
-6.72301
-6.71333
-6.69545
-6.67367
-6.65286
-6.63609
-6.62258
-6.61625
-6.62059
-6.62924
-6.63948
-6.65441
-6.6714
-6.68853
-6.70234
-6.71214
-6.71473
-6.70749
-6.69266
-6.67172
-6.65045
-6.63635
-6.62687
-6.62708
-6.63384
-6.6502
-6.66735
-6.68759
-6.70797
-6.72656
-6.74072
-6.75352
-6.76351
-6.77361
-6.7806
-6.78396
-6.78262
-6.77816
-6.76911
-6.75399
-6.73394
-6.71203
-6.69164
-6.67634
-6.66663
-6.66451
-6.66703
-6.67607
-6.68605
-6.69672
-6.70722
-6.71133
-6.71054
-6.70422
-6.69476
-6.68057
-6.66543
-6.65048
-6.6405
-6.63375
-6.62991
-6.63345
-6.63594
-6.64354
-6.64967
-6.65267
-6.65472
-6.66216
-6.66955
-6.67853
-6.69197
-6.70453
-6.71787
-6.72651
-6.73106
-6.7289
-6.71864
-6.70581
-6.69099
-6.67897
-6.66865
-6.66113
-6.6595
-6.65911
-6.66577
-6.67468
-6.69089
-6.7087
-6.72872
-6.7505
-6.76915
-6.78108
-6.78658
-6.78707
-6.78361
-6.77689
-6.76519
-6.75022
-6.73069
-6.70985
-6.6886
-6.66458
-6.64225
-6.62329
-6.60484
-6.58921
-6.57963
-6.57019
-6.56415
-6.55924
-6.55628
-6.55625
-6.55827
-6.5618
-6.56642
-6.57616
-6.59216
-6.61323
-6.64244
-6.67267
-6.7049
-6.73547
-6.75667
-6.76576
-6.76644
-6.7541
-6.73333
-6.70939
-6.68509
-6.66127
-6.64339
-6.63412
-6.63534
-6.64344
-6.65655
-6.67559
-6.69677
-6.7156
-6.73241
-6.74862
-6.75887
-6.76496
-6.76905
-6.77413
-6.77543
-6.77603
-6.77824
-6.77578
-6.76993
-6.75895
-6.74672
-6.73051
-6.71744
-6.70786
-6.70358
-6.70013
-6.70094
-6.69853
-6.69532
-6.69219
-6.68474
-6.67569
-6.67189
-6.66219
-6.65562
-6.65241
-6.65088
-6.65384
-6.66306
-6.6744
-6.68638
-6.69389
-6.69669
-6.69153
-6.6803
-6.66635
-6.65205
-6.64583
-6.6435
-6.64866
-6.65933
-6.67289
-6.68757
-6.70327
-6.7177
-6.73221
-6.7441
-6.75184
-6.75654
-6.75594
-6.74541
-6.73057
-6.71226
-6.69234
-6.67192
-6.65296
-6.63641
-6.62168
-6.6089
-6.6023
-6.60527
-6.61629
-6.63248
-6.65529
-6.68116
-6.7094
-6.73552
-6.75975
-6.77935
-6.79398
-6.80148
-6.80216
-6.79491
-6.78003
-6.76183
-6.73638
-6.70795
-6.6818
-6.65937
-6.64371
-6.63667
-6.63723
-6.64825
-6.66852
-6.70157
-6.73644
-6.76931
-6.79637
-6.811
-6.80936
-6.79518
-6.76524
-6.72329
-6.67518
-6.62698
-6.5839
-6.55233
-6.53302
-6.53178
-6.54258
-6.56524
-6.59705
-6.6339
-6.6766
-6.71959
-6.75678
-6.78359
-6.80418
-6.80738
-6.79853
-6.77988
-6.7502
-6.71579
-6.67918
-6.64767
-6.62207
-6.60224
-6.59105
-6.59254
-6.60062
-6.61779
-6.64236
-6.67205
-6.701
-6.72823
-6.75114
-6.76432
-6.77023
-6.76541
-6.75383
-6.73793
-6.71969
-6.70685
-6.6956
-6.69045
-6.6875
-6.68713
-6.68633
-6.68263
-6.67424
-6.66501
-6.65447
-6.64245
-6.63246
-6.62375
-6.62045
-6.61972
-6.62216
-6.6276
-6.63321
-6.63795
-6.63993
-6.63715
-6.63415
-6.6311
-6.62596
-6.61901
-6.61435
-6.61202
-6.61016
-6.61198
-6.61838
-6.6271
-6.64045
-6.65759
-6.6763
-6.6969
-6.71265
-6.72299
-6.72359
-6.72194
-6.71842
-6.71559
-6.71235
-6.71401
-6.7219
-6.73006
-6.74255
-6.75929
-6.77594
-6.79217
-6.8029
-6.80701
-6.8092
-6.80064
-6.78538
-6.76813
-6.75011
-6.73157
-6.71827
-6.71237
-6.70727
-6.70173
-6.69306
-6.68017
-6.66361
-6.64559
-6.62937
-6.61711
-6.60764
-6.59985
-6.60003
-6.61167
-6.63081
-6.65512
-6.68413
-6.71118
-6.73583
-6.7549
-6.76534
-6.76842
-6.75904
-6.74634
-6.7234
-6.70341
-6.68328
-6.66803
-6.65686
-6.64606
-6.63661
-6.63214
-6.63422
-6.64093
-6.65465
-6.67151
-6.68693
-6.6935
-6.69153
-6.68235
-6.66248
-6.63783
-6.6082
-6.58133
-6.55628
-6.53769
-6.52712
-6.52755
-6.53609
-6.55996
-6.58783
-6.62466
-6.66762
-6.70831
-6.74636
-6.77972
-6.8069
-6.82744
-6.84074
-6.84512
-6.84522
-6.84024
-6.83595
-6.82767
-6.81648
-6.80331
-6.79255
-6.78324
-6.77579
-6.76892
-6.76078
-6.75206
-6.73985
-6.72485
-6.70684
-6.69193
-6.66962
-6.64889
-6.62685
-6.60747
-6.5949
-6.58706
-6.5854
-6.58916
-6.59654
-6.60531
-6.6165
-6.62816
-6.64827
-6.66472
-6.68088
-6.69275
-6.70505
-6.71204
-6.71703
-6.71548
-6.70915
-6.70348
-6.69971
-6.6981
-6.69988
-6.70812
-6.7209
-6.73189
-6.74085
-6.75052
-6.74915
-6.73993
-6.71869
-6.69131
-6.65979
-6.62838
-6.60224
-6.58031
-6.57254
-6.57236
-6.58324
-6.6001
-6.62241
-6.64686
-6.67121
-6.68904
-6.70454
-6.71598
-6.72417
-6.72988
-6.73497
-6.73732
-6.73802
-6.73605
-6.7317
-6.72169
-6.7085
-6.69234
-6.67341
-6.65296
-6.63852
-6.62764
-6.62171
-6.61967
-6.62166
-6.6268
-6.63442
-6.64771
-6.6624
-6.67842
-6.69324
-6.70633
-6.71331
-6.71828
-6.71803
-6.71398
-6.70611
-6.69448
-6.68219
-6.67114
-6.66282
-6.6548
-6.64757
-6.64401
-6.64374
-6.64491
-6.64512
-6.64563
-6.64518
-6.64179
-6.63726
-6.63202
-6.62819
-6.62586
-6.6272
-6.63522
-6.65241
-6.67327
-6.70253
-6.73489
-6.76267
-6.78745
-6.8
-6.79997
-6.78787
-6.76712
-6.73896
-6.70637
-6.67266
-6.64074
-6.61371
-6.59136
-6.58002
-6.57981
-6.58564
-6.59901
-6.61918
-6.64051
-6.66188
-6.68269
-6.70605
-6.72871
-6.74976
-6.7719
-6.78878
-6.80128
-6.8075
-6.80612
-6.79556
-6.78258
-6.76664
-6.75401
-6.74157
-6.72879
-6.71492
-6.69986
-6.68858
-6.67678
-6.66483
-6.65996
-6.66028
-6.66795
-6.67985
-6.6897
-6.7002
-6.7072
-6.70795
-6.7094
-6.70894
-6.70879
-6.71092
-6.70947
-6.70403
-6.69819
-6.68885
-6.68213
-6.67394
-6.66244
-6.6481
-6.63612
-6.62335
-6.61678
-6.61028
-6.61162
-6.61852
-6.63016
-6.64752
-6.66975
-6.69458
-6.71775
-6.73572
-6.74901
-6.7519
-6.74798
-6.73743
-6.72486
-6.71262
-6.70018
-6.6863
-6.67129
-6.66058
-6.65493
-6.65536
-6.66405
-6.68406
-6.70751
-6.73402
-6.75724
-6.77106
-6.77621
-6.77075
-6.75441
-6.73674
-6.72222
-6.71317
-6.70946
-6.71704
-6.72622
-6.73417
-6.73902
-6.74031
-6.73445
-6.72465
-6.71051
-6.69863
-6.68922
-6.68733
-6.69152
-6.69797
-6.7111
-6.72437
-6.73928
-6.74709
-6.74999
-6.74057
-6.71986
-6.69015
-6.65544
-6.61668
-6.57817
-6.54941
-6.53088
-6.52123
-6.52477
-6.54164
-6.562
-6.58496
-6.61037
-6.63435
-6.65549
-6.66904
-6.67995
-6.68887
-6.69534
-6.69857
-6.69919
-6.70177
-6.70722
-6.71232
-6.71782
-6.72746
-6.73964
-6.74934
-6.75887
-6.76202
-6.75738
-6.74393
-6.72587
-6.70641
-6.68817
-6.67322
-6.65948
-6.65108
-6.64717
-6.64479
-6.64397
-6.64505
-6.64754
-6.64985
-6.65363
-6.65838
-6.66474
-6.66828
-6.67442
-6.68351
-6.69709
-6.71887
-6.74355
-6.76655
-6.78433
-6.79139
-6.78593
-6.77065
-6.74707
-6.71984
-6.69142
-6.66465
-6.64712
-6.63852
-6.64174
-6.659
-6.68562
-6.71794
-6.7517
-6.78354
-6.8087
-6.82898
-6.83631
-6.83428
-6.82138
-6.80363
-6.77736
-6.74712
-6.71519
-6.68519
-6.66284
-6.64733
-6.63734
-6.63655
-6.6382
-6.63849
-6.63487
-6.63071
-6.6294
-6.62718
-6.62781
-6.63453
-6.6418
-6.64948
-6.66024
-6.66668
-6.67274
-6.6783
-6.68184
-6.68176
-6.67883
-6.66964
-6.65864
-6.64435
-6.63604
-6.62746
-6.62139
-6.62564
-6.63819
-6.65623
-6.67548
-6.69289
-6.7054
-6.71408
-6.71267
-6.70453
-6.68842
-6.66561
-6.64149
-6.61434
-6.58954
-6.57561
-6.57272
-6.58324
-6.60461
-6.63727
-6.67255
-6.70737
-6.74022
-6.76492
-6.77971
-6.78913
-6.78772
-6.78076
-6.76884
-6.75409
-6.73452
-6.71585
-6.70389
-6.69537
-6.6935
-6.70001
-6.71071
-6.72404
-6.73767
-6.74962
-6.76134
-6.7649
-6.76611
-6.75915
-6.7489
-6.73313
-6.71277
-6.68935
-6.66664
-6.64491
-6.62531
-6.61483
-6.61067
-6.61457
-6.62341
-6.63805
-6.65232
-6.6638
-6.6688
-6.67163
-6.67003
-6.66738
-6.66525
-6.66489
-6.66943
-6.67707
-6.68629
-6.7027
-6.71484
-6.72778
-6.74005
-6.74974
-6.75449
-6.75297
-6.74496
-6.73266
-6.71253
-6.69402
-6.67767
-6.66778
-6.66506
-6.66738
-6.67179
-6.67442
-6.6741
-6.67231
-6.67155
-6.66842
-6.66343
-6.65634
-6.64729
-6.63892
-6.62998
-6.62578
-6.62358
-6.63181
-6.64495
-6.65768
-6.67185
-6.68134
-6.68498
-6.68539
-6.6833
-6.67813
-6.67578
-6.67593
-6.67525
-6.67275
-6.67281
-6.67365
-6.67881
-6.69023
-6.70146
-6.71499
-6.73025
-6.74259
-6.75531
-6.76828
-6.77766
-6.78894
-6.79754
-6.8023
-6.80127
-6.7954
-6.78482
-6.76881
-6.74971
-6.72868
-6.70598
-6.68723
-6.66557
-6.64607
-6.62931
-6.61417
-6.60474
-6.60279
-6.60489
-6.61354
-6.62162
-6.6311
-6.64829
-6.6712
-6.69745
-6.72512
-6.74774
-6.76235
-6.77202
-6.77422
-6.76821
-6.75473
-6.73675
-6.71232
-6.68861
-6.6682
-6.6481
-6.63848
-6.63687
-6.64826
-6.6683
-6.69165
-6.71361
-6.73437
-6.747
-6.75246
-6.75153
-6.74612
-6.7388
-6.72252
-6.7056
-6.68175
-6.65262
-6.62182
-6.59233
-6.56374
-6.54053
-6.52592
-6.5221
-6.53105
-6.54809
-6.56777
-6.58902
-6.61048
-6.62616
-6.63621
-6.64397
-6.65254
-6.66632
-6.68787
-6.72151
-6.76243
-6.80512
-6.84702
-6.8809
-6.90438
-6.91508
-6.90998
-6.89199
-6.86243
-6.8242
-6.78451
-6.74328
-6.71001
-6.68288
-6.66189
-6.65201
-6.64969
-6.65298
-6.66012
-6.66652
-6.67212
-6.67481
-6.67554
-6.67331
-6.67496
-6.67944
-6.6849
-6.68542
-6.68853
-6.68567
-6.67555
-6.65921
-6.63586
-6.61078
-6.5895
-6.57115
-6.55681
-6.54556
-6.54145
-6.54623
-6.55602
-6.57289
-6.60042
-6.63116
-6.6614
-6.69418
-6.72483
-6.74806
-6.76607
-6.77829
-6.77908
-6.77609
-6.76463
-6.75206
-6.7375
-6.72333
-6.71204
-6.70422
-6.69869
-6.69649
-6.69778
-6.70195
-6.70612
-6.71526
-6.72887
-6.74392
-6.76028
-6.77882
-6.79597
-6.80483
-6.80692
-6.79653
-6.7744
-6.74029
-6.70094
-6.65675
-6.617
-6.58512
-6.56335
-6.55683
-6.56578
-6.58362
-6.60988
-6.63883
-6.66271
-6.68711
-6.70423
-6.71823
-6.72841
-6.73524
-6.74138
-6.74759
-6.74392
-6.7336
-6.72063
-6.7028
-6.68348
-6.65934
-6.63637
-6.61622
-6.60136
-6.59307
-6.59802
-6.61132
-6.63574
-6.66658
-6.69764
-6.73045
-6.75546
-6.77342
-6.77988
-6.77767
-6.76811
-6.75151
-6.72661
-6.69935
-6.67374
-6.65516
-6.6415
-6.6365
-6.64085
-6.65045
-6.6643
-6.68038
-6.69227
-6.70328
-6.71064
-6.71171
-6.70792
-6.70244
-6.6982
-6.69245
-6.68289
-6.67089
-6.65887
-6.64691
-6.63894
-6.63856
-6.65021
-6.67109
-6.69656
-6.7242
-6.75199
-6.77132
-6.7843
-6.78687
-6.77947
-6.76132
-6.73918
-6.71645
-6.6952
-6.6824
-6.6765
-6.68297
-6.69467
-6.71353
-6.7317
-6.75062
-6.76695
-6.77551
-6.77431
-6.7678
-6.7552
-6.74051
-6.72107
-6.70132
-6.68167
-6.66422
-6.64747
-6.63469
-6.62206
-6.61412
-6.60819
-6.60408
-6.60794
-6.62015
-6.64262
-6.67379
-6.70401
-6.73057
-6.74644
-6.75137
-6.74912
-6.73806
-6.72107
-6.70003
-6.67843
-6.65618
-6.6374
-6.62084
-6.60839
-6.60449
-6.6025
-6.6058
-6.61152
-6.61886
-6.62703
-6.63336
-6.63777
-6.64124
-6.63905
-6.63772
-6.63572
-6.63648
-6.64853
-6.6643
-6.68668
-6.71202
-6.73369
-6.75594
-6.76894
-6.7719
-6.7725
-6.76284
-6.74889
-6.72676
-6.70078
-6.67534
-6.65268
-6.63668
-6.62666
-6.62341
-6.62797
-6.63248
-6.63806
-6.64263
-6.64598
-6.65032
-6.65041
-6.65566
-6.66831
-6.68593
-6.70809
-6.73052
-6.75263
-6.76859
-6.77817
-6.78472
-6.78633
-6.78593
-6.77906
-6.76909
-6.7531
-6.7362
-6.7174
-6.70109
-6.69106
-6.68723
-6.68704
-6.69189
-6.69887
-6.70612
-6.71398
-6.72147
-6.72825
-6.7356
-6.73822
-6.74329
-6.74699
-6.74835
-6.74439
-6.73683
-6.72724
-6.71629
-6.70267
-6.69114
-6.6768
-6.66002
-6.64194
-6.62135
-6.60645
-6.5977
-6.60055
-6.61165
-6.6268
-6.64751
-6.66423
-6.67646
-6.68514
-6.69112
-6.69637
-6.69911
-6.70419
-6.70541
-6.6978
-6.68847
-6.6733
-6.65535
-6.64342
-6.63922
-6.64572
-6.66102
-6.68409
-6.71016
-6.73766
-6.76257
-6.7775
-6.78523
-6.7896
-6.78806
-6.78257
-6.77167
-6.7598
-6.74524
-6.73377
-6.7197
-6.70359
-6.69388
-6.6877
-6.68326
-6.68291
-6.68248
-6.68011
-6.67595
-6.66408
-6.65468
-6.64311
-6.63755
-6.64143
-6.6552
-6.67545
-6.70257
-6.72932
-6.75047
-6.76561
-6.76693
-6.76075
-6.74199
-6.71691
-6.68648
-6.65202
-6.61689
-6.58682
-6.56557
-6.55618
-6.5589
-6.56894
-6.58213
-6.5959
-6.61091
-6.62365
-6.63322
-6.64367
-6.65281
-6.66354
-6.67596
-6.68924
-6.70611
-6.7252
-6.74609
-6.76456
-6.77808
-6.79022
-6.79637
-6.79875
-6.80028
-6.8009
-6.80117
-6.79956
-6.79342
-6.78864
-6.77732
-6.76285
-6.74227
-6.71975
-6.68916
-6.65958
-6.63627
-6.62063
-6.60908
-6.60726
-6.61318
-6.62499
-6.6388
-6.65334
-6.66639
-6.67473
-6.68116
-6.68144
-6.67808
-6.66883
-6.65997
-6.64831
-6.63823
-6.63328
-6.63225
-6.63557
-6.63879
-6.64367
-6.64599
-6.64567
-6.64157
-6.63646
-6.63028
-6.62634
-6.62399
-6.62355
-6.62765
-6.63432
-6.64781
-6.66673
-6.69145
-6.71697
-6.73913
-6.75498
-6.76427
-6.76285
-6.75442
-6.74352
-6.73564
-6.73196
-6.73012
-6.73261
-6.74251
-6.75702
-6.77914
-6.80321
-6.82786
-6.84741
-6.86111
-6.86657
-6.86058
-6.84346
-6.82084
-6.78981
-6.75446
-6.71856
-6.68681
-6.65611
-6.63292
-6.61781
-6.60762
-6.60137
-6.60177
-6.60255
-6.60512
-6.60727
-6.60858
-6.60968
-6.61207
-6.61583
-6.61948
-6.62406
-6.62995
-6.63762
-6.64544
-6.65465
-6.66227
-6.66711
-6.66935
-6.66361
-6.65706
-6.6531
-6.6516
-6.65687
-6.66828
-6.68302
-6.70106
-6.71878
-6.73559
-6.75016
-6.76449
-6.7731
-6.77349
-6.76919
-6.75842
-6.74433
-6.72859
-6.71236
-6.69823
-6.69266
-6.69255
-6.69417
-6.69827
-6.69825
-6.69546
-6.68695
-6.67726
-6.66423
-6.64862
-6.63799
-6.62523
-6.61933
-6.61738
-6.62022
-6.6287
-6.64568
-6.66426
-6.68251
-6.69902
-6.71025
-6.7178
-6.72196
-6.72246
-6.72622
-6.73034
-6.73435
-6.74081
-6.74793
-6.75672
-6.76404
-6.76661
-6.76449
-6.75067
-6.73075
-6.70192
-6.67054
-6.63927
-6.61166
-6.58765
-6.57622
-6.57171
-6.57346
-6.58188
-6.59554
-6.61468
-6.63186
-6.65262
-6.67372
-6.69313
-6.70994
-6.72672
-6.73999
-6.74779
-6.75346
-6.75674
-6.76235
-6.76848
-6.7725
-6.77532
-6.77729
-6.77603
-6.7675
-6.75153
-6.73233
-6.70749
-6.68651
-6.67114
-6.65767
-6.65333
-6.65599
-6.66125
-6.666
-6.66993
-6.66917
-6.66757
-6.65995
-6.65057
-6.64177
-6.63685
-6.63296
-6.63659
-6.64778
-6.66422
-6.68377
-6.70391
-6.72106
-6.7371
-6.74864
-6.75671
-6.7585
-6.75396
-6.74555
-6.73347
-6.72099
-6.70452
-6.68943
-6.67813
-6.67148
-6.67066
-6.67376
-6.6796
-6.68504
-6.68649
-6.68459
-6.67632
-6.66701
-6.65334
-6.64019
-6.63312
-6.62922
-6.6336
-6.64267
-6.64929
-6.657
-6.66249
-6.66529
-6.66404
-6.65724
-6.64679
-6.63815
-6.63221
-6.63042
-6.63458
-6.6443
-6.6588
-6.67358
-6.68997
-6.70064
-6.70771
-6.70998
-6.70936
-6.70841
-6.70363
-6.70185
-6.70219
-6.70622
-6.70843
-6.71431
-6.71792
-6.72018
-6.71826
-6.71537
-6.71401
-6.71361
-6.71294
-6.71098
-6.70774
-6.69928
-6.69051
-6.67634
-6.65862
-6.63795
-6.61814
-6.6037
-6.59611
-6.59681
-6.60383
-6.61903
-6.63809
-6.66092
-6.68724
-6.7104
-6.73099
-6.74852
-6.75803
-6.76069
-6.75761
-6.751
-6.74035
-6.72873
-6.71492
-6.70497
-6.69383
-6.68393
-6.67816
-6.67478
-6.67998
-6.68647
-6.69494
-6.70123
-6.70893
-6.71579
-6.71882
-6.71823
-6.71356
-6.70672
-6.69772
-6.68726
-6.67893
-6.67434
-6.67458
-6.67753
-6.68686
-6.69677
-6.70714
-6.71625
-6.71996
-6.72137
-6.71823
-6.71024
-6.69835
-6.68851
-6.67976
-6.67564
-6.67471
-6.67768
-6.68163
-6.68748
-6.69088
-6.69131
-6.69347
-6.69386
-6.69141
-6.68875
-6.68705
-6.68468
-6.68133
-6.6787
-6.67527
-6.66992
-6.6654
-6.6553
-6.64686
-6.63816
-6.63304
-6.6334
-6.63969
-6.65073
-6.66068
-6.67169
-6.68143
-6.69145
-6.69941
-6.70527
-6.71475
-6.7226
-6.72772
-6.73088
-6.73148
-6.73024
-6.72713
-6.71835
-6.7079
-6.69733
-6.68832
-6.67798
-6.67271
-6.67304
-6.67693
-6.68112
-6.68645
-6.69068
-6.69114
-6.69073
-6.68758
-6.68449
-6.68276
-6.67737
-6.6758
-6.67722
-6.68011
-6.68211
-6.68278
-6.68081
-6.67562
-6.66803
-6.6589
-6.6502
-6.64115
-6.644
-6.65195
-6.66548
-6.6836
-6.70266
-6.72091
-6.73572
-6.74755
-6.75091
-6.74804
-6.74045
-6.72594
-6.70351
-6.67653
-6.64634
-6.61493
-6.5828
-6.55718
-6.54164
-6.53495
-6.54195
-6.56097
-6.58472
-6.61312
-6.63832
-6.66205
-6.67797
-6.68711
-6.68524
-6.67866
-6.6714
-6.66033
-6.65167
-6.64923
-6.65317
-6.66383
-6.67959
-6.69885
-6.71795
-6.73801
-6.75636
-6.77739
-6.79565
-6.81365
-6.82744
-6.83564
-6.83829
-6.83341
-6.82468
-6.80673
-6.78365
-6.75468
-6.72478
-6.69529
-6.67399
-6.6627
-6.66727
-6.68269
-6.70311
-6.72363
-6.73788
-6.74216
-6.73771
-6.72682
-6.70893
-6.69035
-6.6743
-6.66149
-6.6509
-6.64429
-6.64363
-6.64733
-6.65628
-6.66734
-6.68436
-6.69878
-6.70967
-6.71351
-6.71121
-6.69654
-6.67844
-6.65756
-6.64015
-6.62624
-6.62165
-6.6255
-6.63697
-6.65088
-6.66362
-6.67386
-6.67566
-6.66794
-6.65665
-6.63625
-6.615
-6.59739
-6.58641
-6.58452
-6.59308
-6.60571
-6.62442
-6.64654
-6.66772
-6.6863
-6.70151
-6.71051
-6.71191
-6.70802
-6.70017
-6.68947
-6.67991
-6.66965
-6.66547
-6.6676
-6.67426
-6.68725
-6.70985
-6.7392
-6.77127
-6.80117
-6.82675
-6.8464
-6.85664
-6.85657
-6.8493
-6.83269
-6.81014
-6.78427
-6.75413
-6.7214
-6.68883
-6.65985
-6.63782
-6.62507
-6.61472
-6.60644
-6.60122
-6.59624
-6.58943
-6.5846
-6.58085
-6.58059
-6.57977
-6.58125
-6.58493
-6.5887
-6.59422
-6.60018
-6.60552
-6.61028
-6.6162
-6.6238
-6.63169
-6.64268
-6.65785
-6.67762
-6.70177
-6.72935
-6.75875
-6.7892
-6.81613
-6.84066
-6.85959
-6.86647
-6.86256
-6.84702
-6.82169
-6.79077
-6.75851
-6.72666
-6.70059
-6.68097
-6.66703
-6.65988
-6.65475
-6.65052
-6.64878
-6.64467
-6.63968
-6.63274
-6.6312
-6.63403
-6.64045
-6.65455
-6.67078
-6.69064
-6.71406
-6.73465
-6.75216
-6.76727
-6.77728
-6.78327
-6.78478
-6.78283
-6.77738
-6.76609
-6.74934
-6.73327
-6.71366
-6.6937
-6.67417
-6.65731
-6.64329
-6.63451
-6.62999
-6.63158
-6.63444
-6.63927
-6.64356
-6.64863
-6.65088
-6.65288
-6.65463
-6.65102
-6.64621
-6.64147
-6.63188
-6.62146
-6.6124
-6.60168
-6.59634
-6.593
-6.59415
-6.59837
-6.60241
-6.6101
-6.62274
-6.63938
-6.65958
-6.68089
-6.7029
-6.72195
-6.73869
-6.75437
-6.7626
-6.76673
-6.76581
-6.76238
-6.75661
-6.75277
-6.74772
-6.74709
-6.74926
-6.75166
-6.75259
-6.75189
-6.75029
-6.74773
-6.73699
-6.72515
-6.70931
-6.68835
-6.66482
-6.64242
-6.62217
-6.60629
-6.59743
-6.59308
-6.59517
-6.602
-6.616
-6.63184
-6.64986
-6.66438
-6.67584
-6.68022
-6.67854
-6.67681
-6.67421
-6.67392
-6.67788
-6.68592
-6.69953
-6.71847
-6.7401
-6.76026
-6.77872
-6.79187
-6.79905
-6.79813
-6.79073
-6.77975
-6.76837
-6.75333
-6.73958
-6.72242
-6.70328
-6.68241
-6.6646
-6.64823
-6.63528
-6.63115
-6.63358
-6.64106
-6.65627
-6.67247
-6.68939
-6.70258
-6.71353
-6.72355
-6.72529
-6.72583
-6.7181
-6.70507
-6.68813
-6.66237
-6.6368
-6.61369
-6.59616
-6.58939
-6.5957
-6.61099
-6.63226
-6.65306
-6.6724
-6.68242
-6.6895
-6.69116
-6.69025
-6.68872
-6.68811
-6.6885
-6.6891
-6.69669
-6.70701
-6.71718
-6.72921
-6.74184
-6.75258
-6.75854
-6.76092
-6.75475
-6.74808
-6.73652
-6.72494
-6.71533
-6.70505
-6.69873
-6.69473
-6.69547
-6.69883
-6.7022
-6.70715
-6.71233
-6.71653
-6.71971
-6.71738
-6.7101
-6.70261
-6.69367
-6.68338
-6.6713
-6.65584
-6.63584
-6.62
-6.60696
-6.60189
-6.60646
-6.61973
-6.64352
-6.67226
-6.70275
-6.7324
-6.75527
-6.77242
-6.77936
-6.77986
-6.77269
-6.75741
-6.73782
-6.71732
-6.698
-6.67834
-6.66036
-6.64223
-6.63039
-6.62163
-6.61602
-6.61253
-6.61207
-6.61491
-6.61421
-6.61375
-6.61177
-6.60759
-6.59973
-6.59448
-6.59023
-6.58782
-6.59362
-6.60364
-6.61507
-6.62505
-6.63115
-6.63413
-6.63571
-6.6366
-6.64195
-6.6502
-6.66267
-6.6712
-6.68203
-6.68918
-6.6961
-6.70861
-6.72169
-6.73508
-6.7491
-6.76331
-6.77558
-6.78454
-6.79234
-6.79508
-6.79338
-6.78494
-6.77662
-6.7618
-6.74612
-6.73191
-6.72072
-6.71595
-6.71678
-6.72069
-6.72446
-6.72525
-6.72399
-6.71716
-6.70949
-6.6966
-6.67876
-6.65585
-6.6315
-6.6085
-6.59251
-6.58469
-6.59081
-6.60386
-6.62514
-6.64638
-6.66572
-6.68408
-6.69703
-6.69985
-6.69588
-6.68596
-6.67168
-6.65715
-6.64793
-6.64522
-6.64902
-6.66172
-6.68329
-6.70699
-6.72705
-6.74246
-6.74806
-6.74363
-6.7295
-6.71453
-6.69736
-6.68634
-6.68444
-6.68743
-6.69278
-6.70679
-6.72104
-6.73777
-6.7583
-6.77781
-6.79682
-6.81382
-6.81946
-6.81807
-6.80485
-6.78341
-6.75992
-6.73425
-6.71088
-6.69091
-6.68149
-6.6776
-6.67999
-6.68416
-6.68888
-6.69785
-6.70168
-6.70911
-6.71322
-6.71696
-6.72009
-6.72101
-6.72186
-6.71585
-6.70903
-6.69625
-6.68196
-6.66525
-6.64683
-6.62841
-6.61373
-6.60324
-6.60036
-6.60182
-6.60244
-6.60189
-6.59941
-6.59513
-6.58779
-6.58002
-6.57271
-6.56718
-6.56412
-6.56618
-6.57052
-6.58468
-6.60206
-6.62344
-6.6468
-6.66923
-6.69009
-6.71016
-6.73216
-6.75181
-6.7666
-6.78137
-6.7942
-6.80575
-6.81158
-6.81689
-6.816
-6.8097
-6.79202
-6.76689
-6.73556
-6.69681
-6.65896
-6.62887
-6.60555
-6.59726
-6.59973
-6.61618
-6.64188
-6.67045
-6.69952
-6.72403
-6.74376
-6.75837
-6.76867
-6.77184
-6.76849
-6.75652
-6.73451
-6.70962
-6.68124
-6.65325
-6.63046
-6.61288
-6.60307
-6.59772
-6.59789
-6.60215
-6.61381
-6.63271
-6.65144
-6.67276
-6.69141
-6.71291
-6.72914
-6.74661
-6.7548
-6.75547
-6.74937
-6.73667
-6.71643
-6.69753
-6.68125
-6.66891
-6.66782
-6.67463
-6.69257
-6.71534
-6.73741
-6.75374
-6.76147
-6.75864
-6.74568
-6.72327
-6.6967
-6.66821
-6.63754
-6.61588
-6.59705
-6.59311
-6.60134
-6.61685
-6.64128
-6.66576
-6.69302
-6.71929
-6.74198
-6.7629
-6.78106
-6.79433
-6.80127
-6.79781
-6.78815
-6.77028
-6.74945
-6.72952
-6.70711
-6.68781
-6.6719
-6.65616
-6.64627
-6.64191
-6.64052
-6.64279
-6.65295
-6.66667
-6.67736
-6.68464
-6.68747
-6.69023
-6.69209
-6.69594
-6.70516
-6.71722
-6.72573
-6.73085
-6.73096
-6.7192
-6.70048
-6.67923
-6.6519
-6.62053
-6.59414
-6.57575
-6.56207
-6.55862
-6.56653
-6.58555
-6.61041
-6.64174
-6.67763
-6.71336
-6.74927
-6.78269
-6.81108
-6.82965
-6.84229
-6.84267
-6.83574
-6.82177
-6.80117
-6.77418
-6.74585
-6.7193
-6.69262
-6.66914
-6.64264
-6.61976
-6.60139
-6.59148
-6.59036
-6.60234
-6.61764
-6.63848
-6.65658
-6.67102
-6.68126
-6.68479
-6.68219
-6.68046
-6.67845
-6.68008
-6.68266
-6.6835
-6.68895
-6.691
-6.69024
-6.68683
-6.6814
-6.67703
-6.67151
-6.66355
-6.65904
-6.65723
-6.65928
-6.66614
-6.67826
-6.69917
-6.72582
-6.75499
-6.78225
-6.80496
-6.82459
-6.83288
-6.83206
-6.8218
-6.80399
-6.77673
-6.74684
-6.71786
-6.68923
-6.66784
-6.6526
-6.64873
-6.64743
-6.64892
-6.64837
-6.6484
-6.64479
-6.63985
-6.63216
-6.63027
-6.62928
-6.632
-6.63756
-6.64202
-6.65144
-6.66085
-6.6664
-6.6702
-6.66921
-6.67241
-6.67447
-6.67713
-6.67834
-6.68194
-6.68636
-6.69537
-6.7057
-6.71776
-6.73226
-6.74757
-6.76543
-6.7795
-6.78921
-6.78892
-6.7825
-6.76815
-6.74687
-6.7221
-6.69425
-6.67224
-6.6507
-6.63497
-6.62534
-6.62141
-6.62037
-6.6247
-6.63357
-6.64699
-6.65896
-6.67162
-6.67816
-6.67869
-6.67591
-6.66909
-6.65797
-6.64002
-6.6225
-6.60498
-6.58792
-6.57571
-6.56869
-6.56588
-6.57009
-6.58295
-6.60358
-6.63161
-6.66534
-6.70155
-6.7375
-6.76757
-6.79202
-6.80735
-6.8153
-6.8201
-6.8176
-6.81357
-6.80508
-6.78935
-6.7752
-6.75734
-6.74029
-6.72132
-6.70468
-6.68914
-6.67877
-6.67387
-6.67209
-6.66971
-6.67214
-6.67203
-6.67207
-6.66771
-6.66144
-6.65575
-6.64746
-6.63811
-6.6283
-6.61764
-6.61277
-6.60994
-6.61236
-6.62096
-6.63692
-6.65716
-6.68457
-6.71522
-6.74326
-6.77034
-6.78837
-6.79907
-6.79991
-6.79374
-6.78154
-6.76475
-6.74349
-6.72252
-6.7015
-6.67799
-6.65428
-6.63252
-6.61779
-6.60653
-6.59872
-6.59579
-6.58963
-6.58461
-6.58446
-6.58769
-6.59567
-6.60597
-6.62172
-6.64116
-6.66034
-6.67723
-6.69429
-6.70757
-6.71452
-6.72208
-6.72607
-6.73148
-6.73504
-6.741
-6.74954
-6.76057
-6.77109
-6.77866
-6.78026
-6.77555
-6.76611
-6.74821
-6.72966
-6.7105
-6.69241
-6.67747
-6.67036
-6.66734
-6.66507
-6.66515
-6.66375
-6.66139
-6.65462
-6.64577
-6.63185
-6.61939
-6.60701
-6.60138
-6.60168
-6.61153
-6.62629
-6.64189
-6.66338
-6.68172
-6.69941
-6.70977
-6.71603
-6.72208
-6.72309
-6.71957
-6.71336
-6.70741
-6.70145
-6.69354
-6.68773
-6.67854
-6.6696
-6.66318
-6.66006
-6.65789
-6.65873
-6.6599
-6.66328
-6.66784
-6.67278
-6.67925
-6.68573
-6.69025
-6.69289
-6.69009
-6.68116
-6.67045
-6.65648
-6.6458
-6.63887
-6.64142
-6.65544
-6.67958
-6.70988
-6.74334
-6.77495
-6.80046
-6.81819
-6.82703
-6.82573
-6.81189
-6.78841
-6.76301
-6.73295
-6.70128
-6.67229
-6.64749
-6.63142
-6.62228
-6.62069
-6.62777
-6.63999
-6.65155
-6.66247
-6.67326
-6.68198
-6.69313
-6.7065
-6.715
-6.7227
-6.72378
-6.72616
-6.71829
-6.70533
-6.68854
-6.66815
-6.64978
-6.63092
-6.62038
-6.61678
-6.61969
-6.63016
-6.64624
-6.66359
-6.6824
-6.69904
-6.71675
-6.7308
-6.73662
-6.73749
-6.73688
-6.73242
-6.72575
-6.71617
-6.70501
-6.69529
-6.68359
-6.67013
-6.66095
-6.64856
-6.63944
-6.63501
-6.63525
-6.64032
-6.6481
-6.65973
-6.67376
-6.68629
-6.6984
-6.70627
-6.71041
-6.70933
-6.70454
-6.70044
-6.69567
-6.69111
-6.68749
-6.68805
-6.69135
-6.69278
-6.69299
-6.69319
-6.68845
-6.68531
-6.68281
-6.6769
-6.67364
-6.672
-6.6709
-6.67464
-6.67337
-6.67131
-6.66552
-6.65757
-6.65089
-6.64208
-6.63555
-6.63204
-6.63345
-6.64054
-6.65133
-6.66548
-6.6787
-6.69141
-6.7007
-6.70483
-6.70397
-6.69646
-6.6875
-6.67369
-6.6605
-6.64971
-6.64285
-6.6465
-6.65765
-6.67771
-6.70322
-6.73605
-6.76595
-6.79174
-6.81237
-6.82787
-6.84055
-6.85108
-6.85891
-6.86158
-6.85795
-6.84288
-6.81085
-6.76521
-6.70889
-6.64483
-6.58134
-6.52966
-6.49924
-6.49148
-6.50116
-6.52866
-6.56861
-6.61507
-6.66055
-6.69648
-6.72158
-6.73129
-6.73147
-6.71582
-6.68936
-6.6621
-6.63352
-6.60942
-6.5924
-6.58713
-6.59421
-6.61222
-6.63867
-6.67495
-6.71173
-6.74769
-6.77582
-6.79414
-6.80211
-6.79789
-6.7858
-6.76548
-6.7471
-6.72732
-6.71374
-6.70199
-6.69235
-6.69023
-6.68982
-6.69636
-6.70485
-6.71757
-6.72819
-6.73794
-6.74196
-6.74178
-6.73625
-6.72493
-6.71326
-6.6975
-6.68393
-6.66864
-6.65536
-6.64214
-6.6361
-6.63416
-6.63692
-6.64304
-6.65224
-6.66389
-6.6755
-6.68754
-6.69972
-6.70681
-6.71099
-6.71424
-6.71418
-6.7135
-6.71506
-6.7178
-6.72298
-6.72553
-6.72282
-6.71575
-6.70212
-6.68581
-6.6668
-6.64865
-6.63651
-6.63224
-6.63723
-6.6466
-6.66277
-6.68356
-6.70081
-6.71654
-6.72629
-6.72977
-6.72619
-6.71047
-6.68832
-6.66049
-6.63132
-6.60818
-6.59198
-6.58431
-6.58221
-6.58726
-6.60087
-6.62177
-6.64771
-6.6789
-6.71134
-6.74224
-6.77007
-6.79215
-6.80676
-6.81245
-6.80859
-6.79455
-6.77113
-6.74362
-6.7128
-6.68354
-6.65654
-6.63947
-6.62617
-6.62396
-6.63161
-6.64837
-6.67059
-6.69765
-6.72311
-6.74444
-6.75763
-6.76195
-6.75979
-6.74952
-6.73438
-6.71515
-6.68907
-6.66258
-6.63788
-6.61523
-6.59827
-6.5903
-6.59138
-6.60031
-6.61589
-6.63481
-6.65001
-6.66152
-6.6668
-6.66406
-6.65715
-6.6434
-6.62982
-6.61887
-6.61252
-6.61583
-6.63103
-6.6539
-6.68676
-6.72301
-6.76134
-6.79545
-6.82212
-6.83776
-6.84057
-6.82876
-6.80546
-6.7747
-6.74243
-6.70854
-6.6791
-6.66003
-6.65174
-6.65809
-6.67849
-6.70768
-6.73752
-6.76508
-6.78428
-6.79397
-6.79328
-6.7822
-6.76582
-6.74136
-6.71706
-6.68999
-6.66748
-6.64926
-6.63393
-6.63033
-6.6288
-6.62737
-6.629
-6.63052
-6.63324
-6.62853
-6.62939
-6.63254
-6.63822
-6.64535
-6.64992
-6.65453
-6.65537
-6.65417
-6.64896
-6.64498
-6.64434
-6.64089
-6.64442
-6.65138
-6.66098
-6.67284
-6.68441
-6.69361
-6.6985
-6.70216
-6.70447
-6.7042
-6.7019
-6.6982
-6.69132
-6.68276
-6.67003
-6.65258
-6.63722
-6.62532
-6.61657
-6.6184
-6.62839
-6.64614
-6.67095
-6.69863
-6.7312
-6.76438
-6.7972
-6.82414
-6.83899
-6.85185
-6.85298
-6.84181
-6.8224
-6.78961
-6.74959
-6.70794
-6.66498
-6.6227
-6.59074
-6.56755
-6.55726
-6.56276
-6.58022
-6.60518
-6.63586
-6.66563
-6.69218
-6.71457
-6.73221
-6.74481
-6.7497
-6.74908
-6.74426
-6.73241
-6.71581
-6.69872
-6.68165
-6.66162
-6.64872
-6.63965
-6.63577
-6.64222
-6.65361
-6.66894
-6.68379
-6.70121
-6.71922
-6.73364
-6.74704
-6.75814
-6.76446
-6.76546
-6.75824
-6.7454
-6.72154
-6.69306
-6.66112
-6.62343
-6.58607
-6.5524
-6.52468
-6.50757
-6.49964
-6.50179
-6.51588
-6.53944
-6.57274
-6.60728
-6.64709
-6.68402
-6.71585
-6.74443
-6.76707
-6.7911
-6.812
-6.83247
-6.85403
-6.87322
-6.8845
-6.88705
-6.87885
-6.8592
-6.83216
-6.79786
-6.75499
-6.70944
-6.66801
-6.63395
-6.60966
-6.59739
-6.60077
-6.61457
-6.63746
-6.6627
-6.68482
-6.70019
-6.70875
-6.71014
-6.70347
-6.69185
-6.68191
-6.67534
-6.67387
-6.67539
-6.68626
-6.69937
-6.71145
-6.72332
-6.72976
-6.73043
-6.72784
-6.72019
-6.71203
-6.69651
-6.67961
-6.66039
-6.63791
-6.61871
-6.59936
-6.58526
-6.57523
-6.57264
-6.57237
-6.578
-6.5866
-6.59683
-6.61147
-6.62948
-6.65185
-6.67454
-6.697
-6.72033
-6.74206
-6.76568
-6.78117
-6.79896
-6.80815
-6.8123
-6.80864
-6.79718
-6.78185
-6.76244
-6.73871
-6.7191
-6.69863
-6.67883
-6.65829
-6.6393
-6.62371
-6.61096
-6.60321
-6.59765
-6.59576
-6.59677
-6.60188
-6.61348
-6.63042
-6.65687
-6.68769
-6.72362
-6.75901
-6.79066
-6.8148
-6.82623
-6.82138
-6.80302
-6.76634
-6.72499
-6.67871
-6.64226
-6.61721
-6.60841
-6.60877
-6.61628
-6.629
-6.64379
-6.665
-6.68858
-6.71811
-6.7481
-6.77713
-6.79691
-6.80769
-6.80606
-6.78615
-6.75798
-6.71688
-6.67341
-6.63395
-6.60468
-6.58737
-6.58679
-6.59681
-6.61676
-6.64003
-6.66793
-6.6974
-6.723
-6.73869
-6.74666
-6.74229
-6.73296
-6.71532
-6.696
-6.67599
-6.65777
-6.64213
-6.63427
-6.62924
-6.62921
-6.63524
-6.64039
-6.64677
-6.65168
-6.65417
-6.66124
-6.66433
-6.67138
-6.6801
-6.69216
-6.70639
-6.72095
-6.73339
-6.74477
-6.75411
-6.7574
-6.75602
-6.75297
-6.74947
-6.74706
-6.74699
-6.75098
-6.75696
-6.76338
-6.76683
-6.76873
-6.76691
-6.75656
-6.73777
-6.71267
-6.68233
-6.65156
-6.61919
-6.59656
-6.57852
-6.56921
-6.56407
-6.56457
-6.57289
-6.58531
-6.60469
-6.62496
-6.64711
-6.66712
-6.68917
-6.70959
-6.72796
-6.74762
-6.76364
-6.78063
-6.79268
-6.80033
-6.80186
-6.79782
-6.7891
-6.77283
-6.75328
-6.72807
-6.70254
-6.68083
-6.66594
-6.65232
-6.64888
-6.65037
-6.65727
-6.67154
-6.68588
-6.70255
-6.71853
-6.73253
-6.74162
-6.74908
-6.75227
-6.74831
-6.74244
-6.72999
-6.71821
-6.70236
-6.69029
-6.68157
-6.6738
-6.66698
-6.65821
-6.64646
-6.62998
-6.61671
-6.60971
-6.61289
-6.62435
-6.64488
-6.66968
-6.70017
-6.72807
-6.7529
-6.76399
-6.76418
-6.75221
-6.72909
-6.69594
-6.65714
-6.62042
-6.58702
-6.56546
-6.55529
-6.56114
-6.57878
-6.60788
-6.64492
-6.68016
-6.70662
-6.72754
-6.74051
-6.75008
-6.75784
-6.76361
-6.76656
-6.76331
-6.75741
-6.74612
-6.73609
-6.72772
-6.71961
-6.71151
-6.70379
-6.69676
-6.68834
-6.68323
-6.68186
-6.68294
-6.68759
-6.7002
-6.71542
-6.73554
-6.75542
-6.77113
-6.77814
-6.77776
-6.76345
-6.73793
-6.70785
-6.67433
-6.64819
-6.62455
-6.60718
-6.59793
-6.59272
-6.5914
-6.59139
-6.59314
-6.59619
-6.60078
-6.60554
-6.61431
-6.6267
-6.64418
-6.66163
-6.67957
-6.69726
-6.71362
-6.72536
-6.73574
-6.73593
-6.73204
-6.7225
-6.71022
-6.699
-6.68959
-6.68475
-6.68406
-6.68598
-6.69185
-6.69917
-6.70818
-6.71475
-6.71978
-6.71999
-6.71886
-6.71103
-6.70567
-6.70181
-6.70345
-6.71053
-6.72466
-6.74345
-6.76857
-6.79572
-6.81858
-6.83543
-6.84403
-6.84313
-6.83047
-6.81165
-6.78651
-6.7568
-6.72161
-6.68735
-6.65122
-6.61464
-6.58313
-6.5572
-6.53968
-6.53004
-6.53227
-6.54915
-6.5755
-6.60893
-6.64393
-6.67721
-6.70711
-6.72554
-6.73262
-6.73172
-6.72062
-6.70569
-6.68941
-6.67518
-6.6608
-6.65051
-6.64287
-6.63894
-6.63926
-6.64293
-6.65547
-6.6745
-6.69594
-6.72143
-6.74657
-6.76781
-6.78247
-6.79336
-6.80063
-6.79796
-6.79114
-6.77468
-6.75209
-6.7246
-6.69672
-6.67527
-6.66478
-6.66454
-6.67438
-6.69264
-6.71593
-6.73802
-6.75574
-6.7678
-6.76504
-6.74845
-6.71993
-6.68189
-6.63504
-6.59018
-6.55626
-6.53715
-6.53453
-6.55459
-6.58938
-6.63275
-6.67765
-6.71685
-6.74742
-6.76634
-6.77246
-6.76877
-6.75863
-6.74289
-6.7243
-6.70912
-6.6961
-6.68526
-6.67539
-6.66339
-6.65322
-6.64028
-6.62673
-6.61794
-6.61122
-6.61194
-6.61853
-6.62779
-6.64414
-6.66231
-6.67727
-6.68472
-6.68778
-6.68276
-6.67416
-6.6661
-6.66033
-6.65868
-6.65948
-6.66147
-6.66728
-6.67193
-6.67681
-6.68487
-6.69088
-6.69665
-6.69833
-6.6954
-6.69119
-6.69185
-6.69197
-6.69191
-6.69337
-6.69531
-6.69802
-6.69801
-6.69668
-6.69543
-6.69865
-6.70756
-6.72142
-6.73905
-6.75953
-6.77436
-6.78368
-6.78738
-6.78325
-6.77248
-6.75673
-6.73551
-6.71143
-6.6873
-6.66666
-6.65284
-6.64537
-6.63955
-6.63818
-6.63884
-6.64432
-6.6491
-6.65683
-6.66897
-6.68287
-6.69645
-6.70798
-6.71539
-6.71292
-6.70206
-6.68101
-6.65519
-6.62657
-6.60155
-6.58238
-6.57193
-6.56613
-6.57023
-6.58236
-6.60015
-6.62294
-6.64782
-6.67444
-6.70001
-6.7205
-6.73692
-6.75347
-6.76621
-6.77328
-6.781
-6.78337
-6.78254
-6.77707
-6.7665
-6.75452
-6.74332
-6.73324
-6.72666
-6.72712
-6.73012
-6.73725
-6.74545
-6.74866
-6.74698
-6.73714
-6.72173
-6.70602
-6.68397
-6.65868
-6.63341
-6.61052
-6.59057
-6.5748
-6.56615
-6.56503
-6.5742
-6.59215
-6.61679
-6.65097
-6.68527
