-3.41105
-3.41165
-3.41085
-3.41198
-3.41193
-3.41472
-3.41235
-3.41228
-3.41018
-3.41039
-3.41205
-3.41223
-3.41288
-3.41255
-3.41343
-3.41527
-3.41349
-3.41342
-3.41083
-3.41037
-3.41396
-3.41323
-3.4147
-3.41098
-3.40992
-3.40951
-3.41
-3.41258
-3.41429
-3.41434
-3.41772
-3.41573
-3.4128
-3.40962
-3.41022
-3.41273
-3.41175
-3.41316
-3.41669
-3.41381
-3.41141
-3.41024
-3.40956
-3.411
-3.41147
-3.41062
-3.41117
-3.41147
-3.41062
-3.41044
-3.41137
-3.41077
-3.40723
-3.41177
-3.41
-3.41105
-3.41188
-3.41208
-3.41351
-3.4131
-3.41291
-3.41378
-3.41217
-3.40987
-3.40824
-3.4067
-3.40714
-3.40968
-3.41274
-3.41184
-3.41278
-3.41449
-3.41334
-3.41153
-3.41222
-3.41082
-3.41175
-3.41171
-3.4125
-3.41422
-3.41715
-3.41774
-3.41514
-3.41424
-3.41411
-3.41358
-3.41093
-3.4092
-3.40795
-3.40921
-3.41038
-3.41323
-3.4125
-3.41006
-3.40732
-3.41063
-3.40872
-3.40936
-3.4076
-3.40619
-3.40714
-3.40922
-3.40793
-3.40974
-3.41039
-3.40901
-3.40956
-3.409
-3.41134
-3.41397
-3.41129
-3.41252
-3.4133
-3.41313
-3.41333
-3.41321
-3.41201
-3.41239
-3.41084
-3.41101
-3.41383
-3.41012
-3.41236
-3.41233
-3.41358
-3.41327
-3.41318
-3.41207
-3.41208
-3.41024
-3.4095
-3.41017
-3.41149
-3.41391
-3.4152
-3.41362
-3.41427
-3.41366
-3.4126
-3.41314
-3.41472
-3.41286
-3.41306
-3.41395
-3.41254
-3.41032
-3.40744
-3.40824
-3.41004
-3.41135
-3.41344
-3.41249
-3.41282
-3.40677
-3.40994
-3.41291
-3.41291
-3.41297
-3.41342
-3.41553
-3.41568
-3.41502
-3.41548
-3.41685
-3.41571
-3.4147
-3.41348
-3.41054
-3.41021
-3.40888
-3.41077
-3.41084
-3.41047
-3.4118
-3.41107
-3.41207
-3.4128
-3.41482
-3.41076
-3.41217
-3.41317
-3.41195
-3.41187
-3.41308
-3.41411
-3.41412
-3.41333
-3.41025
-3.41041
-3.40973
-3.40784
-3.40835
-3.40627
-3.40744
-3.40973
-3.41372
-3.41448
-3.41265
-3.41283
-3.4124
-3.41277
-3.41199
-3.40876
-3.40864
-3.40924
-3.40635
-3.40601
-3.4062
-3.40871
-3.40943
-3.41119
-3.41052
-3.41212
-3.41164
-3.41068
-3.40998
-3.41106
-3.41205
-3.40879
-3.40983
-3.40925
-3.40751
-3.40903
-3.40933
-3.40944
-3.41003
-3.40839
-3.40844
-3.41091
-3.41064
-3.40944
-3.41111
-3.41196
-3.41423
-3.41369
-3.41333
-3.41664
-3.41363
-3.41319
-3.41351
-3.41398
-3.41546
-3.40923
-3.4133
-3.41179
-3.40875
-3.41174
-3.41399
-3.41293
-3.41165
-3.41506
-3.41625
-3.41523
-3.41332
-3.41344
-3.41357
-3.41377
-3.41521
-3.41688
-3.41477
-3.41361
-3.41135
-3.41168
-3.41073
-3.41217
-3.41152
-3.41075
-3.41047
-3.41405
-3.41214
-3.41094
-3.41082
-3.41203
-3.41146
-3.41248
-3.41349
-3.41065
-3.41276
-3.41104
-3.41379
-3.41189
-3.41447
-3.41478
-3.4117
-3.41062
-3.41276
-3.40992
-3.416
-3.41662
-3.41352
-3.41342
-3.4136
-3.41411
-3.41566
-3.41292
-3.4148
-3.41426
-3.41423
-3.41282
-3.41424
-3.41183
-3.41318
-3.41351
-3.41594
-3.41492
-3.41419
-3.41362
-3.41569
-3.41326
-3.41275
-3.41299
-3.41034
-3.41183
-3.41415
-3.41492
-3.41342
-3.41316
-3.41214
-3.41048
-3.41234
-3.41016
-3.40997
-3.41443
-3.41337
-3.4105
-3.41228
-3.40817
-3.40856
-3.40887
-3.40997
-3.4112
-3.41067
-3.41195
-3.4112
-3.41093
-3.41002
-3.41015
-3.41073
-3.41131
-3.41105
-3.41036
-3.41365
-3.41411
-3.41456
-3.41133
-3.41175
-3.40972
-3.40971
-3.40919
-3.41004
-3.41145
-3.41225
-3.41168
-3.41163
-3.41242
-3.41107
-3.40942
-3.41119
-3.41228
-3.41242
-3.41547
-3.41291
-3.41093
-3.40919
-3.40947
-3.41025
-3.40698
-3.40775
-3.41003
-3.41278
-3.41252
-3.41164
-3.41174
-3.41189
-3.41256
-3.41261
-3.41234
-3.41145
-3.41268
-3.41417
-3.41316
-3.41294
-3.41248
-3.41442
-3.41111
-3.41267
-3.41178
-3.41122
-3.41318
-3.41261
-3.41454
-3.41448
-3.41274
-3.4145
-3.41225
-3.41055
-3.40985
-3.41181
-3.41087
-3.40879
-3.41082
-3.40949
-3.41011
-3.40868
-3.40965
-3.41101
-3.41043
-3.41329
-3.41193
-3.41456
-3.41562
-3.41686
-3.41276
-3.41548
-3.41566
-3.41432
-3.41189
-3.41466
-3.41443
-3.4143
-3.41375
-3.41196
-3.41047
-3.41168
-3.41323
-3.41276
-3.41177
-3.41283
-3.41287
-3.41156
-3.41321
-3.41355
-3.41368
-3.40961
-3.41024
-3.41005
-3.41331
-3.4162
-3.41753
-3.41527
-3.41432
-3.4151
-3.41404
-3.41145
-3.41262
-3.41583
-3.41628
-3.41562
-3.41374
-3.41476
-3.41445
-3.4126
-3.41512
-3.41617
-3.41652
-3.41655
-3.41575
-3.41109
-3.41136
-3.4089
-3.41215
-3.41179
-3.41183
-3.41182
-3.41317
-3.41165
-3.41147
-3.40838
-3.40771
-3.40825
-3.40807
-3.41135
-3.41328
-3.41654
-3.41522
-3.4152
-3.41532
-3.41436
-3.41179
-3.41306
-3.41367
-3.41153
-3.41134
-3.41125
-3.40701
-3.40625
-3.40855
-3.40854
-3.41093
-3.40844
-3.40802
-3.41073
-3.41231
-3.41302
-3.41566
-3.41249
-3.41415
-3.41389
-3.4124
-3.41001
-3.41456
-3.41676
-3.41774
-3.41704
-3.41456
-3.41472
-3.41512
-3.41198
-3.412
-3.41332
-3.41414
-3.41334
-3.41308
-3.4112
-3.4135
-3.41198
-3.41352
-3.41116
-3.41108
-3.41105
-3.41106
-3.41087
-3.40974
-3.41162
-3.4105
-3.41133
-3.40688
-3.40947
-3.41031
-3.41071
-3.41266
-3.41173
-3.40783
-3.40718
-3.40874
-3.40957
-3.4117
-3.40945
-3.4076
-3.40644
-3.40688
-3.40777
-3.40896
-3.40893
-3.41113
-3.41145
-3.41259
-3.41307
-3.40999
-3.41322
-3.41413
-3.41216
-3.41421
-3.41332
-3.41563
-3.41568
-3.41787
-3.41531
-3.4149
-3.41339
-3.41206
-3.4102
-3.41203
-3.4134
-3.41456
-3.41525
-3.41648
-3.41706
-3.41368
-3.41188
-3.41214
-3.41258
-3.41357
-3.41397
-3.41457
-3.41212
-3.40964
-3.40955
-3.41089
-3.40873
-3.41074
-3.41219
-3.40879
-3.40844
-3.41294
-3.40879
-3.41283
-3.41406
-3.40964
-3.4096
-3.41391
-3.4124
-3.41352
-3.41277
-3.41304
-3.41245
-3.40958
-3.41227
-3.41269
-3.41539
-3.41363
-3.41373
-3.4138
-3.41209
-3.41451
-3.41452
-3.41534
-3.41522
-3.41175
-3.41464
-3.41374
-3.41277
-3.4108
-3.41154
-3.40921
-3.40867
-3.41077
-3.41335
-3.41576
-3.41585
-3.41544
-3.41246
-3.41372
-3.41353
-3.41506
-3.41405
-3.41448
-3.41218
-3.41451
-3.41387
-3.41489
-3.41322
-3.41355
-3.41277
-3.41232
-3.41209
-3.40977
-3.41197
-3.41284
-3.41347
-3.41296
-3.4071
-3.40921
-3.40827
-3.40892
-3.40878
-3.41022
-3.40994
-3.4128
-3.40812
-3.4107
-3.41265
-3.4095
-3.4115
-3.40694
-3.409
-3.41073
-3.41392
-3.41107
-3.41089
-3.40964
-3.41372
-3.4086
-3.40495
-3.40555
-3.40937
-3.41005
-3.41126
-3.41083
-3.41332
-3.41454
-3.41379
-3.41215
-3.41334
-3.41403
-3.41246
-3.411
-3.4106
-3.41263
-3.41277
-3.41374
-3.41278
-3.41092
-3.40983
-3.40675
-3.40854
-3.40818
-3.4124
-3.41258
-3.41476
-3.4136
-3.4183
-3.415
-3.41195
-3.41082
-3.41113
-3.41465
-3.41188
-3.41445
-3.41583
-3.41195
-3.41499
-3.41759
-3.41511
-3.41649
-3.41399
-3.41301
-3.41184
-3.41406
-3.41233
-3.41061
-3.40845
-3.40593
-3.40622
-3.40886
-3.41134
-3.40897
-3.41401
-3.41293
-3.41632
-3.41802
-3.41629
-3.41354
-3.41259
-3.41459
-3.4135
-3.41185
-3.41668
-3.41671
-3.41655
-3.41145
-3.4131
-3.41018
-3.41203
-3.41328
-3.41212
-3.41502
-3.4111
-3.41007
-3.40858
-3.40987
-3.41004
-3.41298
-3.41544
-3.41413
-3.41423
-3.4146
-3.41505
-3.41297
-3.41301
-3.41305
-3.41422
-3.41489
-3.41307
-3.41166
-3.41229
-3.4133
-3.41169
-3.41227
-3.40915
-3.41359
-3.41285
-3.41486
-3.41345
-3.41065
-3.41227
-3.41328
-3.41284
-3.41281
-3.41524
-3.41088
-3.40958
-3.41168
-3.41079
-3.41435
-3.4147
-3.41264
-3.41018
-3.41334
-3.41168
-3.41217
-3.41059
-3.41508
-3.41306
-3.41246
-3.41289
-3.41193
-3.41091
-3.41417
-3.41509
-3.41293
-3.41586
-3.41555
-3.41297
-3.4131
-3.4126
-3.40966
-3.41128
-3.40974
-3.40954
-3.41026
-3.41057
-3.41144
-3.40984
-3.4116
-3.41429
-3.41029
-3.4101
-3.412
-3.41072
-3.40857
-3.409
-3.41042
-3.41044
-3.41155
-3.40994
-3.41158
-3.41225
-3.41279
-3.41027
-3.41101
-3.41194
-3.41158
-3.41107
-3.41121
-3.4129
-3.41327
-3.41226
-3.41163
-3.41122
-3.41069
-3.40741
-3.40892
-3.40918
-3.40785
-3.40888
-3.40971
-3.41009
-3.41099
-3.41087
-3.41091
-3.4137
-3.41344
-3.41298
-3.41457
-3.41259
-3.41213
-3.41342
-3.41572
-3.41526
-3.4155
-3.41291
-3.41357
-3.41521
-3.41376
-3.41397
-3.41259
-3.40961
-3.40994
-3.40969
-3.40791
-3.41253
-3.41184
-3.41223
-3.41076
-3.41397
-3.41424
-3.41626
-3.41549
-3.41225
-3.41085
-3.41066
-3.41022
-3.41363
-3.4122
-3.41031
-3.41103
-3.41181
-3.41046
-3.41236
-3.41262
-3.41111
-3.41278
-3.41526
-3.41495
-3.41516
-3.41324
-3.41257
-3.41463
-3.41468
-3.41282
-3.41101
-3.4099
-3.41158
-3.41109
-3.40782
-3.40785
-3.40883
-3.41128
-3.41157
-3.41045
-3.41232
-3.41293
-3.41519
-3.41568
-3.4131
-3.41441
-3.41299
-3.41216
-3.41045
-3.41087
-3.41039
-3.41143
-3.41353
-3.41259
-3.41047
-3.40969
-3.40563
-3.40819
-3.41127
-3.41197
-3.41257
-3.41386
-3.41031
-3.41513
-3.41684
-3.41632
-3.416
-3.41193
-3.41166
-3.41427
-3.41357
-3.41406
-3.41477
-3.41461
-3.41583
-3.41601
-3.41207
-3.41074
-3.40924
-3.41061
-3.41209
-3.41178
-3.41
-3.41096
-3.41156
-3.41099
-3.41124
-3.41123
-3.41532
-3.41368
-3.41405
-3.41475
-3.41622
-3.4151
-3.41746
-3.4177
-3.41655
-3.41565
-3.41547
-3.41288
-3.41449
-3.41115
-3.4101
-3.41231
-3.41269
-3.41508
-3.41817
-3.41814
-3.41734
-3.41669
-3.41883
-3.41809
-3.41862
-3.41858
-3.41919
-3.41693
-3.41615
-3.41446
-3.41093
-3.4125
-3.41207
-3.41365
-3.41375
-3.41254
-3.41201
-3.41405
-3.41648
-3.41385
-3.41233
-3.41057
-3.41451
-3.41453
-3.41452
-3.41393
-3.41552
-3.41243
-3.41211
-3.41054
-3.41016
