0.240664   0.210904   -0.175017
0.28476   -0.262431   0.451493
0.141432   0.373211   -0.250784
-0.215401   -0.00370085   -0.217165
-0.432067   0.477736   0.0208457
0.324675   -0.407076   -0.0377686
-0.0242006   -0.47492   0.0895429
0.0401742   0.279375   0.128722
-0.318072   -0.258968   0.317349
0.396015   -0.353314   0.174529
0.358751   0.197678   -0.190671
-0.391027   0.125715   0.270947
-0.361042   -0.371267   0.29832
-0.233733   -0.32724   0.291368
-0.332722   -0.0563697   0.0745037
-0.467626   -0.279696   -0.2096
0.0722587   -0.110943   -0.48305
0.204753   -0.366113   0.261529
-0.0662833   0.38202   0.0446841
0.408374   -0.231367   0.379092
-0.462143   -0.475421   -0.481513
-0.0234071   0.19813   -0.0112424
0.472405   -0.425953   -0.148866
0.434632   0.132849   -0.185852
0.0415657   -0.303687   0.43572
0.109791   0.22063   -0.207287
0.0451003   -0.209643   0.21691
-0.387045   -0.184852   0.335142
0.456099   0.298824   -0.277469
0.142751   -0.254623   -0.0063776
0.366126   -0.263397   0.185543
0.309549   0.493072   -0.337931
-0.304104   -0.428874   -0.116903
0.257818   0.180463   0.0271192
0.112595   -0.0707029   -0.00286438
-0.285496   -0.297466   -0.425875
0.402622   0.46179   -0.090427
-0.329458   0.132592   0.321758
0.42843   0.021751   0.284255
0.371579   -0.161325   0.198748
0.487114   0.282518   0.0929955
0.157757   -0.375021   0.483293
-0.0213215   -0.0197551   -0.184296
0.205066   -0.212118   0.267874
-0.198041   -0.268816   -0.483109
0.0302916   -0.189479   0.425992
0.398278   -0.0325854   -0.134225
0.109047   -0.295082   -0.499108
0.434304   -0.293623   -0.245421
0.303723   0.472301   -0.0611226
0.238019   -0.364109   0.365002
0.16508   -0.241109   -0.351017
-0.267971   -0.410147   0.117031
0.427647   0.197056   -0.0967687
-0.410743   0.172009   0.479001
-0.136124   0.387553   -0.446831
-0.496105   0.409112   0.0152475
-0.252202   0.463554   0.0272132
-0.36079   -0.226092   0.248338
0.492327   -0.0663652   0.0864244
-0.281626   -0.484818   -0.187905
-0.37176   -0.0227557   0.30403
-0.22347   -0.466417   -0.103967
0.478763   -0.481728   -0.0740877
-0.404939   0.260082   0.194395
0.265927   -0.475887   -0.270458
-0.484559   0.0146765   -0.081993
0.222093   0.3075   0.493223
-0.429751   -0.478328   -0.221955
0.494071   0.458769   0.248224
-0.261391   -0.239859   0.469286
0.170418   -0.198507   0.472562
0.273698   -0.00584354   -0.0743054
-0.464361   -0.142364   -0.355346
0.445832   -0.203288   -0.0590343
0.293067   0.0367408   -0.328074
-0.129571   -0.169924   -0.181304
0.345782   0.178785   0.0945113
0.269729   0.441244   -0.395552
-0.384855   -0.348867   -0.499566
0.456857   0.392612   -0.232612
-0.299466   -0.231273   0.0254349
0.16434   -0.0553653   -0.326148
-0.078853   -0.0052792   -0.251511
-0.369702   0.324567   0.128931
0.438324   0.178844   0.00615178
0.369843   -0.0753736   0.237409
-0.224437   -0.154539   -0.495581
-0.348611   0.484567   -0.469378
0.338075   0.441628   0.429945
0.043217   0.0581966   -0.0891659
-0.431626   -0.334045   0.391979
-0.257971   0.0939221   0.18042
0.28522   0.471572   0.121186
-0.0728755   -0.349911   -0.0230029
-0.315553   0.493651   -0.372547
0.371361   -0.349365   -0.215036
0.410066   0.0849354   0.0251213
-0.0293778   -0.185965   -0.483007
-0.31188   0.267751   0.17829
0.31058   0.339013   0.170978
-0.0031102   0.248936   0.33129
0.170803   0.00783174   -0.216489
-0.125812   -0.287406   0.298615
0.177885   -0.0497249   -0.105059
-0.142647   -0.0905443   0.0649353
0.114714   -0.267693   0.132805
0.443095   -0.427946   0.0553939
