0.240655   0.210938   -0.174974
0.284619   -0.262429   0.451517
0.141485   0.373231   -0.25077
-0.215414   -0.00370093   -0.217164
-0.432088   0.477653   0.020808
0.324659   -0.407102   -0.0377941
-0.0242766   -0.474887   0.0894351
0.0401647   0.279317   0.128816
-0.318056   -0.258962   0.317335
0.395988   -0.353361   0.174511
0.358755   0.197646   -0.190631
-0.39104   0.125668   0.270998
-0.361028   -0.371317   0.298316
-0.233741   -0.32727   0.291379
-0.332701   -0.0563829   0.0745285
-0.46765   -0.279686   -0.209579
0.0723039   -0.111018   -0.483102
0.204729   -0.366146   0.261595
-0.0662584   0.382007   0.0446527
0.408368   -0.231357   0.379103
-0.462113   -0.475378   -0.481485
-0.0234991   0.198135   -0.0112769
0.472325   -0.425949   -0.148832
0.434694   0.132862   -0.185874
0.0415611   -0.303647   0.435737
0.109747   0.220665   -0.207311
0.0450439   -0.209609   0.216945
-0.387051   -0.184857   0.335151
0.456226   0.298805   -0.277436
0.142765   -0.254629   -0.00632245
0.366132   -0.263436   0.185529
0.309516   0.493033   -0.337894
-0.304131   -0.428873   -0.116876
0.257814   0.180442   0.0271629
0.112529   -0.0706479   -0.00291578
-0.285372   -0.297528   -0.425845
0.402666   0.461866   -0.0904646
-0.32948   0.132631   0.321741
0.428451   0.0217611   0.28421
0.371548   -0.161356   0.198732
0.487178   0.282467   0.0931012
0.157697   -0.375003   0.483228
-0.0212236   -0.0197425   -0.1843
0.205023   -0.21217   0.267872
-0.198124   -0.268873   -0.483174
0.0303386   -0.189527   0.426005
0.39833   -0.032579   -0.13426
0.109083   -0.295064   -0.499081
0.434279   -0.293587   -0.245395
0.303732   0.47238   -0.0611029
0.238045   -0.364096   0.365059
0.165096   -0.241093   -0.351042
-0.267961   -0.410075   0.116993
0.427748   0.197053   -0.0967778
-0.41077   0.172006   0.479029
-0.136086   0.387458   -0.446892
-0.49611   0.409168   0.0152594
-0.252185   0.463505   0.0272724
-0.360778   -0.22615   0.248389
0.4923   -0.0663512   0.0864117
-0.281627   -0.484877   -0.187872
-0.371752   -0.0227509   0.303989
-0.22347   -0.466418   -0.103966
0.47875   -0.481704   -0.0740988
-0.404954   0.260091   0.194317
0.265904   -0.475872   -0.270453
-0.48455   0.0146442   -0.0819901
0.222119   0.307497   0.493202
-0.429691   -0.478304   -0.22195
0.494092   0.458645   0.248189
-0.261456   -0.239874   0.469234
0.170419   -0.198542   0.472461
0.273712   -0.00586458   -0.0742735
-0.464389   -0.142295   -0.355371
0.445868   -0.20324   -0.0590308
0.293101   0.0368125   -0.328084
-0.12957   -0.169948   -0.181274
0.345799   0.178782   0.0945168
0.26967   0.441193   -0.395545
-0.384873   -0.348781   -0.499524
0.456804   0.392632   -0.232701
-0.299469   -0.231169   0.0254486
0.164291   -0.0552966   -0.326138
-0.0788989   -0.00522137   -0.251496
-0.369758   0.324637   0.128952
0.438348   0.1788   0.00616768
0.369848   -0.0753351   0.237418
-0.224441   -0.154656   -0.495597
-0.348622   0.484559   -0.469349
0.338098   0.441657   0.429961
0.0432095   0.0582114   -0.089085
-0.431615   -0.334052   0.391989
-0.257882   0.0938771   0.1804
0.285284   0.471591   0.121213
-0.0728249   -0.349806   -0.0229711
-0.315492   0.493664   -0.372566
0.371327   -0.349317   -0.215067
0.410094   0.08493   0.0250973
-0.02942   -0.18596   -0.482955
-0.311883   0.267764   0.178265
0.310561   0.339001   0.17096
-0.00307029   0.248921   0.331261
0.170794   0.00785121   -0.216568
-0.125865   -0.287486   0.29858
0.177886   -0.0496593   -0.105037
-0.142668   -0.0904884   0.0649241
0.114722   -0.267781   0.132825
0.443081   -0.427915   0.055343
