1.19981
1.1996
1.19935
1.19906
1.19872
1.19831
1.19784
1.1973
1.19669
1.19601
1.19528
1.19449
1.19368
1.19284
1.192
1.19119
1.19042
1.1897
1.18905
1.18849
1.18802
1.18764
1.18735
1.18716
1.18706
1.18704
1.18711
1.18726
1.18747
1.18774
1.18804
1.18836
1.18868
1.18901
1.18933
1.18967
1.19004
1.19048
1.19101
1.19167
1.19248
1.19346
1.1946
1.19587
1.19724
1.19865
1.20008
1.20146
1.20276
1.20395
1.20501
1.20591
1.20663
1.20716
1.20747
1.20753
1.20734
1.20687
1.20613
1.20515
1.20398
1.20271
1.20144
1.20028
1.19929
1.19852
1.19791
1.1974
1.19687
1.19625
1.19553
1.19483
1.19437
1.19445
1.19538
1.19732
1.20026
1.204
1.20818
1.21244
1.21648
1.22009
1.22317
1.22568
1.22761
1.229
1.22988
1.23031
1.23035
1.23008
1.22964
1.22918
1.22884
1.22874
1.22893
1.22937
1.22988
1.2302
1.23001
1.22892
1.22661
1.22284
1.21771
1.21183
1.20645
1.20322
1.20341
1.20717
1.21345
1.22066
1.22744
1.23306
1.23731
1.2403
1.24224
1.24336
1.24381
1.24372
1.24317
1.24221
1.24092
1.23936
1.23768
1.23603
1.23462
1.23358
1.23298
1.23273
1.23266
1.2325
1.23202
1.23114
1.22993
1.22866
1.22774
1.22757
1.22844
1.23044
1.23348
1.23728
1.24155
1.24598
1.25033
1.25442
1.25817
1.26154
1.26454
1.26717
1.26946
1.27146
1.27316
1.2746
1.27576
1.27666
1.27727
1.27758
1.27756
1.27717
1.27642
1.27528
1.27378
1.27199
1.27004
1.26809
1.26634
1.26502
1.26432
1.26436
1.26516
1.26665
1.26869
1.27108
1.27359
1.27596
1.27793
1.27922
1.27953
1.27863
1.27634
1.27258
1.26743
1.26113
1.25402
1.24651
1.23898
1.23178
1.22524
1.21977
1.21591
1.21427
1.21531
1.21905
1.22499
1.2323
1.24011
1.24776
1.25481
1.26097
1.26607
1.26999
1.27267
1.27411
1.27441
1.27379
1.27257
1.27119
1.2701
1.26968
1.2701
1.27127
1.27288
1.27451
1.27574
1.27624
1.27577
1.27422
1.27152
1.26767
1.26264
1.25645
1.24916
1.24093
1.23215
1.22338
1.21532
1.20852
1.20331
1.19969
1.19749
1.19654
1.19681
1.19834
1.20128
1.20568
1.21146
1.21836
1.2259
1.23358
1.24088
1.24743
1.253
1.25749
1.26091
1.26333
1.26487
1.26564
1.26576
1.26533
1.26443
1.26314
1.2615
1.25957
1.25736
1.25492
1.25224
1.24935
1.24628
1.24304
1.23969
1.23633
1.23309
1.23018
1.22783
1.22623
1.22553
1.22569
1.22653
1.22775
1.22897
1.22985
1.2301
1.22956
1.22819
1.22607
1.22344
1.22067
1.21819
1.21644
1.21569
1.21598
1.21711
1.21876
1.22053
1.22209
1.22322
1.22373
1.22353
1.22255
1.22074
1.21813
1.21479
1.21095
1.20699
1.20339
1.20068
1.19928
1.19935
1.20078
1.20323
1.20628
1.20955
1.21271
1.21559
1.21809
1.22018
1.22188
1.22323
1.22428
1.22508
1.22569
1.22613
1.22645
1.22666
1.22676
1.22676
1.22665
1.22641
1.22603
1.2255
1.22483
1.22406
1.22325
1.22251
1.22196
1.22176
1.22201
1.22279
1.22409
1.22582
1.22785
1.23002
1.23218
1.23423
1.23607
1.23767
1.23902
1.24013
1.24101
1.24168
1.24218
1.2425
1.24265
1.24266
1.2425
1.24217
1.24167
1.24097
1.24007
1.23895
1.23762
1.23607
1.23436
1.23257
1.23084
1.22933
1.22822
1.22765
1.22767
1.22827
1.22931
1.23067
1.2322
1.23378
1.23536
1.2369
1.23837
1.23977
1.24109
1.24234
1.24354
1.24469
1.24583
1.24697
1.2481
1.24918
1.2501
1.25076
1.25102
1.25076
1.2499
1.24843
1.2464
1.24396
1.24131
1.2387
1.2364
1.23463
1.23355
1.23328
1.23382
1.23515
1.23717
1.23977
1.24281
1.24612
1.24954
1.25293
1.25617
1.25917
1.26188
1.26425
1.26625
1.26785
1.26901
1.26969
1.26984
1.26941
1.26835
1.26663
1.26427
1.26131
1.25785
1.25406
1.25019
1.24649
1.24329
1.24088
1.23952
1.23935
1.24041
1.24256
1.2455
1.24889
1.25234
1.25555
1.25831
1.26048
1.26201
1.26288
1.26313
1.26278
1.26191
1.26058
1.25886
1.25683
1.2546
1.25228
1.24999
1.24788
1.24611
1.24481
1.2441
1.244
1.24445
1.24534
1.24651
1.2478
1.24908
1.25023
1.25119
1.25191
1.25237
1.25259
1.25258
1.25237
1.25201
1.25155
1.25108
1.25068
1.25047
1.25053
1.25094
1.25169
1.25272
1.25391
1.25508
1.25609
1.25678
1.25706
1.25687
1.25619
1.25505
1.25351
1.25166
1.24961
1.2475
1.24545
1.24362
1.24214
1.24114
1.2407
1.24085
1.24157
1.24275
1.24425
1.24586
1.24736
1.24848
1.24902
1.24881
1.24784
1.24629
1.24453
1.24311
1.24249
1.24292
1.24429
1.24617
1.24802
1.24939
1.25006
1.25008
1.24965
1.24907
1.24862
1.24843
1.24852
1.2488
1.24914
1.24947
1.24974
1.24997
1.2502
1.25045
1.25071
1.25096
1.25115
1.25125
1.25125
1.25118
1.25109
1.25103
1.25107
1.25123
1.25153
1.25197
1.25251
1.25312
1.25375
1.25437
1.25497
1.25553
1.25606
1.25656
1.25703
1.25747
1.25787
1.25824
1.25854
1.25876
1.25884
1.25874
1.25841
1.25778
1.25678
1.25534
1.25343
1.25103
1.24815
1.24486
1.24122
1.23727
1.23297
1.22816
1.22263
1.21625
1.20914
1.20187
1.19543
1.19099
1.18946
1.19112
1.19553
1.20182
1.20897
1.21609
1.22251
1.22783
1.2319
1.23481
1.23688
1.23859
1.24039
1.24263
1.24538
1.2485
1.25161
1.25433
1.2563
1.25725
1.257
1.25547
1.25255
1.24815
1.24213
1.23436
1.22499
1.21482
1.20569
1.20018
1.2002
1.20544
1.21346
1.22124
1.22669
1.22892
1.22799
1.22449
1.21935
1.21376
1.20903
1.20637
1.20661
1.20994
1.21587
1.22333
1.23095
1.23743
1.24185
1.24381
1.24357
1.24201
1.24041
1.23996
1.24115
1.24349
1.24585
1.24715
1.24681
1.24486
1.24181
1.23844
1.23555
1.23377
1.23341
1.23443
1.23659
1.23952
1.24292
1.24658
1.25039
1.2543
1.25824
1.26214
1.26591
1.26943
1.27259
1.27528
1.27741
1.27887
1.27959
1.27949
1.27856
1.27688
1.27463
1.27219
1.27009
1.26892
1.26917
1.27099
1.27415
1.27813
1.2823
1.28612
1.28921
1.29138
1.29256
1.29277
1.29211
1.2907
1.28873
1.28644
1.28414
1.28213
1.28064
1.27984
1.27971
1.28011
1.28081
1.28157
1.28214
1.2824
1.28229
1.28192
1.2815
1.28134
1.28174
1.28288
1.28472
1.28697
1.2892
1.29102
1.29209
1.29226
1.29151
1.28992
1.28765
1.28492
1.28195
1.27897
1.27616
1.27372
1.27178
1.27042
1.26967
1.26945
1.26965
1.27008
1.27058
1.27103
1.27137
1.2716
1.27176
1.27192
1.27217
1.27263
1.27342
1.27463
1.27632
1.27843
1.28083
1.28325
1.28538
1.28687
1.28745
1.28687
1.28498
1.28177
1.2774
1.27224
1.26694
1.26227
1.25902
1.25771
1.25847
1.26103
1.26484
1.26925
1.2737
1.27783
1.28145
1.2845
1.28703
1.28909
1.29074
1.29205
1.29303
1.29371
1.2941
1.2942
1.29401
1.29352
1.29272
1.2916
1.29013
1.2883
1.28608
1.28345
1.28039
1.27687
1.2729
1.26844
1.2635
1.25806
1.25208
1.24554
1.23843
1.23082
1.22289
1.21501
1.20776
1.20182
1.19776
1.19583
1.19593
1.19772
1.20084
1.20508
1.21041
1.21679
1.22398
1.2315
1.23879
1.24538
1.25101
1.25566
1.25941
1.26237
1.26461
1.26615
1.26697
1.26704
1.26631
1.26476
1.26238
1.25921
1.2553
1.25079
1.24586
1.24077
1.23586
1.23149
1.22803
1.22579
1.22495
1.22555
1.22747
1.23044
1.23413
1.23818
1.24226
1.24608
1.24948
1.25232
1.25455
1.25617
1.25717
1.25758
1.25743
1.25673
1.25553
1.25386
1.25179
1.24941
1.24683
1.24421
1.2417
1.23946
1.23762
1.23626
1.2354
1.23499
1.23492
1.23503
1.23509
1.23487
1.23407
1.23244
1.2298
1.22605
1.22131
1.21591
1.21045
1.20566
1.20222
1.20053
1.2005
1.20167
1.20341
1.2052
1.20674
1.20794
1.20887
1.20967
1.21048
1.21146
1.21271
1.21433
1.21635
1.21872
1.22132
1.224
1.22657
1.22889
1.23084
1.23237
1.23345
1.23411
1.23439
1.23436
1.2341
1.23366
1.23312
1.23253
1.23192
1.23133
1.23077
1.23022
1.22967
1.22911
1.22849
1.22779
1.22699
1.22607
1.22499
1.22374
1.22228
1.22059
1.21862
1.21635
1.21377
1.21092
1.20787
1.20477
1.20183
1.19928
1.19734
1.19616
1.19586
1.19645
1.19782
1.19981
1.20216
1.20462
1.20694
1.209
1.21076
1.21224
1.21353
1.2147
1.21577
1.21675
1.21758
1.21818
1.2185
1.21854
1.21833
1.21797
1.21759
1.21735
1.21735
1.21765
1.21825
1.21908
1.22001
1.22088
1.22155
1.22186
1.2217
1.22102
1.21982
1.21817
1.21622
1.21418
1.2123
1.21081
1.20984
1.20946
1.2096
1.21014
1.21093
1.21185
1.21281
1.21373
1.21454
1.21517
1.21553
1.21553
1.21506
1.21404
1.21241
1.21013
1.20718
1.20365
1.19968
1.19556
1.19169
1.18852
1.18642
1.18559
1.18595
1.18718
1.18889
1.19073
1.19243
1.19391
1.19515
1.1962
1.19716
1.19808
1.19902
1.19999
1.20098
1.20197
1.20291
1.20377
1.20452
1.20516
1.20571
1.2062
1.20667
1.20715
1.20766
1.20818
1.2087
1.20918
1.20958
1.20984
1.20993
1.20981
1.20948
1.20892
1.20815
1.20718
1.20605
1.20477
1.20337
1.20187
1.20028
1.19859
1.19682
1.19495
1.19302
1.19105
1.1891
1.18721
1.18547
1.18393
1.18267
1.18174
