1.41827
1.41827
1.41827
1.41827
1.41827
1.41828
1.41828
1.41828
1.41827
1.41827
1.41827
1.41827
1.41826
1.41826
1.41825
1.41824
1.41824
1.41824
1.41824
1.41823
1.41822
1.41823
1.41823
1.41823
1.41822
1.41822
1.41822
1.41822
1.41822
1.41822
1.41822
1.41822
1.41823
1.41823
1.41823
1.41823
1.41823
1.41823
1.41822
1.41822
1.41822
1.41822
1.41822
1.41822
1.41821
1.41822
1.41822
1.41823
1.41822
1.41822
1.41822
1.41822
1.41821
1.41822
1.41822
1.41822
1.41821
1.41821
1.41821
1.41821
1.41821
1.4182
1.4182
1.41821
1.41822
1.41821
1.41821
1.4182
1.4182
1.41819
1.4182
1.41821
1.4182
1.4182
1.4182
1.41819
1.41819
1.41818
1.41818
1.41818
1.41818
1.41817
1.41818
1.41818
1.41819
1.41819
1.41819
1.41819
1.4182
1.41819
1.41819
1.4182
1.4182
1.41821
1.41821
1.41821
1.41821
1.41821
1.41821
1.41821
1.41821
1.41821
1.41822
1.41822
1.41823
1.41823
1.41821
1.41821
1.41821
1.41821
1.41819
1.4182
1.4182
1.41818
1.41819
1.41819
1.4182
1.4182
1.4182
1.41821
1.41821
1.41822
1.41821
1.41822
1.41823
1.41822
1.41823
1.41824
1.41823
1.41822
1.41822
1.41821
1.41821
1.4182
1.41821
1.41821
1.4182
1.4182
1.41821
1.4182
1.41821
1.41821
1.41821
1.4182
1.4182
1.41821
1.41821
1.41821
1.41821
1.41821
1.4182
1.4182
1.4182
1.4182
1.41821
1.41823
1.41822
1.41821
1.41822
1.41821
1.41821
1.41821
1.41821
1.41822
1.41821
1.41821
1.41822
1.41823
1.41823
1.41823
1.41823
1.41823
1.41822
1.41822
1.41822
1.41822
1.41822
1.41822
1.41822
1.41823
1.41823
1.41822
1.41821
1.41822
1.41823
1.41824
1.41823
1.41824
1.41824
1.41824
1.41825
1.41825
1.41825
1.41825
1.41826
1.41825
1.41826
1.41827
1.41827
1.41827
1.41827
1.41827
1.41826
1.41826
1.41827
1.41828
1.41827
1.41827
1.41827
1.41826
1.41826
1.41827
1.41827
1.41828
1.41828
1.41828
1.41828
1.41828
1.41828
1.41829
1.41829
1.41829
1.41828
1.41828
1.41827
1.41827
1.41827
1.41827
1.41828
1.41827
1.41827
1.41828
1.41828
1.41827
1.41828
1.41827
1.41828
1.41828
1.41828
1.41827
1.41828
1.41827
1.41828
1.41828
1.41828
1.41829
1.41829
1.41829
1.41829
1.4183
1.41829
1.41829
1.4183
1.4183
1.41831
1.41831
1.41831
1.41832
1.41832
1.41832
1.41832
1.41832
1.41832
1.41833
1.41832
1.41833
1.41832
1.41833
1.41833
1.41833
1.41834
1.41833
1.41834
1.41835
1.41834
1.41834
1.41833
1.41833
1.41833
1.41833
1.41832
1.41832
1.41833
1.41832
1.41833
1.41833
1.41833
1.41834
1.41834
1.41833
1.41833
1.41833
1.41833
1.41833
1.41832
1.41832
1.41833
1.41832
1.41833
1.41833
1.41833
1.41834
1.41834
1.41834
1.41834
1.41834
1.41834
1.41834
1.41833
1.41834
1.41834
1.41834
1.41834
1.41834
1.41834
1.41835
1.41835
1.41835
1.41835
1.41835
1.41834
1.41835
1.41836
1.41835
1.41834
1.41835
1.41836
1.41836
1.41836
1.41836
1.41835
1.41836
1.41837
1.41835
1.41835
1.41835
1.41835
1.41835
1.41835
1.41836
1.41836
1.41837
1.41837
1.41837
1.41838
1.41838
1.41838
1.41838
1.41837
1.41836
1.41836
1.41836
1.41836
1.41837
1.41837
1.41837
1.41838
1.41838
1.41838
1.41837
1.41838
1.41838
1.41838
1.41838
1.41838
1.41838
1.41837
1.41838
1.41838
1.41839
1.41839
1.4184
1.4184
1.41841
1.41841
1.41841
1.4184
1.41841
1.41841
1.4184
1.41841
1.41841
1.41841
1.41841
1.41842
1.41841
1.4184
1.4184
1.4184
1.4184
1.41839
1.41839
1.41838
1.41838
1.41838
1.41838
1.41837
1.41836
1.41836
1.41836
1.41837
1.41837
1.41837
1.41837
1.41836
1.41837
1.41836
1.41837
1.41837
1.41838
1.41838
1.41838
1.41837
1.41838
1.41837
1.41837
1.41837
1.41837
1.41836
1.41837
1.41837
1.41837
1.41838
1.41838
1.41837
1.41837
1.41837
1.41838
1.41837
1.41838
1.41837
1.41837
1.41837
1.41839
1.41838
1.41837
1.41837
1.41837
1.41837
1.41838
1.41838
1.41838
1.41839
1.41839
1.41839
1.41837
1.41837
1.41837
1.41838
1.41837
1.41837
1.41837
1.41837
1.41836
1.41835
1.41835
1.41835
1.41835
1.41835
1.41835
1.41835
1.41836
1.41835
1.41835
1.41835
1.41836
1.41835
1.41835
1.41835
1.41835
1.41835
1.41835
1.41834
1.41835
1.41834
1.41834
1.41834
1.41834
1.41834
1.41834
1.41835
1.41834
1.41834
1.41835
1.41834
1.41834
1.41834
1.41833
1.41832
1.41832
1.41831
1.4183
1.4183
1.4183
1.4183
1.41831
1.4183
1.41829
1.41829
1.41828
1.41829
1.41829
1.41831
1.41831
1.41832
1.41831
1.4183
1.4183
1.4183
1.41829
1.41828
1.41828
1.41828
1.41827
1.41827
1.41827
1.41826
1.41827
1.41827
1.41828
1.41828
1.41829
1.4183
1.41829
1.41829
1.41829
1.41829
1.41829
1.41829
1.41828
1.41828
1.41829
1.41827
1.41827
1.41827
1.41828
1.41828
1.41829
1.41829
1.41831
1.41831
1.41831
1.41831
1.41832
1.41833
1.41833
1.41833
1.41833
1.41833
1.41833
1.41834
1.41834
1.41834
1.41833
1.41833
1.41833
1.41832
1.41833
1.41833
1.41833
1.41834
1.41834
1.41833
1.41832
1.41833
1.41833
1.41833
1.41833
1.41833
1.41834
1.41834
1.41834
1.41835
1.41835
1.41835
1.41834
1.41834
1.41833
1.41833
1.41833
1.41833
1.41833
1.41833
1.41834
1.41834
1.41833
1.41833
1.41834
1.41833
1.41834
1.41834
1.41835
1.41835
1.41835
1.41835
1.41834
1.41834
1.41835
1.41834
1.41834
1.41834
1.41835
1.41834
1.41834
1.41835
1.41835
1.41835
1.41835
1.41835
1.41833
1.41833
1.41833
1.41832
1.41832
1.41831
1.41832
1.41832
1.41833
1.41833
1.41832
1.41832
1.41832
1.41831
1.41831
1.41831
1.41831
1.41831
1.41831
1.4183
1.4183
1.41829
1.4183
1.4183
1.4183
1.4183
1.41831
1.41832
1.41833
1.41833
1.41832
1.41832
1.41832
1.41832
1.41831
1.41831
1.41829
1.41829
1.41828
1.41828
1.41828
1.41827
1.41826
1.41825
1.41825
1.41825
1.41826
1.41826
1.41826
1.41826
1.41825
1.41824
1.41826
1.41826
1.41826
1.41827
1.41827
1.41827
1.41828
1.41828
1.41828
1.41827
1.41827
1.41828
1.41828
1.41829
1.41828
1.41828
1.41829
1.41829
1.41829
1.41829
1.41828
1.41828
1.41828
1.41828
1.41828
1.41828
1.41828
1.41827
1.41827
1.41829
1.4183
1.41831
1.41831
1.41831
1.41831
1.41831
1.41831
1.41831
1.41831
1.41832
1.41831
1.41832
1.41833
1.41833
1.41831
1.41831
1.41832
1.41832
1.41832
1.41832
1.41832
1.41831
1.41829
1.4183
1.41829
1.41829
1.41829
1.41828
1.41828
1.41829
1.41828
1.41827
1.41828
1.41827
1.41827
1.41828
1.41827
1.41827
1.41828
1.41828
1.41829
1.41828
1.41828
1.41828
1.41829
1.41828
1.41828
1.41828
1.41828
1.41828
1.41827
1.41827
1.41826
1.41825
1.41825
1.41825
1.41825
1.41825
1.41825
1.41825
1.41825
1.41823
1.41824
1.41824
1.41825
1.41825
1.41826
1.41825
1.41825
1.41825
1.41825
1.41824
1.41825
1.41825
1.41825
1.41825
1.41825
1.41825
1.41825
1.41824
1.41824
1.41824
1.41824
1.41824
1.41824
1.41823
1.41823
1.41823
1.41824
1.41824
1.41823
1.41823
1.41823
1.41823
1.41823
1.41822
1.41822
1.41822
1.41821
1.41822
1.41822
1.41823
1.41823
1.41823
1.41823
1.41823
1.41823
1.41823
1.41823
1.41822
1.41822
1.41822
1.41822
1.41822
1.41823
1.41823
1.41823
1.41823
1.41823
1.41822
1.41822
1.41821
1.4182
1.4182
1.41819
1.4182
1.4182
1.41821
1.4182
1.4182
1.4182
1.4182
1.41819
1.41819
1.4182
1.4182
1.4182
1.4182
1.4182
1.4182
1.41821
1.4182
1.4182
1.41819
1.41819
1.41819
1.4182
1.4182
1.4182
1.4182
1.4182
1.4182
1.4182
1.41819
1.41818
1.41819
1.4182
1.4182
1.4182
1.41819
1.4182
1.4182
1.41821
1.41821
1.41822
1.41821
1.41821
1.41821
1.41821
1.41821
1.41821
1.41821
1.4182
1.4182
1.4182
1.4182
1.4182
1.4182
1.4182
1.4182
1.4182
1.4182
1.4182
1.41819
1.41819
1.41819
1.4182
1.41821
1.41821
1.41821
1.41821
1.41822
1.41821
1.41821
1.41821
1.41821
1.4182
1.4182
1.4182
1.41821
1.4182
1.41819
1.41819
1.41819
1.41819
1.4182
1.41821
1.41821
1.4182
1.4182
1.41821
1.4182
1.41821
1.41821
1.41821
1.41822
1.41822
1.41822
1.41823
1.41823
1.41823
1.41824
1.41824
1.41824
1.41824
1.41825
1.41825
1.41825
1.41825
1.41825
1.41825
1.41825
1.41826
1.41826
1.41824
1.41824
1.41823
1.41822
1.41824
1.41823
1.41823
1.41823
1.41822
1.41822
1.41822
1.41822
1.41821
1.41822
1.41822
1.41822
1.41822
1.41822
1.41821
1.41822
1.41822
1.41823
1.41822
1.41822
1.41822
1.41822
1.41822
1.41823
1.41823
1.41824
1.41825
1.41825
1.41826
1.41826
1.41826
1.41826
1.41826
1.41826
1.41826
1.41826
1.41826
1.41826
1.41826
1.41826
1.41826
1.41826
1.41826
1.41826
1.41826
1.41826
1.41826
1.41826
1.41825
1.41827
1.41827
1.41827
1.41827
1.41828
1.41828
1.41828
1.41829
1.41829
1.4183
1.41829
1.41829
1.41829
1.41829
1.41829
1.41829
1.41828
1.41829
1.41829
1.41828
1.41828
1.41829
