1.79972
1.79939
1.79903
1.79859
1.79808
1.79747
1.79676
1.79595
1.79503
1.79402
1.79292
1.79174
1.79052
1.78926
1.78801
1.78679
1.78562
1.78455
1.78358
1.78274
1.78203
1.78146
1.78103
1.78074
1.78058
1.78056
1.78067
1.78089
1.78121
1.78161
1.78206
1.78253
1.78302
1.78351
1.784
1.78451
1.78506
1.78572
1.78651
1.78751
1.78873
1.79019
1.7919
1.7938
1.79585
1.79798
1.80012
1.80219
1.80414
1.80593
1.80751
1.80886
1.80994
1.81073
1.8112
1.8113
1.81101
1.81031
1.8092
1.80773
1.80597
1.80407
1.80216
1.80042
1.79894
1.79777
1.79687
1.7961
1.7953
1.79437
1.7933
1.79225
1.79155
1.79168
1.79306
1.79598
1.80039
1.80599
1.81226
1.81866
1.82472
1.83014
1.83476
1.83851
1.84141
1.8435
1.84483
1.84547
1.84552
1.84512
1.84447
1.84377
1.84325
1.84311
1.8434
1.84405
1.84482
1.84531
1.84501
1.84338
1.83991
1.83426
1.82657
1.81775
1.80968
1.80483
1.80511
1.81075
1.82018
1.83099
1.84116
1.84959
1.85596
1.86045
1.86336
1.86503
1.86571
1.86558
1.86476
1.86332
1.86137
1.85904
1.85651
1.85405
1.85193
1.85037
1.84946
1.8491
1.84899
1.84875
1.84804
1.84671
1.84489
1.84299
1.84161
1.84136
1.84266
1.84566
1.85021
1.85592
1.86233
1.86897
1.87549
1.88163
1.88726
1.89232
1.8968
1.90075
1.9042
1.90718
1.90974
1.91189
1.91365
1.91499
1.91591
1.91637
1.91633
1.91576
1.91462
1.91291
1.91067
1.90799
1.90506
1.90213
1.89951
1.89753
1.89649
1.89654
1.89774
1.89998
1.90304
1.90662
1.91038
1.91394
1.9169
1.91883
1.9193
1.91795
1.91451
1.90887
1.90115
1.89169
1.88103
1.86976
1.85847
1.84767
1.83786
1.82965
1.82386
1.82141
1.82296
1.82858
1.83749
1.84845
1.86017
1.87164
1.88221
1.89145
1.89911
1.90499
1.909
1.91116
1.91161
1.91068
1.90886
1.90679
1.90515
1.90452
1.90514
1.9069
1.90932
1.91177
1.91362
1.91435
1.91365
1.91132
1.90729
1.90151
1.89397
1.88468
1.87373
1.8614
1.84822
1.83508
1.82297
1.81279
1.80497
1.79953
1.79623
1.79481
1.79521
1.79752
1.80192
1.80852
1.8172
1.82753
1.83886
1.85037
1.86132
1.87115
1.8795
1.88624
1.89136
1.895
1.89731
1.89846
1.89864
1.89799
1.89665
1.89471
1.89225
1.88935
1.88605
1.88237
1.87836
1.87403
1.86941
1.86455
1.85953
1.85449
1.84964
1.84528
1.84174
1.83935
1.83829
1.83853
1.8398
1.84162
1.84346
1.84477
1.84515
1.84434
1.84228
1.83911
1.83516
1.831
1.82729
1.82467
1.82354
1.82397
1.82567
1.82813
1.83079
1.83314
1.83482
1.8356
1.8353
1.83382
1.83112
1.82719
1.82218
1.81643
1.81048
1.80508
1.80102
1.79891
1.79902
1.80116
1.80484
1.80943
1.81432
1.81907
1.82339
1.82714
1.83027
1.83282
1.83484
1.83642
1.83762
1.83853
1.8392
1.83968
1.83999
1.84014
1.84014
1.83997
1.83961
1.83904
1.83825
1.83725
1.83609
1.83488
1.83376
1.83294
1.83263
1.83301
1.83419
1.83613
1.83873
1.84178
1.84503
1.84828
1.85134
1.8541
1.8565
1.85853
1.86019
1.86151
1.86253
1.86326
1.86374
1.86398
1.86398
1.86374
1.86326
1.8625
1.86146
1.86011
1.85843
1.85642
1.8541
1.85154
1.84886
1.84626
1.844
1.84234
1.84148
1.84151
1.8424
1.84397
1.84601
1.8483
1.85068
1.85304
1.85535
1.85756
1.85966
1.86164
1.86352
1.8653
1.86703
1.86874
1.87046
1.87216
1.87376
1.87515
1.87614
1.87653
1.87614
1.87485
1.87264
1.8696
1.86593
1.86196
1.85805
1.8546
1.85194
1.85033
1.84992
1.85073
1.85272
1.85576
1.85966
1.86421
1.86918
1.87431
1.8794
1.88426
1.88876
1.89282
1.89637
1.89937
1.90177
1.90352
1.90454
1.90476
1.90411
1.90252
1.89995
1.89641
1.89196
1.88678
1.8811
1.87528
1.86974
1.86494
1.86133
1.85927
1.85903
1.86062
1.86384
1.86826
1.87333
1.87851
1.88333
1.88747
1.89072
1.89301
1.89432
1.89469
1.89418
1.89287
1.89087
1.88828
1.88525
1.88191
1.87842
1.87498
1.87182
1.86916
1.86722
1.86615
1.866
1.86667
1.86801
1.86976
1.8717
1.87362
1.87535
1.87678
1.87786
1.87856
1.87888
1.87886
1.87855
1.87801
1.87733
1.87662
1.87602
1.8757
1.8758
1.87641
1.87754
1.87908
1.88086
1.88262
1.88413
1.88517
1.8856
1.88531
1.88429
1.88258
1.88027
1.87749
1.87442
1.87125
1.86818
1.86543
1.86321
1.86171
1.86104
1.86127
1.86235
1.86413
1.86638
1.8688
1.87103
1.87273
1.87353
1.87322
1.87177
1.86943
1.8668
1.86466
1.86373
1.86438
1.86644
1.86926
1.87203
1.87408
1.8751
1.87512
1.87447
1.87361
1.87293
1.87265
1.87278
1.8732
1.87371
1.8742
1.87461
1.87496
1.8753
1.87567
1.87607
1.87644
1.87672
1.87687
1.87688
1.87678
1.87664
1.87655
1.8766
1.87684
1.8773
1.87796
1.87877
1.87968
1.88062
1.88155
1.88245
1.8833
1.88409
1.88484
1.88554
1.8862
1.88681
1.88736
1.88782
1.88814
1.88826
1.88812
1.88762
1.88667
1.88517
1.88302
1.88015
1.87654
1.87223
1.86729
1.86183
1.8559
1.84945
1.84224
1.83395
1.82438
1.81371
1.80281
1.79315
1.78649
1.7842
1.78668
1.7933
1.80273
1.81345
1.82413
1.83377
1.84175
1.84785
1.85221
1.85533
1.85788
1.86059
1.86394
1.86808
1.87274
1.87742
1.8815
1.88445
1.88587
1.8855
1.8832
1.87883
1.87223
1.86319
1.85154
1.83748
1.82222
1.80854
1.80028
1.8003
1.80816
1.82019
1.83187
1.84003
1.84338
1.84199
1.83673
1.82903
1.82064
1.81355
1.80956
1.80991
1.81491
1.82381
1.835
1.84642
1.85615
1.86277
1.86572
1.86536
1.86301
1.86061
1.85995
1.86173
1.86523
1.86877
1.87073
1.87022
1.86729
1.86271
1.85766
1.85333
1.85066
1.85011
1.85165
1.85488
1.85928
1.86438
1.86987
1.87559
1.88144
1.88736
1.89322
1.89887
1.90415
1.90888
1.91292
1.91611
1.9183
1.91938
1.91923
1.91785
1.91531
1.91194
1.90828
1.90513
1.90339
1.90376
1.90648
1.91123
1.9172
1.92345
1.92918
1.93381
1.93706
1.93883
1.93916
1.93816
1.93604
1.93309
1.92967
1.92622
1.92319
1.92096
1.91976
1.91956
1.92016
1.92122
1.92235
1.92321
1.92359
1.92344
1.92288
1.92225
1.92201
1.92261
1.92433
1.92708
1.93045
1.93381
1.93652
1.93813
1.93839
1.93726
1.93487
1.93148
1.92738
1.92293
1.91845
1.91425
1.91058
1.90767
1.90563
1.9045
1.90418
1.90447
1.90512
1.90587
1.90654
1.90706
1.9074
1.90764
1.90788
1.90826
1.90895
1.91013
1.91194
1.91447
1.91765
1.92125
1.92488
1.92806
1.93031
1.93117
1.9303
1.92748
1.92266
1.91609
1.90836
1.90041
1.89341
1.88853
1.88656
1.8877
1.89155
1.89726
1.90387
1.91056
1.91675
1.92218
1.92676
1.93054
1.93363
1.93612
1.93807
1.93954
1.94056
1.94115
1.9413
1.94101
1.94027
1.93908
1.9374
1.9352
1.93245
1.92912
1.92518
1.92058
1.91531
1.90935
1.90267
1.89526
1.88708
1.87811
1.86831
1.85765
1.84623
1.83433
1.82251
1.81164
1.80273
1.79664
1.79375
1.7939
1.79659
1.80126
1.80763
1.81562
1.82519
1.83597
1.84726
1.85819
1.86806
1.87651
1.88349
1.88911
1.89355
1.89691
1.89923
1.90046
1.90056
1.89947
1.89714
1.89358
1.88881
1.88295
1.87618
1.86878
1.86116
1.85379
1.84723
1.84205
1.83868
1.83742
1.83832
1.8412
1.84566
1.8512
1.85728
1.86338
1.86913
1.87421
1.87848
1.88183
1.88425
1.88576
1.88638
1.88614
1.8851
1.88329
1.88079
1.87768
1.87411
1.87024
1.86631
1.86255
1.85919
1.85644
1.8544
1.8531
1.85249
1.85238
1.85254
1.85264
1.8523
1.8511
1.84866
1.84469
1.83907
1.83196
1.82387
1.81568
1.80849
1.80334
1.80079
1.80074
1.8025
1.80512
1.8078
1.81011
1.81191
1.81331
1.8145
1.81572
1.81718
1.81906
1.8215
1.82453
1.82808
1.83199
1.836
1.83986
1.84334
1.84627
1.84855
1.85017
1.85116
1.85158
1.85154
1.85114
1.85049
1.84968
1.84879
1.84788
1.847
1.84615
1.84533
1.84451
1.84366
1.84273
1.84169
1.84049
1.8391
1.83749
1.83561
1.83342
1.83088
1.82793
1.82453
1.82066
1.81638
1.8118
1.80716
1.80275
1.79892
1.796
1.79425
1.7938
1.79467
1.79673
1.79971
1.80325
1.80693
1.81042
1.81351
1.81614
1.81836
1.8203
1.82204
1.82366
1.82513
1.82636
1.82727
1.82776
1.82781
1.82749
1.82695
1.82639
1.82602
1.82602
1.82647
1.82737
1.82862
1.83001
1.83133
1.83232
1.83279
1.83255
1.83153
1.82973
1.82725
1.82433
1.82127
1.81846
1.81621
1.81477
1.81419
1.8144
1.8152
1.81639
1.81777
1.81921
1.82059
1.82181
1.82276
1.8233
1.82329
1.82259
1.82107
1.81862
1.81519
1.81077
1.80547
1.79952
1.79334
1.78753
1.78277
1.77963
1.77839
1.77892
1.78077
1.78334
1.78609
1.78865
1.79086
1.79272
1.79431
1.79574
1.79712
1.79852
1.79998
1.80147
1.80296
1.80437
1.80566
1.80678
1.80775
1.80857
1.80931
1.81001
1.81073
1.81148
1.81227
1.81305
1.81377
1.81436
1.81476
1.81489
1.81472
1.81422
1.81338
1.81222
1.81077
1.80907
1.80715
1.80506
1.80281
1.80042
1.79789
1.79522
1.79243
1.78953
1.78658
1.78365
1.78082
1.7782
1.7759
1.774
1.77261
