-0.381444
-0.381123
-0.38076
-0.380321
-0.379808
-0.379189
-0.378483
-0.377672
-0.376761
-0.375752
-0.374647
-0.373473
-0.372255
-0.371003
-0.369761
-0.368546
-0.367384
-0.366306
-0.365344
-0.364507
-0.363802
-0.363222
-0.362791
-0.362501
-0.36236
-0.362344
-0.36245
-0.362667
-0.362995
-0.363384
-0.363836
-0.364314
-0.364795
-0.365281
-0.365768
-0.366277
-0.366835
-0.36749
-0.368292
-0.369281
-0.370511
-0.371977
-0.373681
-0.375584
-0.37764
-0.379762
-0.381899
-0.383962
-0.38592
-0.387708
-0.389291
-0.390641
-0.391729
-0.392518
-0.39298
-0.393085
-0.392801
-0.392099
-0.390991
-0.389515
-0.387769
-0.385867
-0.383961
-0.382206
-0.380724
-0.379561
-0.378657
-0.377895
-0.377105
-0.376178
-0.3751
-0.374041
-0.373354
-0.373479
-0.374861
-0.377783
-0.382204
-0.387814
-0.394082
-0.400476
-0.406538
-0.411966
-0.416581
-0.420332
-0.423226
-0.425306
-0.426639
-0.427277
-0.427321
-0.42693
-0.426272
-0.425568
-0.42505
-0.424901
-0.42519
-0.425843
-0.42661
-0.427097
-0.426805
-0.425176
-0.421701
-0.416047
-0.408346
-0.399522
-0.391454
-0.386602
-0.386895
-0.392543
-0.401969
-0.412785
-0.422969
-0.431384
-0.437767
-0.442265
-0.445171
-0.446843
-0.447519
-0.447382
-0.446556
-0.44511
-0.443168
-0.440823
-0.438302
-0.435832
-0.433701
-0.432145
-0.43123
-0.430866
-0.430765
-0.430524
-0.429812
-0.428493
-0.426685
-0.424793
-0.423405
-0.423149
-0.424457
-0.42746
-0.432007
-0.437722
-0.444123
-0.450759
-0.457284
-0.463427
-0.469058
-0.474109
-0.478588
-0.482539
-0.485985
-0.488975
-0.49154
-0.493692
-0.495446
-0.496789
-0.497698
-0.498144
-0.498111
-0.497548
-0.496402
-0.494699
-0.492455
-0.48978
-0.486845
-0.483913
-0.481297
-0.479321
-0.478265
-0.478312
-0.479507
-0.481745
-0.484808
-0.488393
-0.492162
-0.495722
-0.498679
-0.500602
-0.501079
-0.499726
-0.496284
-0.490642
-0.482923
-0.473477
-0.462815
-0.45154
-0.440241
-0.429428
-0.419625
-0.411412
-0.40562
-0.403168
-0.404715
-0.410326
-0.41924
-0.430197
-0.441909
-0.453388
-0.46395
-0.473189
-0.480837
-0.486714
-0.490726
-0.492893
-0.493353
-0.492424
-0.49059
-0.48851
-0.486877
-0.486243
-0.486879
-0.488638
-0.491063
-0.493506
-0.495346
-0.496072
-0.495375
-0.493047
-0.489004
-0.483223
-0.475684
-0.466388
-0.455439
-0.443103
-0.429942
-0.416799
-0.4047
-0.394512
-0.386697
-0.381261
-0.377953
-0.376541
-0.376934
-0.37924
-0.383641
-0.390243
-0.39892
-0.409263
-0.420579
-0.43209
-0.443039
-0.452881
-0.461229
-0.467964
-0.473089
-0.476716
-0.479023
-0.480173
-0.480349
-0.479704
-0.478357
-0.476411
-0.47396
-0.471057
-0.46775
-0.464068
-0.460046
-0.455717
-0.451102
-0.446237
-0.441216
-0.436173
-0.431315
-0.426951
-0.423417
-0.421019
-0.419967
-0.420206
-0.421475
-0.423298
-0.425123
-0.426437
-0.426808
-0.42601
-0.423943
-0.420754
-0.416821
-0.412665
-0.408957
-0.406336
-0.405207
-0.405635
-0.407348
-0.409809
-0.412459
-0.414821
-0.416499
-0.417268
-0.416965
-0.415485
-0.412778
-0.408855
-0.403855
-0.398102
-0.392156
-0.386755
-0.3827
-0.380594
-0.380694
-0.382838
-0.386518
-0.391101
-0.395985
-0.40073
-0.405054
-0.408796
-0.411929
-0.414481
-0.4165
-0.418079
-0.419289
-0.420188
-0.420859
-0.421341
-0.421646
-0.421802
-0.421801
-0.421625
-0.421267
-0.420696
-0.419896
-0.418903
-0.417747
-0.416525
-0.415404
-0.41459
-0.414292
-0.414662
-0.41583
-0.417777
-0.420371
-0.423419
-0.42668
-0.429918
-0.432972
-0.435747
-0.438154
-0.440175
-0.441839
-0.443157
-0.444172
-0.444904
-0.445384
-0.445615
-0.445614
-0.445373
-0.444878
-0.444125
-0.443078
-0.441733
-0.440066
-0.43806
-0.435745
-0.433179
-0.4305
-0.427898
-0.425635
-0.423964
-0.423099
-0.423133
-0.424022
-0.425597
-0.427624
-0.42992
-0.4323
-0.434663
-0.436965
-0.439177
-0.441283
-0.443261
-0.445134
-0.446915
-0.448638
-0.450346
-0.452055
-0.453748
-0.455358
-0.456741
-0.457739
-0.458119
-0.457734
-0.456449
-0.454233
-0.451185
-0.447524
-0.443549
-0.439638
-0.43619
-0.433538
-0.431929
-0.431515
-0.432338
-0.434329
-0.437368
-0.441276
-0.445833
-0.450803
-0.455933
-0.461029
-0.465898
-0.470402
-0.474457
-0.478003
-0.481
-0.483402
-0.485151
-0.486177
-0.486397
-0.48575
-0.484148
-0.481579
-0.478034
-0.473587
-0.4684
-0.462731
-0.456901
-0.451372
-0.44657
-0.442954
-0.440904
-0.440666
-0.442247
-0.445463
-0.449882
-0.454956
-0.460133
-0.464963
-0.469093
-0.472348
-0.47463
-0.47595
-0.47631
-0.475803
-0.474496
-0.472496
-0.469899
-0.466871
-0.463535
-0.460047
-0.456611
-0.453445
-0.450783
-0.448837
-0.447772
-0.447611
-0.448284
-0.449622
-0.451389
-0.453329
-0.455244
-0.456972
-0.458408
-0.45949
-0.460186
-0.460506
-0.460504
-0.460197
-0.459661
-0.458978
-0.45827
-0.457677
-0.457351
-0.457447
-0.458056
-0.459189
-0.460735
-0.46251
-0.464263
-0.465778
-0.466823
-0.467244
-0.466959
-0.465942
-0.464232
-0.461925
-0.459145
-0.456078
-0.452904
-0.449838
-0.447096
-0.44487
-0.443363
-0.442697
-0.44293
-0.444008
-0.445785
-0.448038
-0.45046
-0.452697
-0.454398
-0.455209
-0.454901
-0.453455
-0.451129
-0.448505
-0.446362
-0.445426
-0.446076
-0.448137
-0.450966
-0.453736
-0.455799
-0.456808
-0.456832
-0.456166
-0.455298
-0.454613
-0.454338
-0.454477
-0.454895
-0.455415
-0.455907
-0.456323
-0.456673
-0.457023
-0.457401
-0.457799
-0.45817
-0.458455
-0.458599
-0.458604
-0.4585
-0.458356
-0.458263
-0.458303
-0.458549
-0.459013
-0.459669
-0.460479
-0.461382
-0.46233
-0.463277
-0.46417
-0.46501
-0.465818
-0.466562
-0.467264
-0.467919
-0.468528
-0.469074
-0.469525
-0.46983
-0.469952
-0.469804
-0.469304
-0.468345
-0.466838
-0.464684
-0.461819
-0.458212
-0.4539
-0.448959
-0.443483
-0.437557
-0.431107
-0.423903
-0.41562
-0.40605
-0.395389
-0.384473
-0.374812
-0.368154
-0.365859
-0.368344
-0.374972
-0.384404
-0.395123
-0.405797
-0.415442
-0.423422
-0.429516
-0.43387
-0.436981
-0.439541
-0.442233
-0.445589
-0.449732
-0.454407
-0.459086
-0.463174
-0.466124
-0.467534
-0.467171
-0.464866
-0.460494
-0.453893
-0.444852
-0.433209
-0.419148
-0.403886
-0.390205
-0.381938
-0.381959
-0.389816
-0.401835
-0.413519
-0.421687
-0.42504
-0.423644
-0.418384
-0.410683
-0.402302
-0.395203
-0.39121
-0.39157
-0.396568
-0.405461
-0.416649
-0.428074
-0.437799
-0.444424
-0.447385
-0.447028
-0.444677
-0.442286
-0.44163
-0.44342
-0.446913
-0.450445
-0.452402
-0.45189
-0.448969
-0.44439
-0.439334
-0.435015
-0.432346
-0.431802
-0.433344
-0.436577
-0.440977
-0.44608
-0.451566
-0.457295
-0.463145
-0.46906
-0.474912
-0.480564
-0.48584
-0.490568
-0.494596
-0.497781
-0.499983
-0.50106
-0.500918
-0.49953
-0.497008
-0.493634
-0.489987
-0.486845
-0.485105
-0.485477
-0.488207
-0.492953
-0.498939
-0.505197
-0.510925
-0.515559
-0.518805
-0.520578
-0.520895
-0.519902
-0.517788
-0.514848
-0.511409
-0.507951
-0.504927
-0.502692
-0.501491
-0.50129
-0.501887
-0.502939
-0.504068
-0.504939
-0.505323
-0.505164
-0.504608
-0.503968
-0.503725
-0.50433
-0.506033
-0.508795
-0.51216
-0.515515
-0.51824
-0.519858
-0.520117
-0.518977
-0.516591
-0.513198
-0.5091
-0.504654
-0.500175
-0.495956
-0.492285
-0.489356
-0.487315
-0.486187
-0.485869
-0.486159
-0.486809
-0.487555
-0.488236
-0.488739
-0.48909
-0.489319
-0.489556
-0.489935
-0.490636
-0.491812
-0.493626
-0.496156
-0.499334
-0.50293
-0.506562
-0.509757
-0.512015
-0.512877
-0.512011
-0.509185
-0.50437
-0.497812
-0.490081
-0.482121
-0.47513
-0.470256
-0.468282
-0.469431
-0.473284
-0.478986
-0.485603
-0.492284
-0.498476
-0.503893
-0.508471
-0.512265
-0.515348
-0.517838
-0.519785
-0.521261
-0.522281
-0.522868
-0.523014
-0.522729
-0.522003
-0.520812
-0.51914
-0.516952
-0.514199
-0.510872
-0.506923
-0.502327
-0.497056
-0.491093
-0.484422
-0.477025
-0.468843
-0.459869
-0.450056
-0.439403
-0.427976
-0.416078
-0.404258
-0.393389
-0.384481
-0.378391
-0.375497
-0.375655
-0.37834
-0.383008
-0.389378
-0.397372
-0.406939
-0.417733
-0.429017
-0.439947
-0.449825
-0.458275
-0.465252
-0.470884
-0.47532
-0.47868
-0.480987
-0.482225
-0.482335
-0.481242
-0.478913
-0.47535
-0.470583
-0.464732
-0.457957
-0.450563
-0.442943
-0.435567
-0.429014
-0.423822
-0.420455
-0.419199
-0.420097
-0.422966
-0.42743
-0.432971
-0.439049
-0.445166
-0.450907
-0.455993
-0.460256
-0.46361
-0.466028
-0.467528
-0.46815
-0.467917
-0.466871
-0.465072
-0.462571
-0.459479
-0.455905
-0.452047
-0.448118
-0.444351
-0.440988
-0.43823
-0.436198
-0.4349
-0.434285
-0.434184
-0.434357
-0.434452
-0.434101
-0.432904
-0.430467
-0.426494
-0.42087
-0.413759
-0.405665
-0.397483
-0.390291
-0.385144
-0.382596
-0.382549
-0.3843
-0.386917
-0.389604
-0.391906
-0.393709
-0.395109
-0.396304
-0.397536
-0.398999
-0.400871
-0.403304
-0.40633
-0.409884
-0.413795
-0.417801
-0.42166
-0.425129
-0.428053
-0.430331
-0.43196
-0.432949
-0.433375
-0.43333
-0.432937
-0.432278
-0.431472
-0.430587
-0.429682
-0.428799
-0.427948
-0.427132
-0.426313
-0.425462
-0.424532
-0.423488
-0.42229
-0.420903
-0.419292
-0.417417
-0.415236
-0.412687
-0.409726
-0.40632
-0.402456
-0.398171
-0.393585
-0.388949
-0.384543
-0.380715
-0.377797
-0.376045
-0.375598
-0.376467
-0.378524
-0.381512
-0.385054
-0.388733
-0.392223
-0.395317
-0.397937
-0.400157
-0.402088
-0.403845
-0.405457
-0.406922
-0.408162
-0.409061
-0.409544
-0.409595
-0.409272
-0.408728
-0.408166
-0.407795
-0.407787
-0.408238
-0.409138
-0.410377
-0.411769
-0.413085
-0.414075
-0.414536
-0.414308
-0.413288
-0.411482
-0.409004
-0.406077
-0.403015
-0.400196
-0.39797
-0.39653
-0.395957
-0.396175
-0.396962
-0.398157
-0.399542
-0.40098
-0.402369
-0.40359
-0.404537
-0.40508
-0.405074
-0.404368
-0.40285
-0.400398
-0.396968
-0.392555
-0.387257
-0.381298
-0.375116
-0.369307
-0.364553
-0.361416
-0.360173
-0.360698
-0.362548
-0.365113
-0.367855
-0.370405
-0.37261
-0.374466
-0.376048
-0.37748
-0.378861
-0.380266
-0.38172
-0.383213
-0.384696
-0.386112
-0.387399
-0.38853
-0.389488
-0.390308
-0.391044
-0.391756
-0.392468
-0.39322
-0.39401
-0.394791
-0.395515
-0.396106
-0.396505
-0.396619
-0.396448
-0.395947
-0.395116
-0.393947
-0.392491
-0.390787
-0.388865
-0.386766
-0.38451
-0.382127
-0.379601
-0.376934
-0.374134
-0.371241
-0.368288
-0.365362
-0.36253
-0.359918
-0.357615
-0.355723
-0.354322
