-0.479228
-0.481639
-0.483127
-0.48356
-0.482889
-0.481017
-0.477969
-0.473713
-0.468276
-0.461705
-0.454067
-0.445493
-0.436138
-0.426134
-0.415698
-0.404996
-0.394213
-0.383533
-0.373126
-0.363105
-0.353549
-0.3445
-0.336044
-0.32819
-0.320971
-0.314345
-0.308303
-0.302799
-0.297803
-0.293161
-0.288823
-0.284663
-0.280592
-0.276596
-0.272685
-0.268961
-0.265569
-0.26273
-0.260682
-0.259627
-0.25976
-0.261095
-0.263581
-0.267018
-0.271126
-0.275501
-0.279802
-0.283619
-0.286683
-0.288695
-0.28944
-0.288751
-0.286468
-0.28243
-0.276501
-0.268552
-0.258482
-0.246243
-0.231955
-0.215895
-0.19858
-0.180678
-0.162997
-0.146347
-0.131361
-0.118319
-0.107062
-0.0971114
-0.0878171
-0.0787554
-0.0699694
-0.0622855
-0.0573175
-0.0571071
-0.0636262
-0.0780324
-0.100062
-0.12812
-0.159656
-0.191984
-0.222775
-0.250384
-0.273796
-0.292566
-0.306576
-0.315921
-0.320832
-0.321601
-0.318723
-0.312938
-0.305125
-0.296371
-0.287782
-0.280222
-0.274033
-0.268867
-0.263582
-0.256375
-0.24499
-0.226987
-0.200222
-0.163511
-0.117848
-0.067828
-0.0222619
0.00763959
0.0132058
-0.00657252
-0.0445784
-0.0899169
-0.133164
-0.1688
-0.195056
-0.212239
-0.221498
-0.224236
-0.22154
-0.214268
-0.203052
-0.18838
-0.170878
-0.15122
-0.130506
-0.10997
-0.0910043
-0.0747376
-0.0615875
-0.0511562
-0.0421936
-0.033
-0.0221615
-0.0091474
0.00534772
0.0193437
0.0300278
0.0344799
0.0306371
0.0178048
-0.0033166
-0.0309675
-0.0628697
-0.096788
-0.130884
-0.16374
-0.194494
-0.222648
-0.248012
-0.27058
-0.290358
-0.307417
-0.321798
-0.333491
-0.342472
-0.348641
-0.351863
-0.351978
-0.348849
-0.342295
-0.33218
-0.318619
-0.301848
-0.282475
-0.26144
-0.240078
-0.219964
-0.202719
-0.189728
-0.181883
-0.179404
-0.181803
-0.188019
-0.196574
-0.205764
-0.213658
-0.218251
-0.217446
-0.209243
-0.191896
-0.164257
-0.125999
-0.0779079
-0.0218917
0.0392792
0.102384
0.164247
0.222
0.272796
0.313478
0.340046
0.348263
0.335181
0.300789
0.248798
0.185294
0.116622
0.0479085
-0.0171599
-0.07611
-0.1272
-0.169204
-0.201406
-0.223696
-0.236657
-0.241726
-0.241189
-0.238071
-0.235575
-0.236269
-0.241377
-0.250273
-0.260826
-0.27005
-0.27501
-0.273304
-0.263384
-0.244344
-0.215852
-0.177926
-0.13075
-0.0747188
-0.0107352
0.059436
0.132678
0.204544
0.26986
0.324175
0.364903
0.391556
0.404896
0.405758
0.394429
0.370494
0.333318
0.282721
0.219655
0.146472
0.0668039
-0.0152068
-0.0955629
-0.171123
-0.23966
-0.300066
-0.351962
-0.395532
-0.431302
-0.459888
-0.481991
-0.498257
-0.509254
-0.515489
-0.517426
-0.515421
-0.509803
-0.500855
-0.488866
-0.474136
-0.456976
-0.437787
-0.417189
-0.396035
-0.375514
-0.357193
-0.342766
-0.333746
-0.33106
-0.334504
-0.342795
-0.353692
-0.364559
-0.372898
-0.376679
-0.374727
-0.366656
-0.35316
-0.335986
-0.317695
-0.30144
-0.290189
-0.285857
-0.288763
-0.297623
-0.310003
-0.323232
-0.334953
-0.343291
-0.347036
-0.345366
-0.337775
-0.324069
-0.304437
-0.279706
-0.251589
-0.222856
-0.197081
-0.178047
-0.168652
-0.170138
-0.181777
-0.201255
-0.225603
-0.251954
-0.278079
-0.302476
-0.324251
-0.343072
-0.358918
-0.371938
-0.382438
-0.390716
-0.397039
-0.401709
-0.404914
-0.406759
-0.407343
-0.406671
-0.404706
-0.401421
-0.396759
-0.390729
-0.383512
-0.375391
-0.36691
-0.358892
-0.352334
-0.348248
-0.347429
-0.350387
-0.357017
-0.366681
-0.378382
-0.390929
-0.40316
-0.414178
-0.423375
-0.430303
-0.434791
-0.436854
-0.436533
-0.433966
-0.429257
-0.422536
-0.413865
-0.403328
-0.39095
-0.376732
-0.360702
-0.342817
-0.323111
-0.301608
-0.278391
-0.253727
-0.228058
-0.202155
-0.177065
-0.154101
-0.13456
-0.119491
-0.10939
-0.104091
-0.102855
-0.104643
-0.108503
-0.113586
-0.119352
-0.125485
-0.131769
-0.138055
-0.144208
-0.150211
-0.156075
-0.161883
-0.167745
-0.173664
-0.179488
-0.184828
-0.189
-0.191191
-0.190411
-0.185925
-0.17722
-0.164274
-0.147656
-0.128519
-0.108451
-0.0893671
-0.0732508
-0.0618186
-0.056361
-0.057642
-0.0658676
-0.0807251
-0.101561
-0.127409
-0.157085
-0.18928
-0.222626
-0.255916
-0.288055
-0.318186
-0.345681
-0.370055
-0.390922
-0.40791
-0.420635
-0.428696
-0.431689
-0.429299
-0.421226
-0.407441
-0.38809
-0.363703
-0.335256
-0.304202
-0.272377
-0.242088
-0.215639
-0.195331
-0.183063
-0.18003
-0.186335
-0.200996
-0.221913
-0.246385
-0.271647
-0.295342
-0.315649
-0.331475
-0.342198
-0.347665
-0.347881
-0.343169
-0.333905
-0.320633
-0.303949
-0.284663
-0.263562
-0.241571
-0.21978
-0.19937
-0.181559
-0.167441
-0.157803
-0.15284
-0.152204
-0.155063
-0.160281
-0.166636
-0.173092
-0.1788
-0.183177
-0.185856
-0.186668
-0.18562
-0.182894
-0.178671
-0.173308
-0.167241
-0.161066
-0.155478
-0.151225
-0.149002
-0.149218
-0.151876
-0.156448
-0.162016
-0.167382
-0.171407
-0.173003
-0.171412
-0.166208
-0.157279
-0.144839
-0.129389
-0.111634
-0.092516
-0.0730516
-0.0543692
-0.037605
-0.0238241
-0.0140158
-0.00883805
-0.00857496
-0.0129941
-0.0213873
-0.0326388
-0.0452672
-0.0575684
-0.0678189
-0.0743929
-0.0762298
-0.0732477
-0.0666692
-0.0591461
-0.0541955
-0.0550436
-0.0632834
-0.0780319
-0.0963153
-0.114353
-0.129072
-0.138874
-0.143951
-0.145701
-0.146251
-0.14744
-0.15038
-0.15523
-0.161489
-0.168437
-0.175535
-0.182586
-0.189678
-0.197061
-0.204863
-0.213035
-0.221349
-0.229517
-0.237284
-0.244608
-0.251608
-0.258575
-0.265895
-0.273911
-0.282884
-0.292847
-0.303651
-0.315049
-0.326699
-0.338284
-0.349514
-0.360121
-0.369985
-0.379056
-0.387201
-0.394392
-0.400546
-0.405567
-0.409306
-0.411546
-0.412004
-0.410393
-0.406297
-0.399289
-0.388884
-0.374648
-0.356177
-0.333228
-0.305771
-0.274078
-0.238666
-0.200159
-0.15907
-0.115326
-0.0682101
-0.0166626
0.0397851
0.099733
0.158905
0.21015
0.245304
0.258077
0.24654
0.213606
0.165469
0.109305
0.0515937
-0.00267806
-0.0501988
-0.0895423
-0.121053
-0.146669
-0.169281
-0.191822
-0.216413
-0.243436
-0.271539
-0.298126
-0.32024
-0.335188
-0.340944
-0.336228
-0.32021
-0.292333
-0.252041
-0.198719
-0.13215
-0.0539428
0.0296862
0.105734
0.156773
0.170018
0.147421
0.105262
0.0636904
0.0371905
0.0319224
0.0477117
0.0804371
0.123376
0.168071
0.20521
0.226261
0.2255
0.201666
0.158392
0.103362
0.0463546
-0.00331457
-0.0388141
-0.057129
-0.0595825
-0.0519177
-0.0427256
-0.0398974
-0.0466366
-0.0597729
-0.072071
-0.076461
-0.0691365
-0.0505126
-0.0242781
0.00398125
0.028492
0.0447657
0.0504036
0.0453408
0.0312293
0.0104275
-0.0148749
-0.0430876
-0.0732856
-0.104746
-0.136881
-0.168888
-0.19986
-0.228789
-0.254689
-0.276664
-0.293898
-0.305653
-0.311287
-0.310416
-0.303032
-0.289811
-0.272322
-0.253391
-0.236811
-0.226781
-0.226582
-0.237313
-0.257352
-0.283013
-0.309767
-0.333669
-0.351885
-0.362818
-0.365865
-0.361063
-0.349032
-0.330764
-0.307736
-0.281764
-0.255151
-0.230175
-0.208714
-0.191962
-0.179974
-0.171902
-0.166227
-0.16124
-0.155413
-0.147739
-0.137957
-0.126704
-0.115426
-0.106226
-0.101101
-0.101144
-0.105989
-0.113564
-0.120958
-0.125246
-0.124198
-0.116634
-0.102384
-0.0821577
-0.0571841
-0.0290489
0.000463662
0.0296616
0.0569809
0.0810019
0.100674
0.115294
0.124705
0.129358
0.130193
0.128401
0.125188
0.121391
0.117515
0.113565
0.109346
0.104347
0.0979438
0.0893649
0.0778779
0.0628326
0.0439894
0.0217819
-0.00258864
-0.0272028
-0.0497259
-0.0677496
-0.0791094
-0.0822114
-0.0760915
-0.060788
-0.0376831
-0.00975594
0.0183412
0.0408839
0.0523848
0.0490768
0.029917
-0.00318368
-0.0462421
-0.0946771
-0.144315
-0.192195
-0.236583
-0.276756
-0.312585
-0.344162
-0.371716
-0.395347
-0.415165
-0.431157
-0.443312
-0.451559
-0.455864
-0.456155
-0.452335
-0.444324
-0.432013
-0.415271
-0.394066
-0.368312
-0.338006
-0.303174
-0.2639
-0.22031
-0.172555
-0.120721
-0.0650128
-0.00561172
0.0570877
0.122259
0.188081
0.251529
0.308232
0.353262
0.382491
0.393982
0.388306
0.367798
0.335012
0.291551
0.238146
0.175561
0.105887
0.0328809
-0.0391324
-0.106509
-0.167109
-0.220279
-0.266237
-0.305412
-0.338119
-0.364358
-0.383947
-0.396599
-0.402039
-0.400179
-0.391136
-0.375264
-0.353311
-0.326362
-0.296088
-0.264634
-0.234548
-0.208723
-0.189902
-0.180379
-0.181557
-0.193677
-0.215824
-0.246106
-0.281948
-0.320585
-0.359415
-0.396235
-0.429422
-0.457894
-0.481
-0.498416
-0.510055
-0.515975
-0.516267
-0.511126
-0.500848
-0.485803
-0.466592
-0.443956
-0.418948
-0.392774
-0.366744
-0.342156
-0.320096
-0.301283
-0.285927
-0.273827
-0.264254
-0.256067
-0.247682
-0.23732
-0.223094
-0.203235
-0.176479
-0.142472
-0.102191
-0.0582568
-0.0149899
0.0223729
0.0488877
0.0617942
0.0614038
0.0507751
0.0341093
0.0150658
-0.00416789
-0.0228975
-0.0414066
-0.0604533
-0.0809552
-0.103713
-0.129407
-0.15849
-0.190928
-0.22619
-0.263259
-0.300745
-0.337253
-0.371473
-0.402446
-0.42954
-0.452525
-0.471381
-0.486358
-0.497833
-0.506296
-0.512177
-0.515978
-0.518063
-0.518734
-0.518204
-0.51656
-0.513816
-0.509861
-0.504574
-0.497781
-0.489339
-0.479102
-0.466953
-0.452781
-0.436477
-0.417921
-0.396969
-0.373528
-0.347587
-0.319285
-0.289038
-0.257653
-0.226454
-0.197019
-0.17115
-0.15054
-0.136499
-0.129761
-0.130398
-0.137776
-0.150597
-0.167022
-0.185035
-0.20295
-0.219637
-0.234615
-0.248011
-0.260201
-0.271579
-0.282251
-0.2921
-0.300722
-0.307585
-0.31231
-0.314814
-0.315383
-0.314709
-0.313727
-0.3134
-0.314505
-0.317452
-0.322161
-0.328083
-0.334297
-0.339678
-0.343043
-0.343379
-0.339915
-0.332224
-0.320373
-0.304955
-0.2871
-0.268372
-0.250582
-0.235395
-0.223877
-0.216435
-0.212743
-0.211896
-0.212997
-0.215076
-0.217413
-0.219425
-0.220519
-0.220107
-0.217529
-0.212086
-0.203107
-0.19006
-0.172516
-0.150345
-0.123721
-0.0933165
-0.0604659
-0.0273986
0.00292811
0.0272277
0.0427592
0.0481639
0.0439418
0.0321351
0.0155386
-0.00327771
-0.0225017
-0.0412355
-0.0592822
-0.0768532
-0.0943544
-0.112144
-0.130452
-0.149307
-0.168563
-0.187905
-0.206977
-0.225421
-0.243009
-0.259621
-0.275315
-0.290255
-0.30463
-0.318541
-0.332059
-0.345103
-0.357431
-0.368738
-0.378643
-0.3868
-0.392821
-0.396566
-0.397859
-0.396698
-0.393119
-0.387337
-0.379579
-0.370072
-0.359059
-0.346731
-0.333268
-0.31875
-0.303296
-0.287059
-0.270308
-0.253356
-0.236688
-0.220787
-0.206279
-0.193715
-0.183653
-0.176578
