3.72672
3.67433
3.59392
3.49386
3.39085
3.29881
3.2174
3.14013
3.06859
3.01256
2.98186
2.97992
3.00227
3.0378
3.07143
3.08877
3.08095
3.04715
2.99355
2.93004
2.86727
2.81483
2.78097
2.77243
2.79237
2.83801
2.90131
2.97254
3.04307
3.10638
3.15887
3.2016
3.23779
3.26641
3.2797
3.27089
3.24231
3.20497
3.17137
3.14917
3.13868
3.13522
3.13489
3.13949
3.15296
3.17065
3.17698
3.15714
3.10808
3.04177
2.98252
2.95707
2.97933
3.0409
3.1179
3.18777
3.24081
3.27924
3.30578
3.31602
3.3041
3.27119
3.22581
3.17834
3.13578
3.0996
3.06776
3.03739
3.006
2.97357
2.94336
2.91977
2.9054
2.90049
2.90345
2.91145
2.92173
2.93352
2.94875
2.96957
2.9945
3.01762
3.03327
3.04023
3.04104
3.03865
3.03533
3.03247
3.02952
3.02483
3.01837
3.01268
3.01077
3.01368
3.01968
3.02471
3.02423
3.01536
2.99871
2.97858
2.96096
2.94996
2.94515
2.94276
2.94016
2.93833
2.93929
2.9424
2.94508
2.94642
2.9503
2.96525
2.99774
3.04258
3.08439
3.11033
3.11851
3.116
3.11184
3.1108
3.11118
3.10819
3.09955
3.08748
3.07695
3.07273
3.07687
3.0879
3.10215
3.11561
3.12394
3.12257
3.10916
3.08537
3.05502
3.02193
2.99126
2.97298
2.98117
3.02599
3.104
3.19753
3.28407
3.34542
3.37117
3.35799
3.3077
3.22563
3.11962
3.00027
2.88265
2.78681
2.73425
2.73879
2.79359
2.8718
2.94703
3.00622
3.04518
3.06191
3.05579
3.02977
2.99123
2.94941
2.91127
2.8811
2.86619
2.877
2.91416
2.96227
3.00466
3.03688
3.06369
3.08849
3.10892
3.12073
3.12115
3.10994
3.08966
3.06564
3.04367
3.02646
3.01333
3.00383
2.99993
3.00463
3.01931
3.04202
3.06783
3.0913
3.10914
3.12106
3.128
3.12932
3.12271
3.10695
3.08505
3.06403
3.05199
3.05475
3.07367
3.10481
3.1405
3.17196
3.19087
3.19062
3.16894
3.13079
3.08701
3.04896
3.02395
3.01381
3.01544
3.02246
3.02892
3.03305
3.03726
3.04501
3.05861
3.07894
3.10459
3.13058
3.14892
3.1518
3.1382
3.11849
3.10524
3.09691
3.08266
3.06305
3.05578
3.07539
3.10879
3.12827
3.12401
3.11329
3.11957
3.1424
3.16125
3.16177
3.14296
3.11034
3.07165
3.03599
3.01316
3.01151
3.03472
3.07964
3.13681
3.19415
3.24151
3.27267
3.2843
3.27347
3.23732
3.17708
3.10505
3.04636
3.02517
3.04438
3.08329
3.11738
3.13618
3.14392
3.14993
3.16067
3.1779
3.19944
3.21941
3.22914
3.22023
3.18797
3.13408
3.06857
3.01011
2.97978
2.98736
3.02374
3.07032
3.11167
3.13976
3.15231
3.15025
3.13568
3.11007
3.07357
3.02947
2.99121
2.97662
2.9895
3.01556
3.03741
3.04568
3.03828
3.01742
2.99044
2.96957
2.9636
2.9684
2.96893
2.95167
2.91631
2.8791
2.85996
2.86145
2.86973
2.87367
2.87192
2.86788
2.86436
2.86194
2.86029
2.85961
2.8606
2.86435
2.87151
2.87968
2.88324
2.8772
2.86086
2.83961
2.82381
2.82356
2.84299
2.88072
2.93472
3.00294
3.0789
3.15002
3.20228
3.22646
3.22112
3.19259
3.15385
3.12157
3.10963
3.12105
3.14664
3.17238
3.18745
3.18633
3.16699
3.13008
3.0792
3.01893
2.95062
2.8744
2.79757
2.73686
2.70902
2.71988
2.76279
2.82457
2.89184
2.9541
3.00444
3.03987
3.06073
3.06902
3.0663
3.053
3.03005
3.00093
2.97241
2.95304
2.95036
2.9673
2.99918
3.03475
3.06212
3.07433
3.07113
3.05667
3.03627
3.01373
2.9903
2.96591
2.94176
2.92183
2.91135
2.91364
2.92755
2.94655
2.96019
2.95998
2.94601
2.92651
2.91083
2.90325
2.90253
2.90537
2.90968
2.9156
2.92422
2.93709
2.95644
2.98502
3.02365
3.0682
3.10921
3.13609
3.14323
3.13296
3.11421
3.09722
3.0883
3.08794
3.09214
3.09553
3.09599
3.09827
3.11089
3.1344
3.15686
3.16577
3.15693
3.13089
3.08798
3.02948
2.96205
2.89718
2.84517
2.81176
2.79803
2.80042
2.81252
2.82821
2.84357
2.85799
2.87478
2.8979
2.9284
2.96521
3.00673
3.05044
3.09243
3.12748
3.15026
3.1577
3.15033
3.13151
3.10514
3.0746
3.0435
3.01592
2.99534
2.98377
2.98206
2.98976
3.00376
3.01697
3.01996
3.00559
2.97554
2.94347
2.92682
2.93043
2.94307
2.95027
2.9445
2.92661
2.90332
2.88354
2.87425
2.87751
2.8908
2.90929
2.9281
2.94493
2.96283
2.98867
3.02716
3.07651
3.13032
3.1819
3.22603
3.25804
3.27318
3.26869
3.24772
3.22014
3.1972
3.18439
3.17971
3.1776
3.17377
3.16713
3.15794
3.1451
3.12554
3.09544
3.05199
2.99515
2.92853
2.85862
2.7939
2.74451
2.71686
2.70813
2.71057
2.71853
2.73013
2.74537
2.76342
2.7809
2.79362
2.80038
2.80495
2.81425
2.83482
2.87005
2.91983
2.97987
3.0398
3.08421
3.0988
3.07765
3.02945
2.97863
2.95101
2.95363
2.976
3.00693
3.04261
3.08452
3.13389
3.18661
3.23363
3.26704
3.2842
3.28626
3.27425
3.2476
3.2064
3.15425
3.09865
3.04816
3.0088
2.98308
2.97128
2.97162
2.97915
2.98667
2.98755
2.9783
2.9594
2.9365
2.92118
2.92622
2.95401
2.99179
3.0219
3.03401
3.02778
3.00851
2.98237
2.95394
2.92668
2.90382
2.88854
2.88352
2.89041
2.91003
2.94213
2.98397
3.0287
3.06605
3.08647
3.08561
3.06612
3.03569
3.00313
2.97537
2.95597
2.94482
2.9391
2.9362
2.9367
2.94376
2.9603
2.98729
3.0229
3.06197
3.09609
3.11582
3.11384
3.08811
3.04432
2.99608
2.95883
2.93984
2.93564
2.93893
2.94383
2.94483
2.93521
2.90869
2.86327
2.80486
2.74664
2.70083
2.67011
2.65004
2.63917
2.64305
2.66735
2.70815
2.7517
2.78421
2.80005
2.80322
2.8041
2.81709
2.85657
2.92399
3.00059
3.06247
3.09664
3.10097
3.0785
3.03469
2.97658
2.91159
2.84606
2.78607
2.73952
2.71512
2.71671
2.73692
2.75804
2.76318
2.74799
2.72399
2.71253
2.73246
2.78892
2.87212
2.96488
3.05004
3.11453
3.15148
3.16213
3.15452
3.13671
3.10942
3.06737
3.00831
2.94145
2.88722
2.86515
2.87793
2.91125
2.94898
2.98349
3.01489
3.04692
3.08369
3.12694
3.17387
3.21773
3.25037
3.26529
3.26066
3.24141
3.21713
3.19402
3.16911
3.13507
3.08905
3.03737
2.99486
2.97587
2.98052
2.99592
3.01101
3.0232
3.03307
3.03902
3.03806
3.0291
3.01411
2.99775
2.98546
2.97909
2.97402
2.96358
2.94764
2.93611
2.94172
2.96919
3.01231
3.05923
3.09927
3.1264
3.13844
3.13443
3.114
3.07895
3.03433
2.9872
2.94382
2.90776
2.88068
2.86463
2.86197
2.8734
2.89662
2.9272
2.96091
2.9958
3.03192
3.06893
3.10488
3.13764
3.1657
3.18662
3.19543
3.18658
3.15848
3.11577
3.06631
3.01577
2.96669
2.92228
2.88877
2.8729
2.87681
2.89525
2.91828
2.93742
2.95253
2.97396
3.01447
3.07524
3.14288
3.2006
3.2383
3.25394
3.25078
3.23403
3.20675
3.1659
3.10612
3.03171
2.96419
2.92768
2.92384
2.93541
2.94855
2.96046
2.97297
2.98465
2.99153
2.99476
3.00085
3.01211
3.02375
3.03132
3.03427
3.03289
3.02607
3.01305
2.99571
2.97808
2.96401
2.95524
2.95019
2.94432
2.9338
2.91861
2.90109
2.88253
2.86284
2.84331
2.8284
2.82365
2.83295
2.85776
2.89615
2.94119
2.98174
3.0072
3.0128
3.00219
2.9861
2.97738
2.98285
2.99827
3.01143
3.01034
2.99145
2.96476
2.95132
2.96889
3.01585
3.07365
3.12408
3.16012
3.18435
3.20216
3.21722
3.2309
3.2431
3.25225
3.25586
3.25252
3.24363
3.23202
3.21871
3.20259
3.18401
3.16576
3.14785
3.12543
3.09394
3.05481
3.01566
2.98638
2.97317
2.97481
2.98543
3.00054
3.01862
3.03788
3.05371
3.06033
3.05505
3.04023
3.02135
3.00398
2.99233
2.9899
2.99984
3.02317
3.05591
3.08897
3.11191
3.11789
3.10537
3.07624
3.03356
2.98149
2.9259
2.87386
2.83196
2.80437
2.792
2.79264
2.80134
2.81243
2.82484
2.84505
2.88134
2.93245
2.98481
3.02332
3.04206
3.04514
3.04052
3.03346
3.02413
3.01177
3.00153
3.00348
3.02092
3.04245
3.05181
3.04131
3.01447
2.98136
2.95332
2.93894
2.9419
2.95989
2.98543
3.00854
3.02019
3.01554
2.9968
2.97418
2.96282
2.97377
3.00614
3.04812
3.08668
3.1164
3.13947
3.15932
3.17646
3.18916
3.19542
3.19305
3.17892
3.15036
3.10922
3.0654
3.03437
3.02869
3.04925
3.0843
3.11805
3.13908
3.14193
3.12684
3.09878
3.06497
3.03097
2.99952
2.97622
2.97362
2.99776
3.03542
3.06739
3.08382
3.08447
3.07436
3.06086
3.05111
3.04939
3.05512
3.06376
3.07097
3.07715
3.08785
3.10935
3.14254
3.18051
3.21176
3.2259
3.21794
3.19007
3.15057
3.10868
3.06903
3.03284
3.00267
2.98275
2.97434
2.97248
2.96819
2.9531
2.92304
2.87891
2.8258
2.77148
2.72478
2.69296
2.67872
2.68015
2.69426
2.71929
2.75315
2.79194
2.83232
2.87334
2.91449
2.95344
2.98688
3.0119
3.02546
3.02321
3.00198
2.96632
2.93293
2.92175
2.93747
2.96772
2.99882
3.02479
3.04385
3.0539
3.05353
3.04451
3.03134
3.01899
3.00908
2.99664
2.9736
2.93835
2.89999
2.87239
2.86565
2.88108
2.91117
2.9438
2.96862
2.98064
2.97956
2.96716
2.94565
2.9166
2.8806
2.84194
2.81404
2.81149
2.83443
2.8692
2.90125
2.922
2.92902
2.92303
2.90463
2.87382
2.83233
2.78475
2.73698
2.69526
2.6677
2.66497
2.6954
2.75734
2.83743
2.91673
2.9787
3.01444
3.02466
3.01795
3.00397
2.98492
2.95446
2.908
2.85381
2.81244
2.80328
2.83087
2.88365
2.94225
2.98944
3.01785
3.03149
3.03989
3.05011
3.06279
3.07403
3.07851
3.07113
3.04806
3.00893
2.9594
2.91067
2.87449
2.85584
2.8501
2.84748
2.84065
2.82965
2.82013
2.81702
2.82039
2.82738
2.83621
2.84808
2.86629
2.89294
2.92666
2.96268
2.99543
3.02173
3.04264
3.0626
3.08599
3.11217
3.1331
3.1364
3.11266
3.06334
3.00411
2.95648
2.93407
2.94059
2.97347
3.02222
3.07053
3.10402
3.11503
3.10315
3.07336
3.03355
2.99141
2.95149
2.91405
2.87617
2.83438
2.78773
2.73911
2.69352
2.65473
2.62376
2.60177
2.59511
2.6149
2.66605
2.73841
2.81233
2.87061
2.90421
2.91092
2.89292
2.85688
2.81437
2.77891
2.7595
2.75825
2.77296
2.79987
2.83461
2.87191
2.90542
2.92795
2.93339
2.91992
2.8933
2.86639
2.85255
2.85708
2.87559
2.90082
2.9286
2.95746
2.98633
3.01481
3.04485
3.08036
3.12325
3.16982
3.21189
3.2412
3.25288
3.24594
3.22241
3.18599
3.14045
3.08851
3.03219
2.97444
2.91896
2.8669
2.81601
2.76618
2.7249
2.70635
2.72415
2.78116
2.86478
2.95455
3.03367
3.09455
3.13732
3.16526
3.18043
3.18205
3.16811
3.13877
3.09917
3.05935
3.03114
3.02252
3.03334
3.05594
3.08081
3.10267
3.12211
3.14118
3.15848
3.16928
3.16933
3.15756
3.13592
3.10744
3.07395
3.03598
2.99576
2.95931
2.93289
2.91682
2.90646
2.89895
2.89612
2.90117
2.91532
2.93719
2.96239
2.98356
2.99366
2.98977
2.97325
2.94707
2.91467
2.88194
2.85963
2.85926
2.88257
2.91653
2.9441
2.95761
2.95761
2.94486
2.9216
2.89641
2.87884
2.87097
2.86964
2.87451
2.88806
2.91029
2.93781
2.9664
2.99253
3.01455
3.03496
3.05976
3.09158
3.12443
3.14822
3.15639
3.14826
3.12729
3.09858
3.06689
3.03608
3.00858
2.98361
2.95691
2.92574
2.8956
2.87991
2.89021
2.92716
2.98228
3.04542
3.10839
3.16409
3.20582
3.22793
3.22749
3.20565
3.16903
3.13006
3.10299
3.09651
3.10922
3.13256
3.1566
3.17341
3.17715
3.16346
3.1301
3.07938
3.01965
2.96359
2.92355
2.90765
2.91853
2.95307
3.00228
3.05391
3.0969
3.12457
3.13533
3.13178
3.11935
3.10476
3.09485
3.0946
3.10374
3.11466
3.11609
3.10301
3.08397
3.072
3.0673
3.06048
3.04815
3.03575
3.03097
3.03682
3.04846
3.0559
3.04974
3.02499
2.98297
2.93329
2.89313
2.87955
2.89775
2.93678
2.97876
3.01233
3.0377
3.06058
3.08213
3.09546
3.0922
3.07139
3.04267
3.01914
3.00453
2.99221
2.97688
2.96061
2.94842
2.94268
2.94103
2.9368
2.92137
2.88856
2.84008
2.78894
2.75552
2.75406
2.78269
2.83061
2.89011
2.95595
3.01969
3.07133
3.10357
3.11317
3.10114
3.0741
3.04427
3.0257
3.02811
3.0535
3.09638
3.14572
3.18869
3.21563
3.22336
3.21485
3.19646
3.17465
3.15294
3.13031
3.10361
3.07322
3.04575
3.03079
3.03502
3.05798
3.092
3.12542
3.14722
3.15047
3.13355
3.09992
3.05711
3.01343
2.97407
2.94034
2.91126
2.88573
2.8641
2.84789
2.83954
2.84256
2.8593
2.88693
2.91729
2.94233
2.96068
2.97976
3.00972
3.05261
3.09894
3.13598
3.15762
3.1669
3.17187
3.1789
3.18868
3.19742
3.20116
3.1989
3.19325
3.18962
3.19351
3.20725
3.22829
3.25041
3.2662
3.26981
3.25978
3.24034
3.21877
3.19984
3.18359
3.16745
3.14952
3.13035
3.1135
3.1044
3.10691
3.1186
3.13087
3.13437
3.12397
3.10097
3.07192
3.04517
3.02589
3.01295
2.99986
2.9793
2.9484
2.91198
2.88012
2.86112
2.85774
2.87106
2.90306
2.95211
3.00942
3.06308
3.10313
3.12333
3.12258
3.10775
3.09277
3.09022
3.10271
3.12408
3.14678
3.16619
3.17981
3.18402
3.17242
3.13906
3.08338
3.01147
2.93448
2.86587
2.81812
2.79889
2.80803
2.83703
2.87201
2.89803
2.90203
2.87599
2.82224
2.75765
2.71043
2.70598
2.75079
2.83011
2.92076
3.00428
3.07124
3.11984
3.15211
3.16961
3.17051
3.15131
3.11077
3.05268
2.98689
2.92719
2.88597
2.8677
2.86667
2.87154
2.87398
2.87383
2.87521
2.8794
2.88512
2.89239
2.90321
2.92046
2.94641
2.98092
3.02083
3.06097
3.09522
3.11804
3.12683
3.12287
3.1091
3.08635
3.05143
2.99934
2.92831
2.84605
2.77463
2.74332
2.76372
2.81756
2.87703
2.92622
2.96307
2.99011
3.00546
3.00168
2.97343
2.92524
2.87191
2.83219
2.8212
2.84441
2.89376
2.95186
3.00519
3.05048
3.08685
3.10855
3.10865
3.08504
3.04082
2.98195
2.91577
2.84992
2.79198
2.74841
2.72195
2.71018
2.70749
2.70849
2.71001
2.71231
2.71904
2.73607
2.7695
2.82283
2.89391
2.9732
3.0464
3.1008
3.13079
3.13837
3.13
3.11262
3.09116
3.06776
3.04257
3.01556
2.98727
2.95797
2.92637
2.89002
2.84775
2.80283
2.76446
2.74543
2.75625
2.79992
2.87078
2.95656
3.04152
3.1099
3.14978
3.15671
3.13504
3.09551
3.05007
3.00828
2.97754
2.96371
2.96928
2.99183
3.02452
3.05791
3.08302
3.09563
3.09925
3.10134
3.10442
3.10254
3.08994
3.07198
3.06374
3.07712
3.11094
3.15402
3.19421
3.2241
3.24249
3.25401
3.26561
3.28021
3.29395
3.3005
3.29663
3.28402
3.26828
3.25464
3.24293
3.22754
3.20317
3.1699
3.13307
3.10057
3.07974
3.07382
3.07939
3.08895
3.09733
3.10407
3.11091
3.12022
3.1356
3.16104
3.19639
3.23515
3.26702
3.28182
3.27102
3.22893
3.15644
3.0663
2.98177
2.92339
2.8974
2.90131
2.9334
2.99036
3.06012
3.12319
3.16237
3.17156
3.15798
3.13699
3.12287
3.12317
3.13879
3.16549
3.19546
3.21993
3.23126
3.22388
3.19534
3.14787
3.08875
3.0275
2.9714
2.92319
2.88254
2.84885
2.82324
2.80872
2.80739
2.81659
2.82909
2.84
2.85254
2.87252
2.89581
2.90832
2.89873
2.86858
2.83219
2.80768
2.80514
2.82103
2.84336
2.86114
2.86936
2.8687
2.86327
2.85834
2.85837
2.86551
2.87926
2.89767
2.91875
2.9409
2.96134
2.97454
2.97451
2.96112
2.94401
2.93611
2.94171
2.95428
2.96653
2.97753
2.98953
3.00234
3.01253
3.01738
3.01903
3.0244
3.04002
3.06645
3.09816
3.12755
3.14874
3.15946
3.16178
3.16216
3.16972
3.19089
3.22249
3.25176
3.26561
3.25829
3.23237
3.19529
3.15504
3.11664
3.08079
3.04449
3.00301
2.95394
2.90151
2.85638
2.82964
2.82601
2.84162
2.86649
2.88955
2.90349
2.90777
2.90866
2.91459
2.92669
2.93324
2.91788
2.87517
2.81939
2.77728
2.76662
2.7823
2.80619
2.82432
2.83245
2.83385
2.83589
2.8459
2.86719
2.89725
2.92868
2.95234
2.96125
2.95341
2.9322
2.90496
2.88087
2.86858
2.87231
2.88841
2.90745
2.92121
2.92769
2.92972
2.92995
2.92836
2.92473
2.92143
2.92168
2.92717
2.93845
2.95526
2.97516
2.99325
3.00436
3.00649
3.003
3.00236
3.01337
3.0358
3.05642
3.05895
3.03756
3.00026
2.96038
2.92625
2.89942
2.87875
2.86326
2.85326
2.85024
2.85505
2.86715
2.88629
2.91354
2.9491
2.99014
3.03141
3.06725
3.09255
3.10274
3.0939
3.06379
3.01385
2.95085
2.88727
2.84102
2.83273
2.87339
2.95035
3.03424
3.10039
3.1386
3.14909
3.13583
3.10319
3.05625
3.00276
2.95365
2.92067
2.91257
2.93151
2.97134
3.02096
3.06992
3.11126
3.14113
3.1574
3.15923
3.1473
3.12428
3.09568
3.06969
3.0549
3.05662
3.07465
3.10389
3.13621
3.16206
3.17245
3.16029
3.12118
3.05712
2.98079
2.91072
2.85868
2.82646
2.81295
2.81828
2.84264
2.88241
2.92856
2.97043
3.00045
3.01596
3.01796
3.00977
2.99645
2.98394
2.97754
2.98003
2.9907
3.00561
3.01844
3.02245
3.01371
2.99458
2.9734
2.95773
2.94612
2.9283
2.89804
2.87069
2.87538
2.91159
2.94512
2.95423
2.94615
2.93985
2.94681
2.96784
3.00137
3.04661
3.09948
3.15162
3.19498
3.22606
3.24564
3.25612
3.25929
3.25459
3.23727
3.20015
3.14122
3.07167
3.01407
2.98607
2.9865
3.00453
3.03472
3.07397
3.1146
3.14732
3.16483
3.16427
3.1493
3.12695
3.10083
3.06805
3.02287
2.96379
2.89915
2.84465
2.80979
2.79007
2.7804
2.78829
2.82608
2.89347
2.97278
3.04207
3.08774
3.10582
3.09754
3.06751
3.02581
2.98797
2.96742
2.96785
2.98588
3.01775
3.05944
3.10321
3.13822
3.1551
3.14985
3.12447
3.0855
3.04123
2.99833
2.95971
2.92667
2.90492
2.9048
2.92974
2.96821
3.00363
3.02784
3.0429
3.05369
3.0595
3.05441
3.03673
3.01562
3.00578
3.01561
3.0402
3.06566
3.07858
3.07221
3.04711
3.00956
2.9692
2.93507
2.91171
2.89798
2.88976
2.88371
2.87852
2.87307
2.8642
2.84706
2.81734
2.77384
2.72132
2.67338
2.64965
2.66424
2.7159
2.79081
2.87108
2.94081
2.98962
3.01387
3.01507
2.99679
2.96292
2.91859
2.87144
2.83043
2.80189
2.78697
2.78245
2.78452
2.79409
2.81963
2.87075
2.9465
3.03367
3.11605
3.18137
3.22271
3.23772
3.22721
3.19394
3.14319
3.08371
3.02646
2.9795
2.94315
2.9109
2.8752
2.83402
2.79602
2.77596
2.77763
2.78771
2.79853
2.82744
2.8933
2.98034
3.05659
3.1067
3.13168
3.13742
3.12907
3.11078
3.08669
3.06163
3.04026
3.02517
3.01578
3.00937
3.00317
2.99576
2.98771
2.98126
2.97862
2.98041
2.98528
2.9912
2.99698
3.00298
3.01057
3.02055
3.03218
3.04417
3.05615
3.06865
3.08119
3.09145
3.09641
3.09372
3.08255
3.06364
3.03846
3.00782
2.97153
2.9298
2.88579
2.84669
2.82207
2.81934
2.83946
2.87604
2.91788
2.95442
2.98108
3.00075
3.01974
3.04207
3.06764
3.09348
3.11566
3.13086
3.13809
3.1392
3.13671
3.13035
3.11594
3.08934
3.05251
3.01565
2.98973
2.97655
2.96835
2.95525
2.93072
2.89419
2.85242
2.81904
2.80719
2.81863
2.84223
2.86361
2.87312
2.8678
2.85067
2.82869
2.80906
2.79623
2.79216
2.79849
2.81608
2.84168
2.86627
2.87863
2.87099
2.84285
2.80442
2.77892
2.78702
2.82215
2.86288
2.90028
2.93836
2.98174
3.02891
3.07277
3.10514
3.12155
3.12354
3.11672
3.1069
3.09755
3.0894
3.082
3.07712
3.07872
3.08324
3.07404
3.03602
2.97535
2.92078
2.89883
2.90806
2.92984
2.95139
2.9692
2.98297
2.99246
2.99756
2.99929
3.00031
3.00375
3.01104
3.02105
3.03196
3.04359
3.05706
3.07227
3.08584
3.09199
3.08573
3.06541
3.03325
2.99394
2.95241
2.91207
2.87465
2.84171
2.81666
2.80483
2.8113
2.83809
2.88379
2.94504
3.01575
3.08529
3.14097
3.17403
3.18248
3.16974
3.14165
3.10406
3.0618
3.01962
2.98401
2.96214
2.95699
2.96489
2.97926
2.9956
3.01107
3.02164
3.02306
3.01551
3.00411
2.99614
3.00104
3.02653
3.06897
3.11507
3.15457
3.184
3.19992
3.19601
3.16791
3.11703
3.05031
2.97894
2.9168
2.87649
2.86417
2.877
2.90529
2.93662
2.9593
2.96573
2.95599
2.93793
2.92086
2.90997
2.90653
2.90987
2.91777
2.92676
2.9336
2.9379
2.94249
2.94885
2.9536
2.95274
2.94742
2.9433
2.94627
2.9604
2.98783
3.02751
3.07379
3.11816
3.15402
3.17998
3.19922
3.21677
3.23654
3.25957
3.28324
3.30124
3.30463
3.28509
3.23887
3.16951
3.08876
3.0161
2.97264
2.96605
2.98148
2.99787
3.00716
3.01402
3.02497
3.03947
3.05046
3.05431
3.05797
3.0738
3.10834
3.15721
3.20849
3.24881
3.2675
3.25927
3.22676
3.18203
3.14359
3.12783
3.13998
3.17219
3.20885
3.23443
3.23891
3.21857
3.17418
3.10971
3.0319
2.94972
2.87183
2.80431
2.75269
2.72668
2.73776
2.78755
2.86195
2.93902
3.0009
3.03982
3.05711
3.05895
3.05227
3.04201
3.03065
3.01994
3.01147
3.00503
2.99808
2.98854
2.97695
2.9665
2.9616
2.9643
2.97162
2.97821
2.97988
2.9737
2.95787
2.93394
2.90811
2.8868
2.87058
2.85538
2.83907
2.82434
2.81594
2.81718
2.82974
2.85455
2.88933
2.92731
2.96125
2.98713
3.00407
3.01388
3.02108
3.03131
3.04706
3.06534
3.08053
3.08936
3.09262
3.09331
3.09436
3.0977
3.10367
3.11014
3.11272
3.10648
3.08848
3.05954
3.02426
2.9895
2.96168
2.94499
2.94274
2.95801
2.9897
3.03042
3.0698
3.09903
3.11368
3.11456
3.107
3.09757
3.08913
3.07851
3.05918
3.02677
2.98377
2.94189
2.91807
2.92098
2.94141
2.9616
2.96987
2.96288
2.9414
2.90842
2.87038
2.83893
2.82663
2.83576
2.85364
2.86293
2.85453
2.8322
2.80728
2.78915
2.77987
2.77654
2.77642
2.77927
2.78635
2.79832
2.8144
2.83263
2.85016
2.86349
2.86919
2.8652
2.85263
2.83838
2.8343
2.84888
2.87978
2.91823
2.95617
2.98753
3.00804
3.01698
3.01781
3.01613
3.01927
3.0371
3.07256
3.10933
3.12403
3.10983
3.08186
3.06305
3.06384
3.0775
3.09134
3.09472
3.08137
3.05183
3.01472
2.98302
2.96531
2.95981
2.95819
2.95286
2.94032
2.92134
2.90056
2.8852
2.88176
2.89242
2.91356
2.93841
2.96228
2.98551
3.01121
3.03932
3.06462
3.08015
3.08087
3.06514
3.03433
2.99227
2.94541
2.90256
2.873
2.86483
2.88312
2.92584
2.98168
3.03399
3.06863
3.07929
3.06764
3.04105
3.01011
2.98565
2.97474
2.9775
2.98808
2.99866
3.00306
2.99914
2.9896
2.98087
2.97717
2.97618
2.9731
2.9669
2.96061
2.95687
2.9546
2.94987
2.94066
2.92949
2.92214
2.92468
2.93993
2.96458
2.98919
3.0016
2.99169
2.95627
2.90285
2.84718
2.80188
2.76908
2.747
2.73831
2.74939
2.78417
2.8398
2.90677
2.97202
3.02299
3.05094
3.05269
3.03109
2.99385
2.952
2.9179
2.90138
2.90495
2.92424
2.95226
2.98168
3.00519
3.01649
3.01202
2.99386
2.97098
2.95552
2.95532
2.97009
2.99373
3.01947
3.04342
3.06586
3.08999
3.11954
3.15586
3.19573
3.23193
3.25673
3.26506
3.2552
3.22719
3.1818
3.12124
3.05158
2.98291
2.92355
2.87405
2.83534
2.82168
2.84627
2.89579
2.94419
2.97887
3.00117
3.0155
3.02384
3.02712
3.02754
3.02728
3.02554
3.01823
3.00164
2.9767
2.95031
2.93277
2.93295
2.9533
2.98742
3.02348
3.05117
3.06608
3.06913
3.06354
3.05223
3.03759
3.02279
3.01195
3.00735
3.0072
3.00743
3.00568
3.00306
3.00217
3.00512
3.01325
3.02677
3.04247
3.05351
3.05357
3.04275
3.02827
3.01678
3.00545
2.98394
2.94609
2.89998
2.86548
2.85742
2.87292
2.89714
2.91729
2.93188
2.94873
2.97484
3.00868
3.04176
3.06551
3.07685
3.0787
3.07644
3.07414
3.07367
3.07529
3.0775
3.07682
3.06889
3.05096
3.02295
2.98698
2.94658
2.90598
2.87007
2.84357
2.83004
2.83043
2.84144
2.85674
2.87167
2.88782
2.91278
2.95415
3.01202
3.07743
3.13747
3.18138
3.20379
3.20505
3.19017
3.16716
3.14521
3.13182
3.12919
3.13214
3.13116
3.11807
3.08969
3.04812
3.00058
2.95783
2.93001
2.92298
2.93774
2.97063
3.01449
3.06036
3.09823
3.11911
3.11905
3.10168
3.07625
3.05274
3.03843
3.03727
3.04955
3.06948
3.08555
3.08817
3.0766
3.05771
3.03951
3.02654
3.01936
3.01603
3.01436
3.01354
3.01489
3.02081
3.0316
3.04283
3.04725
3.04009
3.02283
3.0028
2.98974
2.99124
3.00801
3.03224
3.04964
3.04543
3.01161
2.95207
2.88642
2.85024
2.86871
2.92557
2.98549
3.0277
3.04816
3.04977
3.03674
3.01456
2.99147
2.97744
2.97953
2.99754
3.0239
3.04739
3.05772
3.04858
3.0194
2.97589
2.93003
2.89777
2.89272
2.91702
2.95799
2.99596
3.01678
3.01896
3.00985
2.99614
2.98031
2.96502
2.95502
2.95421
2.96393
2.98412
3.01379
3.04917
3.08255
3.10386
3.10483
3.08318
3.04479
3.00225
2.96848
2.95109
2.95272
2.96851
2.98329
2.98008
2.94835
2.88404
2.7913
2.6895
2.61261
2.58672
2.6094
2.6601
2.71799
2.76878
2.80921
2.84798
2.89582
2.9519
3.00488
3.04406
3.0636
3.06115
3.03799
3.00029
2.95897
2.92762
2.91888
2.93892
2.98302
3.03674
3.08356
3.1134
3.12604
3.12822
3.12733
3.12681
3.12679
3.12729
3.12866
3.13078
3.13423
3.14197
3.15637
3.17405
3.18701
3.18904
3.17913
3.16011
3.1363
3.1123
3.09198
3.07723
3.06758
3.06182
3.0589
3.05542
3.04495
3.02294
2.9909
2.95435
2.91892
2.8891
2.86893
2.86252
2.87259
2.89539
2.91767
2.92477
2.91071
2.88005
2.8431
2.80885
2.78093
2.75849
2.73897
2.72054
2.70404
2.69141
2.68263
2.67642
2.67505
2.68773
2.72492
2.78747
2.86493
2.94314
3.01054
3.05956
3.08661
3.0934
3.08768
3.08091
3.08465
3.10604
3.14433
3.19102
3.23317
3.25756
3.25375
3.21721
3.15425
3.08455
3.03055
3.00198
2.99663
3.00725
3.02116
3.02342
3.00406
2.9625
2.9098
2.86721
2.85705
2.88892
2.95197
3.02173
3.07546
3.10219
3.10329
3.08746
3.06587
3.04923
3.04593
3.06014
3.09056
3.1315
3.17544
3.21496
3.2438
3.25722
3.25222
3.22795
3.1854
3.12719
3.05803
2.98512
2.91645
2.85765
2.81159
2.78057
2.76749
2.77303
2.79148
2.81133
2.82193
2.81904
2.80532
2.78777
2.77544
2.777
2.79621
2.82845
2.86497
2.9006
2.93593
2.97469
3.02001
3.07171
3.12632
3.18003
3.22993
3.27093
3.29404
3.29137
3.26259
3.21577
3.16254
3.11147
3.06515
3.02292
2.98491
2.95389
2.93489
2.93315
2.95043
2.98217
3.01801
3.04611
3.05799
3.05178
3.03204
3.00579
2.9766
2.94289
2.90338
2.86537
2.84544
2.85703
2.89868
2.95729
3.01673
3.0647
3.09767
3.11972
3.13665
3.15136
3.1643
3.17644
3.18979
3.20344
3.21037
3.20134
3.1718
3.12426
3.06604
3.00534
2.94709
2.89055
2.83051
2.76165
2.68364
2.60483
2.54354
2.52499
2.56964
2.67493
2.81095
2.94109
3.04283
3.11023
3.14633
3.15677
3.14733
3.12319
3.0892
3.05033
3.01224
2.9807
2.95953
2.94778
2.93797
2.91831
2.87843
2.81668
2.74559
2.69068
2.67735
2.7163
2.80049
2.90976
3.01986
3.11183
3.17446
3.20301
3.19832
3.1662
3.11565
3.05682
3.00021
2.95693
2.93629
2.9409
2.96659
3.0064
3.0512
3.08848
3.10505
3.09283
3.05234
2.99229
2.92626
2.86802
2.82858
2.81496
2.82833
2.86383
2.91455
2.976
3.04604
3.12153
3.19506
3.25444
3.28594
3.2799
3.23571
3.16371
3.08183
3.0075
2.95132
2.91665
2.9026
2.90612
2.92374
2.95217
2.98772
3.02574
3.06037
3.08476
3.09283
3.08218
3.05633
3.02507
3.00164
2.99593
3.00858
3.03176
3.05353
3.06274
3.05252
3.02222
2.97773
2.93021
2.89228
2.87191
2.8679
2.87189
2.87538
2.87514
2.87412
2.87826
2.89181
2.91431
2.94208
2.97116
2.99735
3.01542
3.0217
3.0175
3.0091
3.00372
3.00555
3.01475
3.03009
3.05209
3.08221
3.11897
3.15547
3.18168
3.18911
3.17394
3.13746
3.08584
3.02941
2.97934
2.94173
2.91361
2.88741
2.86236
2.85023
2.86421
2.90268
2.95064
2.99245
3.01875
3.0258
3.01336
2.9841
2.9444
2.9045
2.87621
2.86884
2.88564
2.92322
2.97384
3.02837
3.07892
3.12018
3.14965
3.16651
3.17055
3.16179
3.14126
3.11178
3.0779
3.04402
3.01233
2.98169
2.94812
2.90604
2.85062
2.78208
2.71005
2.65414
2.63545
2.66181
2.72221
2.79637
2.86668
2.92231
2.95858
2.9758
2.97919
2.97863
2.98572
3.00775
3.04106
3.07185
3.08585
3.07674
3.04873
3.01354
2.9828
2.96183
2.95044
2.94717
2.95068
2.95855
2.96701
2.97304
2.97631
2.97894
2.98359
2.99258
3.00964
3.03989
3.08411
3.13383
3.17491
3.19526
3.18905
3.15808
3.1106
3.05592
2.99655
2.92803
2.8505
2.77995
2.74309
2.75627
2.81365
2.89614
2.98398
3.063
3.12631
3.17212
3.19965
3.20739
3.19441
3.16305
3.12015
3.07525
3.03513
2.99969
2.96544
2.93361
2.91185
2.90602
2.91312
2.92521
2.93703
2.94867
2.96303
2.98165
3.00253
3.02117
3.03436
3.04394
3.0571
3.08196
3.12127
3.16961
3.21622
3.25059
3.26687
3.26519
3.2496
3.22428
3.19336
3.16583
3.15657
3.17416
3.20717
3.23136
3.22816
3.19444
3.14185
3.0881
3.04334
3.00558
2.96918
2.93341
2.90295
2.88162
2.86641
2.85282
2.85254
2.89434
2.98341
3.08799
3.17868
3.24468
3.28377
3.2956
3.28224
3.24968
3.20644
3.16215
3.12841
3.11614
3.12757
3.15379
3.18108
3.19781
3.19879
3.18638
3.16476
3.13275
3.08722
3.03211
2.97789
2.93318
2.9012
2.88292
2.87891
2.8871
2.90154
2.91567
2.92659
2.93692
2.95445
2.98934
3.0481
3.12792
3.2171
3.30167
3.37039
3.41555
3.43205
3.41759
3.37437
3.3111
3.24154
3.1778
3.12408
3.0785
3.04016
3.0123
2.99924
3.00223
3.01806
3.03995
3.05985
3.0712
3.07179
3.06453
3.05464
3.04606
3.04099
3.0425
3.05423
3.0769
3.10643
3.13612
3.15967
3.17326
3.17681
3.17345
3.16676
3.15791
3.14605
3.13089
3.1138
3.09642
3.08005
3.06673
3.06038
3.06513
3.08129
3.10365
3.12422
3.13674
3.13824
3.12828
3.10776
3.0788
3.04551
3.0132
2.98572
2.96405
2.94794
2.93699
2.92899
2.91895
2.90187
2.8768
2.84768
2.82098
2.80232
2.79362
2.79414
2.80477
2.82814
2.86332
2.90198
2.93132
2.94062
2.92677
2.89832
2.87604
2.88319
2.92374
2.97647
3.01886
3.04322
3.05007
3.04018
3.01698
2.99099
2.97687
2.98263
3.00259
3.02408
3.03881
3.04572
3.04663
3.04149
3.02775
3.00454
2.97866
2.96552
2.97814
3.01348
3.05589
3.09092
3.11096
3.11359
3.10096
3.07935
3.0565
3.03802
3.02733
3.02637
3.03254
3.03862
3.03914
3.03529
3.03381
3.04139
3.05937
3.0841
3.11219
3.14239
3.17193
3.19485
3.20536
3.20112
3.18309
3.15265
3.10894
3.05054
2.98098
2.91266
2.86235
2.83958
2.84334
2.87015
2.91637
2.97355
3.03047
3.07943
3.11635
3.13704
3.1364
3.11241
3.07012
3.02128
2.98032
2.95779
2.95221
2.9521
2.94916
2.94517
2.94827
2.96653
3.00327
3.05522
3.11315
3.16361
3.19222
3.1879
3.1477
3.08105
3.00946
2.95689
2.938
2.95561
3.00497
3.07479
3.14759
3.20384
3.2273
3.20892
3.15106
3.0697
2.98736
2.92081
2.87768
2.8605
2.86829
2.89697
2.94128
2.99573
3.05393
3.10831
3.15094
3.1753
3.1778
3.15816
3.11904
3.06566
3.00492
2.94301
2.88261
2.82316
2.7652
2.71593
2.68962
2.6965
2.729
2.76697
2.7973
2.82235
2.85141
2.88717
2.92169
2.94468
2.95154
2.94458
2.93127
2.92236
2.92819
2.95394
2.99693
3.04789
3.09486
3.12757
3.13947
3.12775
3.09389
3.04567
2.99742
2.96576
2.96217
2.98819
3.03617
3.0933
3.14649
3.18757
3.21598
3.23544
3.24868
3.25645
3.26057
3.26527
3.27441
3.28752
3.29924
3.30128
3.28507
3.24508
3.18293
3.10955
3.04209
2.99557
2.97612
2.981
3.00369
3.03775
3.07675
3.1133
3.14
3.1513
3.14373
3.11576
3.06893
3.0098
2.95054
2.90563
2.88442
2.88597
2.90094
2.91775
2.92788
2.92748
2.91629
2.89658
2.87399
2.85808
2.85868
2.87833
2.90907
2.93833
2.95697
2.96277
2.9592
2.95187
2.94461
2.93718
2.92588
2.90693
2.8804
2.85311
2.83783
2.84741
2.88656
2.94814
3.01743
3.08049
3.1299
3.16387
3.18185
3.18148
3.15957
3.11584
3.05609
2.99151
2.9339
2.89032
2.86221
2.84923
2.85301
2.87548
2.91391
2.9596
3.00218
3.0349
3.05622
3.06759
3.07089
3.06873
3.0663
3.07114
3.08899
3.11918
3.15386
3.18168
3.19289
3.18288
3.15301
3.10902
3.05926
3.01599
2.99709
3.01798
3.07483
3.14394
3.20081
3.2331
3.24071
3.2315
3.2175
3.21127
3.22019
3.24055
3.26014
3.26844
3.26221
3.24389
3.21851
3.19201
3.16934
3.15244
3.13867
3.12174
3.09657
3.06587
3.03996
3.0256
3.01922
3.01391
3.00479
2.98762
2.95895
2.91894
2.8731
2.83145
2.80542
2.80426
2.83127
2.88029
2.93641
2.98226
3.0061
3.00717
2.99542
2.9834
2.97635
2.97259
2.97047
2.97
2.96946
2.96541
2.95714
2.94981
2.95307
2.97477
3.01464
3.06485
3.11972
3.1829
3.25602
3.32309
3.36002
3.35274
3.30295
3.23128
3.17327
3.15067
3.15298
3.16059
3.16373
3.16063
3.15387
3.14827
3.1469
3.14731
3.14191
3.12327
3.09079
3.05279
3.02095
3.00258
3.00002
3.01406
3.04147
3.07272
3.09715
3.10735
3.09882
3.06951
3.02127
2.96282
2.90935
2.87532
2.86597
2.87495
2.89076
2.90622
2.92093
2.93758
2.95865
2.98444
3.0118
3.03526
3.05003
3.05413
3.04854
3.03609
3.0202
3.00409
2.9899
2.97839
2.97087
2.97235
2.99042
3.02815
3.08024
3.13685
3.18756
3.22354
3.24005
3.23769
3.22155
3.19873
3.17526
3.15309
3.12957
3.10174
3.07408
3.05944
3.06467
3.07904
3.08604
3.08114
3.07376
3.0774
3.09832
3.13155
3.16494
3.18466
3.17929
3.14375
3.08516
3.02627
2.99233
2.98674
2.98882
2.9781
2.95213
2.92513
2.91663
2.93793
2.98415
3.03859
3.08485
3.1161
3.1357
3.15109
3.16673
3.18041
3.18512
3.17353
3.1427
3.09609
3.04213
2.9911
2.95178
2.9283
2.91838
2.91678
2.92135
2.93424
2.95794
2.99249
3.03625
3.08661
3.13858
3.18457
3.21667
3.2298
3.22402
3.20501
3.18154
3.15938
3.13715
3.11043
3.07757
3.03871
2.99412
2.94796
2.91046
2.8938
2.90365
2.93137
2.95687
2.96328
2.94896
2.92761
2.91922
2.93815
2.98641
3.05426
3.12526
3.18385
3.22131
3.23673
3.23438
3.21971
3.1963
3.16575
3.13014
3.09459
3.06656
3.05181
3.05044
3.05624
3.06049
3.05774
3.04902
3.04091
3.0412
3.05497
3.08357
3.12497
3.17447
3.22559
3.27198
3.30854
3.33198
3.34141
3.33869
3.32748
3.31092
3.29001
3.264
3.23244
3.1975
3.16437
3.13887
3.12403
3.11921
3.12143
3.12599
3.12584
3.11359
3.08615
3.04661
3.0021
2.96015
2.9257
2.89819
2.87213
2.8427
2.81294
2.79619
2.8047
2.83454
2.87239
2.91163
2.95247
2.99284
3.02656
3.05194
3.07713
3.10944
3.14581
3.18112
3.21423
3.2436
3.2652
3.27452
3.26804
3.24446
3.20749
3.16775
3.13793
3.12244
3.11501
3.1067
3.09286
3.07364
3.05229
3.03287
3.01801
3.00705
2.99611
2.98164
2.965
2.95281
2.95183
2.96372
2.98384
3.0042
3.01789
3.02215
3.01753
3.00375
2.97705
2.93397
2.88016
2.83488
2.8192
2.83591
2.87013
2.90819
2.94387
2.97106
2.98207
2.97284
2.94642
2.91263
2.88356
2.86747
2.86674
2.88073
2.90889
2.94965
2.99744
3.04284
3.07628
3.09108
3.08415
3.0563
3.01311
2.9645
2.92286
2.89791
2.89069
2.89275
2.89194
2.88
2.85846
2.84024
2.84293
2.87596
2.93231
2.99323
3.04084
3.06737
3.07609
3.07511
3.06998
3.06123
3.04649
3.02342
2.99135
2.95212
2.90956
2.86756
2.82934
2.7984
2.77847
2.77016
2.76994
2.77507
2.78889
2.81956
2.87235
2.94294
3.01893
3.08661
3.13527
3.15824
3.15313
3.12335
3.08053
3.04395
3.03148
3.04743
3.08262
3.1248
3.16403
3.19266
3.20557
3.20172
3.18515
3.16471
3.15111
3.15102
3.16197
3.17445
3.17983
3.17492
3.16103
3.14242
3.12507
3.11262
3.10279
3.09059
3.07508
3.0624
3.06227
3.07883
3.10517
3.13085
3.15151
3.16866
3.18366
3.19504
3.19906
3.19073
3.16602
3.1269
3.08524
3.05796
3.05434
3.06944
3.09222
3.11614
3.14028
3.16513
3.18931
3.20956
3.22191
3.22269
3.20911
3.18085
3.14178
3.09945
3.06154
3.03321
3.01714
3.01367
3.0196
3.02888
3.03629
3.04064
3.04476
3.0526
3.06622
3.08532
3.10887
3.13446
3.15463
3.15624
3.12545
3.05419
2.94738
2.83465
2.76955
2.78525
2.86196
2.96128
3.05359
3.11669
3.13542
3.10518
3.03552
2.95159
2.88364
2.84336
2.8157
2.78051
2.73366
2.68711
2.66106
2.67491
2.73217
2.8157
2.90503
2.98977
3.06657
3.13262
3.18381
3.21687
3.23201
3.23396
3.23035
3.2284
3.23192
3.24044
3.24948
3.25197
3.24058
3.21029
3.15968
3.09112
3.01103
2.93022
2.86205
2.81714
2.79738
2.79614
2.80488
2.81882
2.83753
2.86276
2.895
2.93034
2.96002
2.97421
2.9669
2.93887
2.89822
2.8597
2.84104
2.85409
2.89685
2.95588
3.01642
3.06927
3.11151
3.14458
3.17111
3.19118
3.20005
3.19056
3.15882
3.10777
3.04522
2.97795
2.90814
2.83739
2.77402
2.73359
2.72892
2.75858
2.80721
2.85838
2.90586
2.95335
3.00438
3.05413
3.09185
3.10849
3.10069
3.07018
3.02383
2.97514
2.94087
2.93222
2.95162
2.99713
3.06373
3.14178
3.21848
3.28166
3.323
3.33872
3.32902
3.29771
3.25147
3.19819
3.14518
3.09743
3.05632
3.01985
2.98484
2.9502
2.91938
2.90104
2.90487
2.93273
2.97482
3.01653
3.04639
3.05822
3.05124
3.03084
3.00699
2.99118
2.99398
3.02076
3.06646
3.11806
3.16216
3.1892
3.19349
3.17294
3.1299
3.07213
3.01192
2.96199
2.92975
2.91496
2.91379
2.92455
2.94854
2.98543
3.03008
3.07434
3.11055
3.13374
3.14229
3.13684
3.11821
3.08599
3.04003
2.98444
2.9312
2.89813
2.89927
2.93458
2.99007
3.04762
3.094
3.12412
3.13972
3.14544
3.14487
3.13874
3.12574
3.10456
3.07583
3.042
3.00572
2.96929
2.93676
2.91481
2.90675
2.9058
2.90027
2.88572
2.87026
2.86893
2.89302
2.94182
3.00178
3.05582
3.09456
3.11914
3.13595
3.14871
3.15476
3.14904
3.13208
3.11483
3.11337
3.13528
3.17306
3.21242
3.24222
3.25616
3.25024
3.22205
3.17244
3.10705
3.03533
2.96722
2.91066
2.87051
2.84618
2.8308
2.81588
2.79614
2.76964
2.73621
2.69747
2.65741
2.62255
2.60318
2.61115
2.65065
2.71053
2.76882
2.80844
2.83281
2.86075
2.89721
2.92862
2.94771
2.95926
2.96953
2.98092
2.99309
3.00468
3.0139
3.01881
3.01844
3.01449
3.01131
3.01123
3.01058
3.00316
2.98623
2.96079
2.92967
2.89753
2.87071
2.85426
2.85032
2.85935
2.88102
2.91321
2.95175
2.99197
3.02994
3.06244
3.08637
3.09883
3.09829
3.08606
3.06728
3.0494
3.03832
3.03511
3.03559
3.03283
3.02062
2.99601
2.96062
2.92042
2.88389
2.85864
2.84912
2.85702
2.88175
2.91845
2.95813
2.99144
3.01148
3.01465
3.00228
2.98284
2.96832
2.96404
2.96103
2.94341
2.90377
2.84926
2.79335
2.74745
2.7214
2.72212
2.74868
2.7946
2.85378
2.9223
2.99588
3.0676
3.12821
3.16958
3.18922
3.19355
3.19172
3.18233
3.15399
3.1014
3.03273
2.96405
2.90982
2.87617
2.86127
2.8606
2.87125
2.89455
2.9355
2.9949
3.06171
3.11879
3.15397
3.16319
3.14717
3.10884
3.05364
2.99087
2.93306
2.89185
2.87315
2.87593
2.89519
2.92587
2.96399
3.00472
3.03983
3.05789
3.04929
3.0141
2.96641
2.92648
2.90327
2.88819
2.86883
2.84539
2.83148
2.83815
2.86061
2.88317
2.89285
2.88967
2.88776
2.90278
2.93754
2.98104
3.01775
3.03689
3.03605
3.01898
2.99092
2.95684
2.92318
2.89976
2.8978
2.92242
2.96729
3.01836
3.0626
3.09272
3.10677
3.10581
3.09214
3.06956
3.04396
3.02282
3.01379
3.0226
3.05039
3.09367
3.14709
3.20509
3.2612
3.30806
3.34017
3.35674
3.36077
3.35517
3.33984
3.31209
3.27008
3.21846
3.17233
3.15009
3.15667
3.17802
3.19349
3.18961
3.16374
3.12071
3.06817
3.01366
2.96358
2.92378
2.90078
2.90076
2.92561
2.97008
3.02406
3.07727
3.12135
3.14955
3.15712
3.14344
3.11306
3.07368
3.034
3.00318
2.98836
2.99084
3.00602
3.02574
3.04029
3.0397
3.01496
2.96092
2.88517
2.82092
2.81425
2.8736
2.96223
3.04285
3.0977
3.12491
3.13321
3.13499
3.13865
3.14586
3.1554
3.16692
3.18027
3.19358
3.20284
3.20366
3.19432
3.17732
3.15729
3.13807
3.1235
3.11749
3.11718
3.11113
3.09238
3.0685
3.05547
3.06403
3.09381
3.13667
3.18327
3.22664
3.26207
3.28674
3.29988
3.30123
3.28927
3.26117
3.21434
3.14912
3.0744
3.0114
2.98249
2.99017
3.01919
3.05711
3.09895
3.13776
3.16206
3.16268
3.13875
3.09771
3.05235
3.01684
3.00249
3.01504
3.05439
3.11465
3.18404
3.2471
3.28995
3.30506
3.29184
3.2541
3.19706
3.12722
3.05524
2.9955
2.95757
2.93881
2.92778
2.91272
2.88822
2.8591
2.83955
2.84607
2.88704
2.95615
3.03575
3.10674
3.15798
3.19091
3.21792
3.25232
3.295
3.33218
3.34656
3.32801
3.27602
3.19718
3.10277
3.00805
2.93149
2.89054
2.89408
2.93785
3.00693
3.08248
3.14781
3.1917
3.20923
3.20091
3.17161
3.12982
3.08636
3.05052
3.02454
3.00207
2.97422
2.93931
2.90834
2.89714
2.91006
2.9363
2.96153
2.97702
2.9804
2.97297
2.95655
2.93085
2.89324
2.84247
2.78368
2.72893
2.68933
2.66719
2.65904
2.6636
2.68305
2.71867
2.76805
2.82628
2.88901
2.95336
3.01525
3.06782
3.10457
3.1233
3.12679
3.12074
3.11131
3.10328
3.09929
3.10025
3.10614
3.11772
3.13753
3.16641
3.20053
3.23598
3.2729
3.31234
3.35122
3.381
3.39078
3.3729
3.32792
3.2663
3.20474
3.15857
3.13598
3.13681
3.15326
3.17299
3.18522
3.18349
3.1654
3.13267
3.09141
3.04914
3.00976
2.97169
2.93119
2.88698
2.84155
2.79978
2.76835
2.7558
2.76978
2.81137
2.87306
2.94289
3.00949
3.06428
3.10243
3.12417
3.13726
3.15627
3.19412
3.25278
3.32321
3.39085
3.44153
3.46713
3.46834
3.45219
3.426
3.39302
3.35221
3.30082
3.23814
3.16847
3.10014
3.04094
2.99628
2.97162
2.97158
2.99461
3.03169
3.0723
3.1112
3.14951
3.19005
3.23151
3.26701
3.28894
3.29455
3.28636
3.26793
3.23986
3.19982
3.1468
3.08503
3.02317
2.97064
2.93511
2.92156
2.93022
2.9554
2.98796
3.01847
3.03906
3.04442
3.03324
3.00905
2.97863
2.9485
2.92196
2.89924
2.87955
2.86278
2.8504
2.84645
2.85724
2.88768
2.93571
2.99153
3.0439
3.08616
3.11649
3.13525
3.14359
3.14313
3.13566
3.12192
3.10076
3.06933
3.02449
2.9656
2.8972
2.83004
2.77895
2.7585
2.77634
2.82703
2.89586
2.97037
3.04214
3.10098
3.13656
3.14506
3.13104
3.1042
3.07496
3.05013
3.03076
3.01462
3.00146
2.99482
2.99869
3.01437
3.04092
3.07619
3.11532
3.15069
3.17546
3.18656
3.18485
3.17358
3.15643
3.13619
3.11313
3.08442
3.04621
2.99684
2.93878
2.87823
2.82233
2.77648
2.74453
2.73113
2.74053
2.77132
2.81583
2.86563
2.9153
2.96142
3.00077
3.03103
3.05195
3.06489
3.07081
3.06893
3.05792
3.03876
3.01627
2.99747
2.98826
2.99144
3.00682
3.03124
3.05928
3.08654
3.11235
3.13874
3.16809
3.20209
3.24016
3.27802
3.30819
3.32262
3.31476
3.2803
3.21742
3.12791
3.01937
2.90578
2.80393
2.72762
2.68516
2.68147
2.71811
2.78927
2.8802
2.97236
3.05087
3.10851
3.14487
3.16277
3.16423
3.15007
3.12269
3.08788
3.05263
3.02073
2.99056
2.95735
2.91883
2.87835
2.84246
2.81541
2.79582
2.77804
2.75778
2.73827
2.7309
2.74681
2.78671
2.84061
2.89688
2.94872
2.99287
3.02577
3.04295
3.04212
3.02567
2.99954
2.97004
2.942
2.91972
2.90711
2.90492
2.90855
2.91091
2.90896
2.90547
2.90393
2.90286
2.89609
2.87746
2.84508
2.80348
2.76458
2.74577
2.7625
2.81954
2.90854
3.01291
3.11421
3.19702
3.25186
3.27608
3.27315
3.2507
3.21816
3.18491
3.15938
3.1477
3.15055
3.16111
3.16864
3.16528
3.15043
3.12973
3.10881
3.08783
3.06241
3.02972
2.99267
2.95776
2.92998
2.90976
2.89378
2.87863
2.86452
2.85619
2.86042
2.88179
2.92011
2.97072
3.0259
3.07646
3.1138
3.13235
3.13118
3.1139
3.08746
3.06054
3.04016
3.02804
3.02006
3.0118
3.00547
3.01104
3.03797
3.08504
3.1391
3.183
3.20336
3.19335
3.15237
3.08521
3.00187
2.91758
2.8514
2.82098
2.83411
2.88305
2.94851
3.01012
3.05412
3.07508
3.07483
3.06158
3.04855
3.0499
3.0739
3.11879
3.17446
3.22711
3.26309
3.27232
3.25164
3.20503
3.13886
3.05728
2.96522
2.87531
2.80536
2.7665
2.75756
2.76899
2.78977
2.81454
2.84453
2.88019
2.91504
2.93972
2.95009
2.94892
2.94388
2.94563
2.96368
3.00085
3.0528
3.11221
3.1715
3.22417
3.2655
3.29238
3.30271
3.29543
3.27106
3.23225
3.18399
3.13237
3.08398
3.04578
3.02285
3.0145
3.01492
3.01843
3.02238
3.02623
3.02966
3.03165
3.03128
3.02947
3.0297
3.03719
3.05586
3.08484
3.117
3.14159
3.1501
3.1409
3.11991
3.09729
3.08202
3.07746
3.0804
3.08325
3.07677
3.0528
3.00822
2.94908
2.89149
2.85562
2.85346
2.88127
2.92539
2.97218
3.01197
3.03886
3.05097
3.05126
3.04564
3.03799
3.02638
3.00476
2.96909
2.92321
2.87914
2.84999
2.84193
2.85273
2.87512
2.90111
2.92505
2.9422
2.94596
2.93032
2.8972
2.86223
2.84763
2.861
2.88779
2.9093
2.91706
2.91256
2.90315
2.89907
2.90987
2.93938
2.98287
3.03069
3.07494
3.11349
3.14863
3.18264
3.2152
3.24442
3.26849
3.28629
3.2972
3.30073
3.29693
3.2864
3.26941
3.24473
3.20979
3.16237
3.10296
3.0368
2.97445
2.92832
2.9054
2.90228
2.90959
2.9201
2.93154
2.94394
2.95685
2.9695
2.9817
2.99249
2.99838
2.99549
2.98318
2.96405
2.94046
2.91248
2.87981
2.84761
2.82974
2.84119
2.88534
2.95379
3.03404
3.11182
3.17297
3.20915
3.2212
3.21788
3.21147
3.21235
3.22462
3.24512
3.26688
3.28394
3.29396
3.2978
3.29744
3.29387
3.28575
3.26968
3.2416
3.19864
3.14123
3.07424
3.00544
2.94216
2.88876
2.84719
2.81973
2.81007
2.82056
2.84766
2.88064
2.90632
2.91698
2.91585
2.9148
2.92329
2.93966
2.95471
2.96135
2.95918
2.95234
2.9461
2.94529
2.95337
2.97149
2.99869
3.03247
3.0688
3.10205
3.12595
3.13503
3.12598
3.09794
3.05157
2.98858
2.91395
2.8397
2.78327
2.75707
2.76132
2.78965
2.83607
2.89451
2.95663
3.01333
3.05837
3.08979
3.10824
3.11528
3.11355
3.10711
3.10021
3.0952
3.09218
3.08987
3.08677
3.0822
3.07705
3.07369
3.07544
3.08611
3.10923
3.14644
3.19653
3.25563
3.318
3.37688
3.42513
3.45581
3.46419
3.45041
3.41938
3.3766
3.32459
3.26489
3.20267
3.14977
3.11716
3.09943
3.07997
3.0515
3.02031
2.99635
2.98515
2.98552
2.99107
2.99385
2.98925
2.97887
2.96768
2.95791
2.94783
2.93789
2.93488
2.94739
2.97737
3.01782
3.05838
3.09017
3.10642
3.10393
3.08712
3.06844
3.05741
3.04858
3.0274
2.98701
2.93377
2.87877
2.82835
2.78584
2.75764
2.75222
2.77363
2.81752
2.87282
2.92651
2.96813
2.99147
2.99381
2.97534
2.94106
2.90242
2.87175
2.85153
2.83446
2.8161
2.80129
2.79883
2.81296
2.83902
2.86485
2.87693
2.86794
2.84011
2.80248
2.76632
2.74232
2.73761
2.75199
2.77866
2.8097
2.84094
2.87162
2.90228
2.93453
2.97106
3.01489
3.06638
3.12054
3.1678
3.19726
3.19983
3.17095
3.11398
3.04129
2.96905
2.90803
2.86268
2.83979
2.85103
2.89972
2.97255
3.05259
3.13115
3.20479
3.26781
3.31135
3.32889
3.32098
3.29522
3.26293
3.23443
3.21597
3.2095
3.21448
3.22844
3.24642
3.26068
3.26304
3.24945
3.2238
3.19824
3.18794
3.20113
3.23251
3.26834
3.29567
3.30603
3.29593
3.26891
3.23637
3.21196
3.20359
3.21156
3.23055
3.25062
3.26177
3.25944
3.2442
3.21827
3.18487
3.14887
3.11453
3.08161
3.04592
3.00493
2.96181
2.92457
2.90206
2.90083
2.92341
2.96622
3.01944
3.07052
3.10926
3.13054
3.13405
3.12207
3.09787
3.06773
3.04289
3.03337
3.03768
3.04527
3.04833
3.04547
3.03705
3.02195
2.99887
2.96854
2.93275
2.89281
2.85177
2.81934
2.81083
2.83629
2.89266
2.96909
3.05505
3.14174
3.22021
3.28076
3.31477
3.3172
3.28833
3.23396
3.16384
3.08871
3.01805
2.96041
2.92422
2.91521
2.93214
2.96646
3.00667
3.04291
3.06843
3.07943
3.07512
3.05925
3.04097
3.03074
3.0312
3.03445
3.03164
3.02161
3.00884
2.99698
2.98704
2.9789
2.97153
2.96246
2.94928
2.93265
2.91623
2.90377
2.89805
2.90283
2.91753
2.9299
2.92358
2.89301
2.84708
2.80132
2.76854
2.7551
2.76
2.7747
2.78821
2.79236
2.78416
2.76946
2.76739
2.79861
2.8608
2.93298
2.99917
3.05329
3.09341
3.11917
3.13149
3.13201
3.12206
3.10228
3.07356
3.03806
2.99914
2.95989
2.92252
2.88917
2.86331
2.84952
2.85141
2.86908
2.89864
2.93504
2.97454
3.01393
3.04983
3.07802
3.09165
3.08487
3.05745
3.01507
2.96684
2.92254
2.89106
2.8786
2.88619
2.90814
2.93351
2.95014
2.94863
2.92409
2.87726
2.8167
2.75868
2.72042
2.71008
2.72378
2.75284
2.79161
2.83976
2.90063
2.97669
3.06428
3.1516
3.22263
3.26435
3.27232
3.25173
3.21348
3.16732
3.11686
3.05977
2.99322
2.92189
2.86314
2.83792
2.85029
2.88377
2.91809
2.94001
2.94322
2.92636
2.8919
2.84595
2.7988
2.76694
2.77085
2.81985
2.90028
2.98885
3.06914
3.13306
3.1768
3.19892
3.20027
3.18436
3.15728
3.12662
3.09885
3.07642
3.05664
3.03441
3.00974
2.99355
3.00086
3.03367
3.07588
3.10653
3.11311
3.09559
3.06451
3.03358
3.00964
2.98947
2.96809
2.94778
2.9379
2.94798
2.98101
3.03119
3.08462
3.12255
3.12868
3.0981
3.04268
2.98981
2.9693
2.9897
3.0333
3.07968
3.11991
3.15158
3.17188
3.17633
3.16204
3.13334
3.10416
3.09026
3.09672
3.11561
3.13353
3.13987
3.13092
3.10937
3.08137
3.05424
3.03445
3.0244
3.01976
3.0107
2.98725
2.94473
2.88664
2.82504
2.7766
2.7517
2.74587
2.74788
2.7534
2.76673
2.79269
2.82973
2.86958
2.90415
2.93248
2.96065
2.99475
3.03422
3.07211
3.1009
3.11692
3.12066
3.11494
3.10389
3.09244
3.08568
3.08736
3.09809
3.11382
3.12679
3.12902
3.11572
3.08687
3.04678
3.00254
2.96251
2.93607
2.93285
2.95668
2.9992
3.04389
3.07657
3.09086
3.08753
3.07213
3.05265
3.0368
3.02899
3.02885
3.03285
3.03837
3.04708
3.0621
3.07977
3.08929
3.08628
3.08217
3.09489
3.12887
3.1693
3.19846
3.20816
3.19753
3.16801
3.12197
3.06279
2.99512
2.92567
2.86348
2.81816
2.79658
2.80102
2.82998
2.87934
2.94201
3.0079
3.06685
3.1121
3.14211
3.16017
3.17115
3.17696
3.17522
3.16189
3.13324
3.08586
3.0179
2.93146
2.83288
2.73302
2.64657
2.58365
2.54835
2.54637
2.57957
2.63559
2.69373
2.73953
2.77036
2.7916
2.8112
2.83664
2.87312
2.92153
2.97838
3.03804
3.09568
3.1478
3.19149
3.22337
3.23951
3.23643
3.213
3.17284
3.12524
3.08333
3.05901
3.05789
3.07689
3.106
3.13251
3.14568
3.14039
3.11847
3.08769
3.05788
3.03583
3.02173
3.00982
2.99328
2.97016
2.94559
2.92856
2.92502
2.93401
2.95052
2.96886
2.98375
2.99188
2.9938
2.99348
2.99507
2.99951
3.00397
3.00464
3.00139
3.00052
3.01224
3.04193
3.08255
3.11858
3.13831
3.14082
3.13321
3.12298
3.11342
3.10546
3.10199
3.10861
3.12948
3.16289
3.19993
3.22706
3.23221
3.2104
3.16516
3.10571
3.04226
2.98251
2.931
2.8911
2.86718
2.86415
2.88539
2.93205
3.00173
3.08633
3.17243
3.245
3.29214
3.30832
3.29565
3.26293
3.22159
3.1794
3.1377
3.09584
3.05766
3.03261
3.02904
3.04662
3.07775
3.11459
3.15218
3.18612
3.21107
3.22174
3.2154
3.19497
3.1698
3.1493
3.13338
3.11374
3.08459
3.04757
3.00602
2.95785
2.89866
2.8328
2.77558
2.74038
2.73147
2.75095
2.79895
2.86581
2.93384
2.98787
3.02155
3.03676
3.04032
3.04035
3.04253
3.04742
3.05137
3.05038
3.04418
3.03678
3.0337
3.03807
3.04883
3.06171
3.07186
3.07619
3.0744
3.06906
3.06459
3.0655
3.07423
3.0901
3.11004
3.13021
3.14638
3.15409
3.14954
3.13178
3.10362
3.07036
3.03772
3.01176
2.99976
3.00948
3.04283
3.09003
3.1356
3.17122
3.19946
3.22512
3.24458
3.24755
3.22783
3.18858
3.1391
3.08764
3.03612
2.98132
2.92213
2.86451
2.81858
2.79201
2.78646
2.7989
2.82482
2.85923
2.89554
2.92503
2.93977
2.93687
2.92058
2.90102
2.89005
2.89533
2.91588
2.94364
2.96903
2.98589
2.99305
2.9928
2.98842
2.98268
2.97793
2.97593
2.97885
2.99042
3.01179
3.03594
3.05189
3.05285
3.03791
3.0091
2.96981
2.92491
2.88073
2.84472
2.82447
2.8254
2.84811
2.8875
2.93451
2.97974
3.01593
3.03913
3.04892
3.04875
3.04537
3.04692
3.05993
3.08664
3.12446
3.1677
3.20942
3.24255
3.26054
3.25834
3.23416
3.19191
3.14095
3.08978
3.04211
3.00262
2.98033
2.98142
3.00272
3.03324
3.05957
3.07072
3.06163
3.03425
2.99552
2.95545
2.92426
2.9047
2.88961
2.87116
2.84854
2.82698
2.81344
2.81325
2.82767
2.85309
2.88269
2.90959
2.92976
2.94343
2.95306
2.95989
2.9628
2.95907
2.94517
2.91768
2.87461
2.81686
2.74976
2.68345
2.63011
2.59856
2.59049
2.60277
2.6329
2.67893
2.73516
2.79288
2.84535
2.89042
2.92883
2.96138
2.98844
3.01147
3.03369
3.05833
3.0868
3.11883
3.1531
3.18632
3.21267
3.22577
3.22263
3.20675
3.18781
3.17544
3.16962
3.15773
3.12375
3.0631
2.99105
2.93326
2.90507
2.90444
2.91951
2.93732
2.95273
2.96969
2.99072
3.01098
3.0241
3.02859
3.02703
3.02107
3.01001
2.9938
2.97492
2.95647
2.94094
2.9321
2.9358
2.95633
2.99205
3.03667
3.08484
3.13453
3.18388
3.22839
3.26213
3.27968
3.27723
3.25354
3.21115
3.15631
3.09648
3.03766
2.98576
2.94983
2.93825
2.94732
2.9597
2.95886
2.94245
2.92233
2.91394
2.9252
2.95611
3.00385
3.06284
3.12416
3.17874
3.2203
3.24553
3.25295
3.24264
3.21574
3.17452
3.12309
3.06754
3.01327
2.96108
2.9076
2.85134
2.79615
2.74839
2.713
2.69386
2.69553
2.72191
2.77141
2.83357
2.89206
2.93302
2.95096
2.94933
2.9375
2.92602
2.92191
2.92691
2.93952
2.95761
2.9793
3.00263
3.02545
3.0463
3.06527
3.08356
3.10115
3.11536
3.1219
3.11705
3.09845
3.06537
3.01944
2.96576
2.91262
2.86855
2.83864
2.82306
2.81866
2.82078
2.82399
2.82435
2.82402
2.83084
2.84964
2.87581
2.89862
2.90849
2.90275
2.88802
2.87581
2.87365
2.8829
2.90352
2.93661
2.98143
3.03304
3.08352
3.12575
3.15818
3.18974
3.23554
3.29783
3.35909
3.40018
3.41361
3.40161
3.37106
3.33074
3.28902
3.2514
3.21921
3.18972
3.15768
3.11724
3.06555
3.00781
2.95875
2.93275
2.93038
2.94076
2.95455
2.96913
2.98572
3.00549
3.0251
3.03335
3.0157
2.9653
2.89248
2.82404
2.78518
2.77862
2.78904
2.80266
2.81424
2.82238
2.82611
2.82819
2.83869
2.87071
2.92912
3.00394
3.07666
3.13128
3.16142
3.17132
3.17093
3.16693
3.15798
3.13889
3.10729
3.06553
3.01808
2.96884
2.92171
2.88361
2.86676
2.88382
2.93387
2.99753
3.05102
3.07936
3.07964
3.05914
3.02892
2.9949
2.9584
2.9281
2.92012
2.93916
2.9741
3.01294
3.05004
3.08299
3.10883
3.12365
3.12438
3.11042
3.08475
3.05503
3.03378
3.03299
3.05525
3.0911
3.12565
3.14627
3.14782
3.13375
3.11167
3.08622
3.05775
3.0279
3.00176
2.98327
2.97184
2.96447
2.95784
2.9489
2.93572
2.91922
2.90427
2.89868
2.90879
2.93618
2.97798
3.02808
3.07762
3.11607
3.13404
3.127
3.09779
3.05595
3.01451
2.98502
2.97289
2.97518
2.98263
2.98499
2.97564
2.95273
2.91826
2.8779
2.84361
2.83319
2.85826
2.91171
2.9731
3.02361
3.05365
3.06178
3.05121
3.02688
2.99416
2.95953
2.93128
2.91783
2.92384
2.94685
2.97728
3.00267
3.01301
3.00416
2.98088
2.96116
2.97206
3.02412
3.09558
3.1555
3.18704
3.18826
3.16476
3.12303
3.06804
3.00615
2.94775
2.90412
2.88246
2.88495
2.90919
2.94703
2.98702
3.02009
3.04136
3.04624
3.02904
2.98746
2.92715
2.86355
2.81968
2.81513
2.85287
2.9195
2.99661
3.0695
3.12922
3.17172
3.19596
3.20124
3.18567
3.14752
3.08872
3.0169
2.94334
2.87781
2.82474
2.78354
2.75281
2.73394
2.73081
2.74625
2.77827
2.81966
2.86138
2.89693
2.92429
2.94455
2.95897
2.96736
2.96971
2.96774
2.96336
2.95575
2.94169
2.9188
2.88754
2.85046
2.80975
2.76702
2.72723
2.70425
2.71754
2.77603
2.86867
2.97432
3.07327
3.15156
3.20168
3.22213
3.21608
3.19052
3.15571
3.1239
3.10535
3.10192
3.10442
3.10065
3.08727
3.07286
3.06701
3.06916
3.07186
3.07009
3.06408
3.05659
3.05043
3.04816
3.05176
3.06092
3.07161
3.07755
3.07331
3.05666
3.02903
2.99422
2.95549
2.9138
2.8694
2.82382
2.7797
2.73964
2.70541
2.67936
2.66753
2.68086
2.72885
2.8084
2.90282
2.99331
3.06885
3.12699
3.1699
3.20015
3.21784
3.22026
3.20396
3.16878
3.12063
3.06947
3.02469
2.99208
2.97305
2.96553
2.96697
2.9772
2.99779
3.02809
3.0636
3.09898
3.13032
3.15395
3.16616
3.16504
3.15223
3.13266
3.11281
3.09839
3.09205
3.09198
3.09305
3.09015
3.08105
3.06627
3.04783
3.0285
3.01065
2.99426
2.97616
2.95133
2.91648
2.87297
2.82737
2.78924
2.76688
2.76336
2.77592
2.79881
2.82707
2.85839
2.89171
2.92464
2.95225
2.96915
2.97337
2.96852
2.96214
2.96108
2.96763
2.97933
2.99214
3.00312
3.01049
3.01155
3.00162
2.97552
2.93152
2.87391
2.81277
2.76199
2.73707
2.75168
2.81086
2.90463
3.01096
3.10774
3.18218
3.23151
3.25833
3.26649
3.25996
3.24313
3.22037
3.19456
3.16533
3.12881
3.08104
3.02404
2.96958
2.93389
2.92584
2.94039
2.96393
2.98468
2.99899
3.01054
3.02514
3.04538
3.06854
3.08886
3.10172
3.10631
3.10535
3.10253
3.09918
3.093
3.08094
3.06269
3.04144
3.02159
3.00737
3.00403
3.0171
3.04761
3.08878
3.12931
3.15927
3.17235
3.16468
3.13437
3.08302
3.01803
2.95302
2.9048
2.88621
2.89865
2.93117
2.96812
2.9978
3.01541
3.0221
3.02374
3.02846
3.04143
3.06099
3.08031
3.09211
3.09219
3.08046
3.0601
3.03589
3.01168
2.98869
2.96686
2.94677
2.93007
2.91858
2.91344
2.91421
2.91852
2.92333
2.92702
2.93098
2.93848
2.95098
2.96535
2.97608
2.98002
2.97741
2.96909
2.95551
2.93733
2.91448
2.88518
2.84763
2.80321
2.75886
2.72603
2.71512
2.72867
2.76045
2.80192
2.84774
2.89561
2.94374
2.98907
3.02696
3.05236
3.06128
3.05199
3.02531
2.98427
2.93451
2.88665
2.85566
2.85315
2.87963
2.92465
2.97177
3.00421
3.01037
2.98794
2.94463
2.89436
2.85065
2.82347
2.82029
2.84499
2.89303
2.95124
3.00612
3.05104
3.08602
3.11355
3.13517
3.14995
3.15538
3.14901
3.12995
3.10058
3.06787
3.04122
3.02704
3.02446
3.0262
3.02415
3.01446
2.99761
2.9763
2.955
2.94141
2.94494
2.97047
3.01443
3.06733
3.11798
3.15476
3.16587
3.14132
3.07709
2.9793
2.86589
2.76181
2.68557
2.6383
2.609
2.58712
2.56899
2.56101
2.58125
2.64778
2.75514
2.87553
2.98204
3.05933
3.10212
3.11241
3.09684
3.06363
3.02024
2.97255
2.92589
2.88622
2.86021
2.85246
2.86166
2.8808
2.90152
2.91645
2.91903
2.90456
2.87257
2.82869
2.78346
2.7451
2.71313
2.68284
2.65487
2.63766
2.64207
2.67372
2.7285
2.79487
2.85919
2.90986
2.9402
2.94949
2.94163
2.92404
2.9071
2.90186
2.91582
2.94912
2.99353
3.03637
3.06713
3.08086
3.07744
3.06014
3.03455
3.00666
2.98135
2.96249
2.95362
2.95649
2.96947
2.98797
3.00707
3.02449
3.04218
3.06405
3.0905
3.11584
3.13188
3.13398
3.12338
3.10442
3.08275
3.06675
3.06615
3.08418
3.11182
3.13321
3.13606
3.11684
3.07855
3.02562
2.96296
2.89923
2.84755
2.81925
2.81617
2.83024
2.85006
2.86794
2.88307
2.89992
2.92404
2.95787
2.99884
3.04087
3.0782
3.1087
3.13318
3.15013
3.15294
3.13509
3.10006
3.063
3.03683
3.02055
3.00657
2.99075
2.97403
2.96111
2.95727
2.96378
2.97494
2.98064
2.97426
2.958
2.93984
2.92937
2.9353
2.95868
2.98895
3.0126
3.02229
3.01635
2.99546
2.96377
2.9302
2.90198
2.8771
2.85086
2.82662
2.81365
2.81796
2.83983
2.87531
2.91404
2.94155
2.94881
2.93836
2.9223
2.91529
2.92671
2.95704
2.99977
3.04663
3.09073
3.12655
3.14967
3.15835
3.15566
3.15006
3.1523
3.1682
3.19223
3.21004
3.20804
3.18007
3.12813
3.05965
2.98443
2.91334
2.85862
2.83196
2.83897
2.87489
2.92712
2.98114
3.025
3.05066
3.05389
3.03461
2.99751
2.95153
2.90784
2.87749
2.86948
2.88795
2.92823
2.97573
3.01282
3.02927
3.02645
3.01474
3.00723
3.01186
3.02717
3.04495
3.05699
3.06009
3.05647
3.05041
3.04345
3.03273
3.01412
2.98762
2.96035
2.94414
2.94863
2.97457
3.01279
3.04973
3.07385
3.07855
3.06248
3.02943
2.98822
2.95118
2.92988
2.92958
2.94681
2.9726
2.99807
3.01825
3.03234
3.04092
3.04279
3.03442
3.01258
2.97807
2.93727
2.89873
2.86782
2.84448
2.82579
2.80952
2.79534
2.78397
2.77563
2.76934
2.76356
2.75721
2.75039
2.74379
2.73776
2.7325
2.72923
2.73125
2.74361
2.7709
2.81326
2.86453
2.91516
2.95754
2.9891
3.01151
3.02754
3.03821
3.04136
3.0329
3.00991
2.97348
2.93074
2.89506
2.87841
2.8803
2.89168
2.90818
2.93157
2.96204
2.99457
3.02162
3.0373
3.03911
3.02883
3.01275
2.99975
2.99714
3.00669
3.02371
3.04066
3.05218
3.05738
3.05797
3.05512
3.04829
3.03657
3.02044
3.00181
2.98375
2.97091
2.96967
2.9866
3.02512
3.0825
3.14983
3.21434
3.2631
3.28699
3.28287
3.25278
3.20204
3.13868
3.07455
3.02361
2.99391
2.98277
2.98446
2.99786
3.02481
3.06467
3.11215
3.1597
3.20132
3.23525
3.26402
3.29245
3.32493
3.36252
3.40069
3.42978
3.43896
3.42078
3.37393
3.30477
3.22865
3.16558
3.12705
3.1101
3.10687
3.11188
3.12067
3.12853
3.13198
3.13062
3.12662
3.12191
3.11567
3.10552
3.09353
3.08899
3.10008
3.1245
3.15526
3.18835
3.21914
3.23999
3.24405
3.22838
3.19512
3.15131
3.10461
3.05752
3.00828
2.95839
2.9162
2.89149
2.88815
2.90312
2.93084
2.96713
3.00955
3.05555
3.10108
3.14055
3.16733
3.17515
3.1609
3.12765
3.08465
3.0436
3.01287
2.99405
2.98352
2.97773
2.97704
2.98242
2.98877
2.98672
2.97293
2.95526
2.94649
2.95228
2.96561
2.97381
2.96819
2.94726
2.9145
2.87535
2.83707
2.80939
2.80158
2.81639
2.8493
2.89586
2.95472
3.01806
3.06584
3.07725
3.04411
2.97227
2.876
2.77492
2.69659
2.67216
2.71329
2.79892
2.89535
2.97759
3.03296
3.0576
3.05356
3.02789
2.99246
2.96222
2.95006
2.96088
2.98977
3.02585
3.05805
3.07856
3.08397
3.07514
3.05587
3.03064
3.00399
2.98046
2.96259
2.94765
2.9288
2.90241
2.87485
2.86009
2.87029
2.90887
2.9689
3.03485
3.08809
3.11334
3.10305
3.06157
3.00582
2.95716
2.92876
2.92122
2.92886
2.94523
2.96399
2.98096
2.99655
3.01444
3.03845
3.07109
3.11147
3.15189
3.17947
3.18511
3.17024
3.14434
3.117
3.09251
3.07034
3.04799
3.02361
2.99755
2.97192
2.94806
2.92441
2.89714
2.86309
2.82216
2.77779
2.73617
2.70472
2.6894
2.69073
2.70236
2.71502
2.72179
2.72049
2.71402
2.70928
2.71403
2.73284
2.76435
2.80166
2.83588
2.85992
2.87088
2.87159
2.8705
2.87721
2.89579
2.92273
2.95174
2.97898
3.00308
3.02237
3.03453
3.0388
3.03812
3.03938
3.05104
3.07898
3.12241
3.17252
3.21588
3.24032
3.239
3.21168
3.16489
3.1104
3.06104
3.02414
2.99873
2.98219
2.98055
3.00319
3.04495
3.08558
3.10729
3.10953
3.1081
3.1167
3.13177
3.14129
3.13993
3.13105
3.12023
3.10941
3.09437
3.06623
3.01778
2.95388
2.89766
2.87604
2.89318
2.9312
2.97283
3.01155
3.04668
3.07736
3.10378
3.13049
3.16455
3.21039
3.26567
3.32031
3.36083
3.37734
3.36685
3.3321
3.27914
3.21587
3.15154
3.0974
3.06658
3.06782
3.0944
3.12598
3.1445
3.145
3.13387
3.12131
3.11381
3.11035
3.10438
3.08924
3.06242
3.02626
2.98579
2.94598
2.91038
2.88081
2.85753
2.84098
2.83411
2.84329
2.87424
2.92546
2.98642
3.0432
3.08578
3.11094
3.12038
3.11732
3.10549
3.09065
3.08126
3.08523
3.10403
3.13132
3.15716
3.17241
3.1708
3.15054
3.11432
3.06711
3.0149
2.96505
2.9252
2.90058
2.89236
2.89728
2.90895
2.92055
2.9273
2.92688
2.91857
2.90248
2.87927
2.85005
2.81701
2.78586
2.76712
2.77318
2.81286
2.88669
2.98233
3.0766
3.14839
3.18773
3.19406
3.17197
3.12965
3.07797
3.02821
2.98956
2.96827
2.96676
2.98122
3.00169
3.01791
3.02546
3.02597
3.02325
3.02072
3.02143
3.02833
3.04325
3.06745
3.10281
3.14933
3.20182
3.25033
3.28322
3.291
3.26989
3.22486
3.16987
3.12256
3.09467
3.08698
3.09321
3.10586
3.11833
3.12499
3.12123
3.10347
3.06968
3.0213
2.96513
2.91204
2.8729
2.85635
2.86881
2.9106
2.96883
3.01958
3.04083
3.02293
2.97136
2.90332
2.83991
2.79672
2.77903
2.78441
2.80843
2.8475
2.89795
2.95385
3.00575
3.04253
3.05585
3.04406
3.01288
2.97283
2.93425
2.90267
2.87717
2.8524
2.82394
2.79417
2.77445
2.77967
2.81587
2.87256
2.93277
2.98833
3.04232
3.10134
3.16761
3.23663
3.30031
3.35056
3.38113
3.38774
3.36939
3.32977
3.27718
3.22135
3.16984
3.12708
3.09568
3.07713
3.07066
3.07297
3.07996
3.08875
3.09789
3.10586
3.11006
3.10775
3.09861
3.08663
3.07933
3.08347
3.09948
3.12008
3.13529
3.13958
3.13447
3.12581
3.11879
3.11553
3.11641
3.12141
3.12913
3.13555
3.13526
3.12415
3.10079
3.06607
3.02243
2.97387
2.92693
2.89042
2.87231
2.87411
2.88713
2.89845
2.90545
2.92342
2.96765
3.0233
3.05434
3.03861
2.97933
2.89652
2.81699
2.76615
2.75922
2.79401
2.85141
2.90629
2.94037
2.94817
2.93611
2.91742
2.9046
2.90329
2.91143
2.92247
2.9287
2.92371
2.9045
2.874
2.84213
2.82105
2.81617
2.82439
2.84416
2.88276
2.94723
3.03048
3.11327
3.17753
3.21341
3.21899
3.19777
3.15689
3.10597
3.05624
3.0182
2.99791
2.99448
3.00162
3.01079
3.01298
3.00095
2.97468
2.94592
2.93148
2.9388
2.96284
2.99562
3.03275
3.07231
3.11217
3.14881
3.17878
3.20098
3.21806
3.2342
3.25044
3.26172
3.26057
3.24389
3.21454
3.17752
3.13756
3.10041
3.07309
3.06054
3.06138
3.06747
3.06767
3.05274
3.0194
2.97176
2.91998
2.87689
2.85312
2.854
2.87928
2.92334
2.97641
3.02946
3.07655
3.11158
3.1275
3.12103
3.09611
3.06185
3.02779
3.00066
2.98335
2.97504
2.97351
2.97779
2.989
3.0092
3.03955
3.07864
3.12196
3.16334
3.19667
3.21671
3.21952
3.20388
3.17263
3.13226
3.0902
3.05202
3.02009
2.99333
2.96773
2.93829
2.90316
2.86787
2.84381
2.83866
2.85101
2.87489
2.90456
2.93435
2.95836
2.97227
2.97676
2.97984
2.99414
3.02713
3.07413
3.12316
3.16404
3.19181
3.20613
3.21081
3.21259
3.2149
3.21194
3.19502
3.16535
3.13475
3.11202
3.09321
3.0692
3.03871
3.00963
2.98928
2.97718
2.9679
2.9576
2.94651
2.93738
2.93302
2.93398
2.93828
2.94405
2.95226
2.96585
2.98692
3.01499
3.04757
3.08083
3.11062
3.13382
3.14891
3.1548
3.14983
3.13277
3.10506
3.07282
3.04616
3.03396
3.03644
3.04407
3.04549
3.03568
3.01718
2.99459
2.96844
2.93557
2.89398
2.84616
2.79959
2.76646
2.75957
2.77912
2.80667
2.82245
2.82182
2.81215
2.80256
2.79796
2.7988
2.80296
2.80779
2.81239
2.81982
2.83633
2.86618
2.90623
2.94629
2.9751
2.98526
2.97412
2.94273
2.89787
2.85537
2.83334
2.83579
2.85052
2.86391
2.87022
2.87019
2.86693
2.86291
2.85879
2.85325
2.84483
2.83549
2.83066
2.8327
2.83907
2.85149
2.87972
2.92741
2.98153
3.02349
3.04514
3.05159
3.05201
3.04845
3.03702
3.02252
3.02
3.03375
3.05037
3.05496
3.03997
3.00421
2.95396
2.903
2.86235
2.82956
2.79688
2.7667
2.75177
2.76401
2.80546
2.86834
2.94108
3.01417
3.08163
3.13915
3.18303
3.21263
3.2319
3.24674
3.26111
3.27554
3.28744
3.29116
3.2803
3.25041
3.19974
3.12874
3.03977
2.93976
2.84732
2.79091
2.78256
2.80527
2.83843
2.87411
2.9114
2.94936
2.98549
3.01783
3.04711
3.07582
3.10451
3.12985
3.14592
3.14724
3.13258
3.10786
3.0848
3.0748
3.08191
3.10082
3.12278
3.14452
3.16829
3.1926
3.20758
3.2002
3.16081
3.08633
2.983
2.86888
2.76826
2.69944
2.67251
2.68671
2.72433
2.76482
2.80014
2.83219
2.8643
2.89628
2.92457
2.94631
2.96292
2.98035
3.00632
3.04683
3.10356
3.17195
3.24103
3.29682
3.32749
3.32774
3.30027
3.25495
3.20514
3.16045
3.12116
3.08121
3.0374
2.99508
2.96434
2.95154
2.95644
2.9755
3.00468
3.0394
3.0733
3.09895
3.11057
3.10611
3.08734
3.05887
3.02694
2.99713
2.97085
2.94363
2.90875
2.8653
2.82449
2.80521
2.81756
2.85423
2.90062
2.94603
2.98623
3.0204
3.04752
3.06529
3.07195
3.06832
3.05896
3.0516
3.05329
3.06384
3.07411
3.07326
3.05673
3.02705
2.99124
2.95908
2.94057
2.94024
2.95388
2.9715
2.98333
2.98414
2.97529
2.96464
2.9628
2.9751
2.99544
3.01095
3.0127
2.99976
2.97612
2.94761
2.92118
2.90376
2.89937
2.9076
2.92504
2.94753
2.97184
2.99799
3.02912
3.06543
3.09858
3.11642
3.11275
3.09093
3.05895
3.02395
2.99249
2.97227
2.96954
2.9846
3.01004
3.03336
3.04297
3.03396
3.01117
2.98752
2.97741
2.98851
3.01881
3.0605
3.10464
3.14279
3.16718
3.17242
3.15859
3.13308
3.10733
3.08643
3.06224
3.02269
2.96744
2.91192
2.87633
2.87083
2.89234
2.93305
2.98718
3.04963
3.11206
3.16318
3.19305
3.19683
3.1754
3.13383
3.07972
3.02179
2.96872
2.92849
2.90721
2.90572
2.91832
2.93738
2.95896
2.98378
3.01287
3.04202
3.0607
3.05763
3.02903
2.98372
2.93869
2.90687
2.88899
2.88034
2.88343
2.90483
2.93882
2.97058
2.99299
3.00874
3.02114
3.02852
3.02574
3.00956
2.98232
2.95175
2.92766
2.9187
2.92917
2.95716
2.99611
3.03901
3.08056
3.11649
3.14272
3.15553
3.15255
3.13354
3.1002
3.05538
3.00319
2.95033
2.90627
2.87962
2.87318
2.88151
2.89382
2.89912
2.89211
2.87779
2.87098
2.88586
2.92329
2.97112
3.01531
3.04814
3.0686
3.07872
3.08059
3.07575
3.06581
3.054
3.04685
3.05292
3.07591
3.1079
3.13199
3.13398
3.11093
3.07033
3.02389
2.9826
2.95554
2.94863
2.96134
2.98547
3.00929
3.02438
3.02846
3.0232
3.01191
2.99854
2.98667
2.97773
2.96995
2.95894
2.93985
2.91031
2.87322
2.83676
2.80987
2.79654
2.79539
2.80407
2.82197
2.84836
2.88043
2.91368
2.94344
2.9664
2.9812
2.98858
2.99112
2.99215
2.99323
2.99338
2.99103
2.986
2.97936
2.97299
2.9691
2.96888
2.97138
2.97492
2.97899
2.98432
2.99138
2.99913
3.00539
3.00861
3.0099
3.01334
3.02431
3.04574
3.07548
3.10682
3.13153
3.1417
3.13072
3.09484
3.03739
2.971
2.91176
2.86927
2.84515
2.83827
2.84653
2.86516
2.88713
2.90689
2.92344
2.94226
2.97305
3.01893
3.07019
3.11535
3.15175
3.18257
3.20966
3.23113
3.24297
3.24141
3.22421
3.19101
3.14407
3.08824
3.02984
2.97487
2.9287
2.89609
2.87938
2.87612
2.8802
2.88625
2.89325
2.9039
2.92095
2.9443
2.9717
3.00034
3.02701
3.04727
3.05606
3.05007
3.03016
3.00336
2.98242
2.98067
3.00416
3.0473
3.09584
3.13509
3.15736
3.16334
3.15827
3.14775
3.13604
3.12556
3.11699
3.11025
3.1057
3.10312
3.09965
3.0901
3.07041
3.04146
3.00937
2.98173
2.9626
2.9511
2.9446
2.94262
2.94794
2.96435
2.99314
3.03056
3.06769
3.0938
3.10145
3.08992
3.06509
3.03665
3.01495
3.008
3.01812
3.04018
3.06363
3.07748
3.07505
3.05664
3.02976
3.00672
2.99794
3.00447
3.01876
3.0327
3.04283
3.04961
3.05513
3.06198
3.07312
3.09115
3.11671
3.14722
3.17691
3.19887
3.2076
3.20084
3.18052
3.15299
3.12837
3.11645
3.12098
3.13749
3.15643
3.1673
3.16179
3.13618
3.09294
3.04038
2.98964
2.95028
2.92702
2.91971
2.92523
2.93856
2.95281
2.96127
2.96159
2.95892
2.9633
2.98051
3.0051
3.02508
3.03253
3.02838
3.02084
3.02167
3.04139
3.08155
3.12874
3.16058
3.15905
3.11804
3.04321
2.94948
2.8597
2.80111
2.79504
2.84364
2.92641
3.01206
3.07522
3.10628
3.11127
3.10521
3.10322
3.11367
3.136
3.16328
3.18685
3.20046
3.20198
3.19218
3.17227
3.14336
3.10856
3.07599
3.0566
3.05801
3.08352
3.13446
3.2072
3.28926
3.36312
3.41398
3.435
3.42721
3.39604
3.34813
3.29101
3.23526
3.19382
3.17414
3.17202
3.17738
3.18453
3.19349
3.20471
3.21584
3.22265
3.22141
3.21041
3.19039
3.16365
3.13167
3.09335
3.04592
2.98849
2.92567
2.86799
2.82827
2.81444
2.82423
2.84707
2.87126
2.88925
2.89786
2.89643
2.88559
2.86668
2.84155
2.81347
2.78911
2.77999
2.80009
2.85607
2.93741
3.02166
3.09067
3.13749
3.16189
3.16497
3.14837
3.11571
3.07362
3.03139
2.99929
2.98494
2.99004
3.00955
3.0343
3.05527
3.06753
3.07049
3.06316
3.04089
2.99984
2.94325
2.88182
2.82856
2.79286
2.77753
2.77916
2.79152
2.81089
2.83906
2.88042
2.93625
3.00259
3.07182
3.13486
3.18253
3.20822
3.21097
3.19654
3.17426
3.15098
3.12694
3.099
3.06724
3.03658
3.0134
3.00269
3.00596
3.02008
3.03882
3.05579
3.06593
3.06629
3.05715
3.04246
3.02891
3.02412
3.03422
3.06124
3.10181
3.14929
3.19748
3.24307
3.28458
3.31959
3.34311
3.34898
3.33254
3.29288
3.23222
3.15294
3.05792
2.95665
2.86748
2.8092
2.79166
2.81376
2.86082
2.90848
2.93846
2.94798
2.94514
2.93937
2.93505
2.93089
2.92393
2.91359
2.90266
2.89486
2.8914
2.8895
2.88433
2.87221
2.85221
2.82761
2.80749
2.80096
2.80578
2.80845
2.79801
2.77572
2.75489
2.75419
2.7866
2.84998
2.92788
3.00019
3.05277
3.07946
3.0797
3.05834
3.02937
3.01328
3.01952
3.03667
3.0459
3.03548
3.00439
2.96256
2.92866
2.92082
2.944
2.98747
3.03418
3.07033
3.08725
3.08014
3.04818
2.99684
2.93986
2.89745
2.88749
2.91381
2.96334
3.01557
3.05395
3.07173
3.07145
3.05989
3.04288
3.02326
3.00273
2.98462
2.97388
2.97375
2.98293
2.99709
3.01228
3.02532
3.03099
3.02226
2.99591
2.9589
2.92897
2.92657
2.96157
3.02602
3.09917
3.15836
3.18747
3.18009
3.13821
3.06923
2.98402
2.89531
2.81509
2.75212
2.71268
2.701
2.71681
2.75463
2.80604
2.86284
2.91992
2.97493
3.02509
3.06527
3.08927
3.09276
3.07617
3.048
3.0242
3.01648
3.02048
3.03492
3.08021
3.15161
3.20505
3.21527
3.18895
3.14312
3.09649
3.06641
3.05693
3.05626
3.05242
3.04233
3.02762
3.00893
2.9849
2.9543
2.91829
2.88207
2.8581
2.86309
2.90027
2.95008
2.98783
3.00279
3.00027
2.98857
2.96526
2.92383
2.87043
2.82144
2.79064
2.79377
2.84321
2.91757
2.97931
3.01327
3.0251
3.02629
3.02771
3.03689
3.05467
3.07421
3.08488
3.0763
3.04015
2.97588
2.89996
2.84364
2.83161
2.86183
2.91331
2.96902
3.02337
3.07469
3.11916
3.15132
3.16682
3.16416
3.14565
3.11696
3.08593
3.06023
3.04456
3.03873
3.03804
3.03563
3.02562
3.00553
2.97745
2.94808
2.92701
2.92284
2.93867
2.97091
3.01277
3.05803
3.10074
3.13318
3.14648
3.13406
3.09544
3.03897
2.98117
2.93865
2.91551
2.90185
2.88562
2.86172
2.83218
2.80297
2.78181
2.77663
2.79301
2.8313
2.88623
2.94955
3.01314
3.07047
3.11689
3.14934
3.16525
3.162
3.13794
3.09365
3.03113
2.95354
2.86852
2.79196
2.74327
2.73188
2.74971
2.78041
2.81484
2.85247
2.89149
2.92333
2.93778
2.9307
2.90754
2.88033
2.86025
2.85105
2.84898
2.84914
2.85138
2.86017
2.87933
2.90745
2.93849
2.96593
2.98486
2.99103
2.98023
2.9496
2.9015
2.85075
2.82828
2.85809
2.92371
2.98506
3.01745
3.01822
2.99501
2.95856
2.92223
2.89734
2.88371
2.87134
2.85309
2.83141
2.81594
2.81792
2.84256
2.88411
2.93147
2.97723
3.01868
3.05329
3.07626
3.0823
3.06881
3.03786
2.99642
2.95475
2.92334
2.90942
2.91474
2.93577
2.96479
2.99241
3.01162
3.02029
3.01829
3.00387
2.97495
2.93184
2.87839
2.82163
2.77006
2.73124
2.71054
2.71009
2.72902
2.76578
2.81736
2.87708
2.93674
2.98995
3.03168
3.05629
3.05807
3.03583
2.99798
2.95994
2.933
2.91926
2.91586
2.91868
2.92398
2.9287
2.92991
2.92576
2.91781
2.9111
2.91039
2.91483
2.91679
2.90789
2.88609
2.85762
2.83411
2.82695
2.84194
2.87714
2.92478
2.9743
3.01532
3.04139
3.05362
3.05847
3.05936
3.05284
3.03545
3.01111
2.99001
2.98071
2.98371
2.99172
2.99422
2.98327
2.95769
2.92369
2.89182
2.87219
2.86905
2.87844
2.89304
2.90929
2.92742
2.94696
2.9666
2.98626
3.00596
3.02343
3.0344
3.03449
3.0219
3.00008
2.97829
2.96794
2.97716
3.00777
3.05371
3.10176
3.13769
3.15253
3.14514
3.12224
3.09491
3.07054
3.04771
3.0209
2.98848
2.95434
2.92514
2.90942
2.91634
2.94786
2.99207
3.02928
3.04513
3.03799
3.01775
2.99852
2.98985
2.99185
2.99833
3.00341
3.00469
3.00218
2.99608
2.98648
2.97336
2.95631
2.93413
2.90508
2.86758
2.82132
2.76861
2.71629
2.6765
2.66287
2.68233
2.73052
2.79621
2.86832
2.93782
2.99664
3.03812
3.05858
3.05867
3.04303
3.01829
2.99092
2.96675
2.95246
2.95407
2.96882
2.98255
2.98096
2.96129
2.93307
2.91093
2.90461
2.9133
2.92994
2.95027
2.97726
3.01711
3.07116
3.13203
3.18738
3.22679
3.24592
3.24634
3.23328
3.21277
3.18948
3.1658
3.14209
3.11729
3.08969
3.05824
3.02462
2.9941
2.97284
2.96273
2.95863
2.95265
2.9425
2.93509
2.94096
2.9662
3.01113
3.07127
3.13627
3.19134
3.22228
3.21941
3.17997
3.11081
3.02979
2.9591
2.91303
2.89363
2.89727
2.92037
2.95934
3.0072
3.05191
3.08044
3.08496
3.06589
3.03073
2.99021
2.95417
2.9293
2.9176
2.91652
2.92258
2.93611
2.96084
2.99997
3.05349
3.11408
3.16495
3.18801
3.17438
3.12722
3.0575
2.9772
2.8965
2.82771
2.78829
2.79176
2.83319
2.89071
2.94239
2.97918
3.005
3.02771
3.05014
3.06829
3.07657
3.07438
3.06765
3.06348
3.06394
3.06569
3.06388
3.0561
3.04491
3.03679
3.03694
3.04383
3.05068
3.05242
3.04995
3.04893
3.05551
3.07265
3.09842
3.12716
3.1516
3.16489
3.16333
3.15239
3.15058
3.17673
3.22644
3.27301
3.29302
3.28088
3.24454
3.19632
3.14634
3.10029
3.0608
3.0298
3.00851
2.99474
2.98077
2.95575
2.91262
2.85562
2.80149
2.76909
2.7655
2.78405
2.81466
2.85198
2.89603
2.94774
3.00402
3.05626
3.0933
3.10651
3.09373
3.06027
3.0173
2.97739
2.94964
2.93814
2.94298
2.9597
2.97928
2.99205
2.9927
2.9823
2.96809
2.96116
2.96983
2.99504
3.03105
3.06834
3.09775
3.11298
3.10959
3.08457
3.03865
2.97801
2.91239
2.8508
2.79932
2.76146
2.73932
2.73454
2.74892
2.7835
2.83562
2.89656
2.95163
2.98515
2.98863
2.96737
2.93902
2.92063
2.9153
2.91678
2.92337
2.94055
2.97132
3.00712
3.0325
3.03753
3.02147
2.98773
2.94081
2.88813
2.84181
2.8153
2.81701
2.84649
2.89593
2.95342
3.00686
3.04766
3.07138
3.07579
3.06083
3.03191
3.00078
2.97826
2.9658
2.95852
2.95264
2.94694
2.94027
2.93042
2.9157
2.89662
2.87697
2.8649
2.87221
2.90652
2.96267
3.0272
3.08895
3.14291
3.18787
3.22325
3.24536
3.24619
3.2198
3.17136
3.11707
3.07427
3.0511
3.04546
3.0529
3.07227
3.10364
3.14523
3.19416
3.24679
3.29616
3.33198
3.34477
3.33027
3.29072
3.23349
3.16815
3.10255
3.03892
2.97419
2.90803
2.85331
2.83058
2.84379
2.87625
2.91065
2.93837
2.95702
2.96986
2.98505
3.00937
3.04235
3.07834
3.1109
3.13476
3.14805
3.15416
3.15964
3.16777
3.1742
3.1713
3.1559
3.1302
3.09725
3.05894
3.01484
2.96137
2.89775
2.83425
2.78997
2.7814
2.81209
2.87011
2.9353
2.99064
3.02738
3.04353
3.04013
3.01942
2.98578
2.94812
2.91974
2.91413
2.93789
2.98682
3.04862
3.10911
3.15713
3.18578
3.19101
3.17086
3.12721
3.06898
3.01174
2.97091
2.95214
2.94819
2.94557
2.93496
2.91693
2.90069
2.89868
2.91936
2.96196
3.01653
3.06938
3.1092
3.13013
3.13108
3.11325
3.07882
3.03179
2.97948
2.93167
2.89615
2.87534
2.86861
2.87609
2.89744
2.92863
2.96296
2.99419
3.01872
3.036
3.04673
3.05126
3.05078
3.04817
3.04506
3.03946
3.02857
3.01366
3.00033
2.99416
2.99636
3.00267
3.00528
2.9961
2.96929
2.92333
2.86291
2.80062
2.75552
2.74235
2.75624
2.77766
2.79356
2.80557
2.82254
2.85008
2.88546
2.92006
2.94565
2.95831
2.95899
2.95235
2.94573
2.94766
2.9657
3.00398
3.06006
3.12478
3.18685
3.2377
3.27198
3.28549
3.27349
3.23238
3.16706
3.09655
3.03956
2.9918
2.93813
2.87957
2.83674
2.83342
2.87396
2.93684
2.99359
3.02664
3.03204
3.01536
2.98817
2.9635
2.94687
2.93064
2.90396
2.86717
2.83132
2.80731
2.79921
2.80555
2.82188
2.84168
2.85802
2.86572
2.86077
2.83937
2.80147
2.7549
2.71343
2.68856
2.68205
2.68894
2.70702
2.73919
2.78644
2.842
2.89251
2.92452
2.93223
2.92127
2.90583
2.90172
2.91922
2.95868
3.01065
3.0605
3.09419
3.10187
3.08006
3.0337
2.97644
2.92591
2.894
2.88124
2.88113
2.88871
2.90385
2.9281
2.96031
2.99484
3.02349
3.03912
3.03944
3.02832
3.01275
2.99781
2.98328
2.96439
2.93582
2.89576
2.84848
2.80455
2.77822
2.78202
2.82023
2.88596
2.96457
3.04012
3.10023
3.13881
3.15671
3.16023
3.15687
3.15064
3.14008
3.12022
3.08591
3.03472
2.97053
2.90684
2.86386
2.8557
2.8798
2.92226
2.9699
3.01378
3.0467
3.06324
3.06246
3.04806
3.02428
2.99142
2.94794
2.89941
2.86361
2.86033
2.89096
2.93697
2.979
3.00801
3.02225
3.02137
3.00368
2.96811
2.91845
2.86526
2.82112
2.79304
2.78319
2.80137
2.86438
2.9615
3.05188
3.11009
3.14247
3.17497
3.23066
3.30024
3.35289
3.37438
3.37202
3.35746
3.33692
3.31238
3.28606
3.26153
3.24329
3.23704
3.24776
3.27349
3.30213
3.31915
3.31801
3.30235
3.28042
3.25791
3.2345
3.20555
3.16668
3.11826
3.06742
3.02577
3.00249
2.99779
3.00415
3.0142
3.02625
3.04313
3.06599
3.09099
3.11267
3.12742
3.13302
3.12722
3.10832
3.07713
3.03863
3.00124
2.97364
2.95958
2.95454
2.94771
2.92835
2.89128
2.83896
2.78176
2.73853
2.73301
2.7798
2.86975
2.97484
3.06682
3.12913
3.15798
3.15875
3.14165
3.11756
3.09492
3.07731
3.06351
3.04961
3.03141
3.00487
2.96632
2.91489
2.8568
2.80766
2.78666
2.80378
2.85233
2.91598
2.98064
3.03826
3.0841
3.11442
3.12687
3.12137
3.10066
3.07128
3.04369
3.02809
3.02715
3.03397
3.0384
3.03513
3.02746
3.02282
3.02285
3.02222
3.01775
3.01169
3.00745
3.00662
3.00976
3.01585
3.02078
3.01957
3.01211
3.00441
3.00378
3.01194
3.02358
3.0334
3.04255
3.05468
3.06817
3.07897
3.08626
3.08944
3.08341
3.06031
3.01513
2.94903
2.86976
2.7905
2.72638
2.68786
2.67572
2.68448
2.70958
2.74824
2.79525
2.84112
2.87544
2.89166
2.89089
2.88143
2.8717
2.86373
2.85481
2.84333
2.83079
2.8204
2.81512
2.81806
2.8335
2.86368
2.90394
2.94446
2.97712
2.99974
3.01642
3.03487
3.06174
3.09841
3.14099
3.18356
3.22
3.24425
3.2503
3.23329
3.1912
3.12667
3.0477
2.96608
2.89418
2.84246
2.81909
2.82967
2.87536
2.9512
3.04587
3.14309
3.22569
3.28125
3.30541
3.30169
3.2788
3.24732
3.21701
3.19706
3.19836
3.22994
3.28728
3.34862
3.38978
3.39866
3.37633
3.33045
3.26837
3.19521
3.11868
3.05314
3.0126
3.00061
3.01194
3.04036
3.07966
3.12153
3.15669
3.17784
3.18144
3.16703
3.13587
3.0897
3.03015
2.95985
2.88675
2.82763
2.80038
2.80695
2.82933
2.84614
2.84867
2.84181
2.8343
2.82957
2.82725
2.83285
2.86007
2.91719
2.99288
3.06203
3.10395
3.11274
3.0955
3.0654
3.03514
3.01253
2.99891
2.9907
2.98219
2.96723
2.94081
2.90138
2.85416
2.81528
2.80646
2.83563
2.88934
2.94749
2.99595
3.02838
3.04473
3.04886
3.04552
3.03767
3.02608
3.01107
2.99612
2.99108
3.00648
3.03884
3.07099
3.09019
3.09557
3.09128
3.08043
3.06439
3.04325
3.01502
2.97703
2.93026
2.88239
2.84643
2.83381
2.84614
2.87331
2.90009
2.9148
2.914
2.9022
2.8882
2.87934
2.8771
2.87858
2.88277
2.89389
2.91716
2.952
2.99193
3.0308
3.06577
3.09474
3.11389
3.11996
3.1149
3.10721
3.10695
3.11796
3.13521
3.15032
3.15855
3.16129
3.16373
3.17041
3.18236
3.19771
3.21299
3.22405
3.22893
3.2311
3.23697
3.24758
3.2554
3.24976
3.22451
3.18202
3.13313
3.09342
3.07468
3.07703
3.0902
3.10148
3.10129
3.0849
3.05311
3.01182
2.96937
2.9334
2.91009
2.90455
2.92013
2.95659
3.00916
3.06907
3.1263
3.17174
3.19781
3.19984
3.17872
3.14363
3.11161
3.10016
3.11512
3.14697
3.18062
3.20526
3.21502
3.20675
3.18057
3.14218
3.10342
3.0774
3.06982
3.07578
3.0881
3.10537
3.12896
3.15658
3.18287
3.20406
3.21877
3.22553
3.22276
3.21169
3.19778
3.18666
3.17731
3.16216
3.1357
3.10111
3.06752
3.0415
3.02255
3.00616
2.98918
2.97188
2.95692
2.94799
2.94879
2.96092
2.98152
3.00378
3.02063
3.02705
3.01911
2.99447
2.95568
2.91077
2.86902
2.83754
2.82073
2.81957
2.83036
2.8463
2.86269
2.88008
2.90182
2.92976
2.96237
2.9954
3.02422
3.04619
3.06195
3.07372
3.08103
3.07818
3.05745
3.01633
2.96258
2.91165
2.87737
2.86535
2.8752
2.90396
2.94672
2.99678
3.04494
3.0791
3.08761
3.06541
3.01911
2.96517
2.91923
2.88539
2.858
2.83207
2.80911
2.79605
2.8006
2.82624
2.87024
2.92587
2.98568
3.04324
3.09354
3.13247
3.15703
3.16583
3.15945
3.14063
3.11412
3.08588
3.06133
3.04318
3.02935
3.01371
2.99091
2.96098
2.92855
2.89661
2.86317
2.8271
2.79765
2.79196
2.81941
2.8761
2.95015
3.02329
3.07425
3.08703
3.05676
2.99157
2.91141
2.84295
2.8092
2.81945
2.86657
2.93229
2.99581
3.04313
3.07152
3.08582
3.09084
3.08657
3.06993
3.04121
3.00956
2.99046
2.99432
3.01883
3.05503
3.09606
3.13669
3.1706
3.1921
3.20206
3.21162
3.23278
3.26192
3.28285
3.2836
3.26094
3.21495
3.14574
3.05359
2.94142
2.81872
2.70379
2.61552
2.55921
2.53184
2.54006
2.59388
2.68643
2.79427
2.89388
2.97109
3.02045
3.04207
3.03951
3.01924
2.9901
2.96035
2.93151
2.89775
2.85861
2.83058
2.83514
2.87293
2.92178
2.95641
2.96362
2.94744
2.92582
2.91813
2.93092
2.95553
2.98031
3.00241
3.02521
3.04977
3.07244
3.08908
3.09893
3.10604
3.11862
3.1453
3.18855
3.24155
3.29182
3.32614
3.33417
3.31236
3.26786
3.21733
3.17683
3.1497
3.12563
3.09058
3.03673
2.96781
2.90062
2.85851
2.85584
2.8881
2.94027
2.99927
3.05666
3.10602
3.14231
3.16347
3.17076
3.16653
3.15199
3.12766
3.09418
3.05125
2.99791
2.93689
2.87961
2.84398
2.84379
2.88015
2.94317
3.01719
3.08549
3.13487
3.15858
3.1563
3.13231
3.09247
3.04207
2.98772
2.94174
2.91943
2.92566
2.94859
2.97039
2.98094
2.98288
2.98699
3.00193
3.02732
3.05507
3.07562
3.08321
3.07748
3.06211
3.04232
3.02221
3.00425
2.99203
2.99142
3.00476
3.02404
3.03205
3.01112
2.95302
2.86353
2.76021
2.66383
2.59013
2.54754
2.5374
2.5538
2.58699
2.62924
2.67786
2.73257
2.79058
2.84495
2.88825
2.91746
2.93518
2.94656
2.95487
2.95937
2.95704
2.94711
2.93428
2.92812
2.93947
2.97374
3.02354
3.0693
3.09037
3.07697
3.03673
2.99372
2.97555
2.99285
3.03358
3.07782
3.11104
3.12615
3.12198
3.10251
3.07653
3.05556
3.04928
3.06127
3.08764
3.11908
3.14473
3.15562
3.14751
3.12216
3.08654
3.04964
3.01723
2.98918
2.9641
2.94632
2.94482
2.96419
2.99792
3.02968
3.03982
3.0132
2.94814
2.86484
2.80196
2.78956
2.82456
2.88223
2.93954
2.98452
3.01612
3.03911
3.05643
3.06572
3.06349
3.05263
3.04445
3.0504
3.07108
3.09533
3.10834
3.0989
3.06239
3.00007
2.91632
2.81955
2.72744
2.66467
2.64519
2.66094
2.69409
2.73173
2.7689
2.80602
2.84403
2.87971
2.90561
2.91524
2.90698
2.88309
2.84714
2.8039
2.76132
2.73065
2.72396
2.74989
2.80954
2.89421
2.98707
3.06862
3.1233
3.1453
3.14051
3.12218
3.10197
3.08279
3.06012
3.02902
2.98831
2.94083
2.89293
2.85446
2.83479
2.83665
2.85673
2.89121
2.93587
2.9832
3.02342
3.04943
3.0604
3.0605
3.0553
3.04956
3.047
3.04967
3.05647
3.06397
3.07028
3.0772
3.08789
3.10373
3.12334
3.14356
3.16065
3.17171
3.17522
3.17168
3.16397
3.15656
3.15263
3.15133
3.14834
3.13935
3.12167
3.09304
3.05075
2.99493
2.93407
2.88508
2.86354
2.87332
2.90714
2.95404
3.00328
3.04511
3.07076
3.07196
3.0401
2.96768
2.85552
2.72529
2.61975
2.57276
2.58249
2.6291
2.69821
2.78078
2.86572
2.93891
2.98829
3.00911
3.00509
2.98599
2.96357
2.94723
2.94084
2.94237
2.94622
2.9472
2.94394
2.93973
2.94051
2.95101
2.97126
2.99548
3.01413
3.01685
2.99553
2.94917
2.88606
2.81852
2.75605
2.70632
2.68073
2.69373
2.7522
2.84591
2.95212
3.04756
3.11618
3.15124
3.15463
3.1357
3.10899
3.09018
3.08991
3.10973
3.1426
3.17604
3.19726
3.19842
3.17841
3.14185
3.09899
3.06419
3.04715
3.04421
3.0444
3.04042
3.02977
3.01162
2.98703
2.95988
2.93467
2.9132
2.89466
2.87996
2.8741
2.88203
2.90242
2.92702
2.94582
2.95254
2.94768
2.93762
2.93075
2.93264
2.94306
2.95669
2.96688
2.96965
2.96527
2.95697
2.9492
2.94824
2.96274
2.99905
3.05375
3.11312
3.16041
3.1833
3.17793
3.15216
3.12382
3.1049
3.08913
3.06747
3.04257
3.01979
2.99945
2.98181
2.97134
2.97415
2.99285
3.02294
3.05164
3.05906
3.02507
2.95732
2.92593
2.98085
3.05692
3.09015
3.07788
3.04031
2.99656
2.9568
2.92123
2.88579
2.8481
2.80901
2.7721
2.74238
2.72401
2.71804
2.72278
2.73677
2.76119
2.79911
2.85179
2.91581
2.98393
3.04853
3.10341
3.14308
3.16189
3.15493
3.12053
3.06357
2.99758
2.94026
2.90135
2.87629
2.85316
2.82337
2.78727
2.75294
2.72848
2.71585
2.71267
2.71717
2.7296
2.74999
2.77622
2.80389
2.82752
2.84313
2.85036
2.8525
2.85486
2.86308
2.88265
2.91768
2.96776
3.02495
3.07584
3.10809
3.11589
3.10069
3.07071
3.04042
3.02449
3.02562
3.03396
3.04024
3.04206
3.03975
3.03244
3.01919
3.00272
2.99163
2.99606
3.01767
3.04573
3.06531
3.06656
3.04826
3.01697
2.98251
2.95175
2.92689
2.90832
2.89502
2.88267
2.86497
2.83903
2.80951
2.78681
2.78032
2.79269
2.82005
2.85721
2.90047
2.94413
2.97786
2.9913
2.98161
2.9562
2.9273
2.9026
2.88092
2.85676
2.82726
2.79548
2.77056
2.76338
2.77933
2.81597
2.86749
2.92894
2.99696
3.06835
3.13859
3.20124
3.24846
3.27236
3.26698
3.23108
3.17029
3.09715
3.02828
2.97922
2.95856
2.96498
2.98946
3.02086
3.05073
3.07531
