-1.31243
-1.31167
-1.31122
-1.3109
-1.3115
-1.31075
-1.30984
-1.30954
-1.30878
-1.30832
-1.30817
-1.30998
-1.30999
-1.3097
-1.31016
-1.30941
-1.30835
-1.30911
-1.3091
-1.3097
-1.30969
-1.30863
-1.30908
-1.30862
-1.30908
-1.31014
-1.30924
-1.30925
-1.30971
-1.30971
-1.3094
-1.30955
-1.3088
-1.3088
-1.3082
-1.30729
-1.30683
-1.30652
-1.30637
-1.30591
-1.30652
-1.30577
-1.30622
-1.30712
-1.30728
-1.30698
-1.30594
-1.3064
-1.30578
-1.30546
-1.30666
-1.3068
-1.3056
-1.30667
-1.30472
-1.30518
-1.30472
-1.30472
-1.30623
-1.30638
-1.30608
-1.30713
-1.30682
-1.30667
-1.30727
-1.30636
-1.30682
-1.30848
-1.30803
-1.30833
-1.30908
-1.31014
-1.30923
-1.30938
-1.31029
-1.3112
-1.31075
-1.31135
-1.3115
-1.31286
-1.31271
-1.31226
-1.31075
-1.31015
-1.31105
-1.31014
-1.30984
-1.31059
-1.3112
-1.31075
-1.31135
-1.31074
-1.30847
-1.30772
-1.30848
-1.30787
-1.30742
-1.30727
-1.30667
-1.30711
-1.30772
-1.30606
-1.30621
-1.30606
-1.30681
-1.30636
-1.30832
-1.30893
-1.30938
-1.30787
-1.30787
-1.30756
-1.30666
-1.30712
-1.30668
-1.30638
-1.30682
-1.30863
-1.31029
-1.30893
-1.30924
-1.30878
-1.30878
-1.30787
-1.30802
-1.30832
-1.30817
-1.30863
-1.30848
-1.30848
-1.30924
-1.30969
-1.30954
-1.30863
-1.30984
-1.30878
-1.30847
-1.3068
-1.30694
-1.30815
-1.30831
-1.30893
-1.30955
-1.31001
-1.31016
-1.31001
-1.31001
-1.3091
-1.30879
-1.30848
-1.30847
-1.3074
-1.3083
-1.30996
-1.30998
-1.31
-1.3094
-1.3094
-1.31015
-1.31076
-1.31015
-1.30969
-1.30848
-1.30968
-1.30878
-1.30907
-1.30997
-1.31027
-1.30938
-1.30893
-1.30712
-1.30681
-1.30651
-1.3059
-1.30515
-1.30485
-1.30485
-1.3056
-1.30621
-1.30575
-1.3056
-1.30484
-1.3062
-1.30711
-1.30665
-1.30741
-1.30726
-1.30771
-1.30726
-1.30757
-1.30772
-1.30847
-1.30877
-1.30938
-1.30893
-1.30862
-1.30847
-1.30937
-1.30937
-1.30937
-1.30937
-1.30771
-1.30802
-1.30727
-1.30728
-1.30728
-1.30728
-1.30772
-1.30953
-1.30998
-1.30922
-1.30817
-1.30877
-1.31014
-1.3115
-1.3124
-1.31134
-1.31119
-1.31179
-1.3133
-1.31376
-1.31346
-1.31301
-1.31301
-1.31316
-1.3124
-1.31255
-1.31347
-1.31241
-1.31119
-1.31208
-1.3127
-1.31272
-1.31197
-1.31211
-1.31179
-1.31224
-1.31331
-1.31136
-1.31
-1.30984
-1.30968
-1.30907
-1.30922
-1.30891
-1.30906
-1.30891
-1.30921
-1.31028
-1.31059
-1.3118
-1.3112
-1.31165
-1.3115
-1.31045
-1.30969
-1.31013
-1.31041
-1.31041
-1.30997
-1.31029
-1.30954
-1.31105
-1.31149
-1.31149
-1.31148
-1.31118
-1.31179
-1.3133
-1.31301
-1.31195
-1.3118
-1.31225
-1.31284
-1.31223
-1.31131
-1.31132
-1.31118
-1.30968
-1.31044
-1.31029
-1.31074
-1.31104
-1.31029
-1.31165
-1.31104
-1.3127
-1.31375
-1.31435
-1.31224
-1.31346
-1.31256
-1.31166
-1.31241
-1.31271
-1.31315
-1.31375
-1.3127
-1.31195
-1.31015
-1.30969
-1.30863
-1.30922
-1.30891
-1.30907
-1.30832
-1.30726
-1.30651
-1.30635
-1.3059
-1.30545
-1.30666
-1.30666
-1.30741
-1.30877
-1.30907
-1.30802
-1.30833
-1.30772
-1.30832
-1.30983
-1.30967
-1.31042
-1.31058
-1.31058
-1.31013
-1.30967
-1.30998
-1.30984
-1.3106
-1.30939
-1.31045
-1.30984
-1.30952
-1.31057
-1.30996
-1.30952
-1.30922
-1.30787
-1.30697
-1.30681
-1.305
-1.30636
-1.30651
-1.30575
-1.3056
-1.30681
-1.3068
-1.30679
-1.30754
-1.30875
-1.30952
-1.31073
-1.30953
-1.30923
-1.31029
-1.31119
-1.31104
-1.31013
-1.31043
-1.30968
-1.31134
-1.31058
-1.31027
-1.31027
-1.30906
-1.30951
-1.30877
-1.30892
-1.30863
-1.30847
-1.30681
-1.30726
-1.30756
-1.30831
-1.30832
-1.30786
-1.30771
-1.30665
-1.3071
-1.30665
-1.3062
-1.30772
-1.30908
-1.30999
-1.31059
-1.31224
-1.31103
-1.31224
-1.31285
-1.3124
-1.31361
-1.3133
-1.31391
-1.3133
-1.31315
-1.31315
-1.31315
-1.31436
-1.31392
-1.31392
-1.31422
-1.31497
-1.31572
-1.31466
-1.31496
-1.3136
-1.31255
-1.3133
-1.3124
-1.31239
-1.31209
-1.31164
-1.31089
-1.31014
-1.30938
-1.31014
-1.30999
-1.31014
-1.31028
-1.31058
-1.31057
-1.31012
-1.30891
-1.31058
-1.31073
-1.31134
-1.31195
-1.31315
-1.31269
-1.31088
-1.31103
-1.31058
-1.31058
-1.31073
-1.31073
-1.31134
-1.31225
-1.3127
-1.3133
-1.313
-1.31269
-1.31133
-1.31193
-1.31299
-1.31284
-1.31284
-1.31238
-1.31133
-1.31178
-1.31043
-1.31119
-1.31255
-1.313
-1.31193
-1.31147
-1.31239
-1.3133
-1.3127
-1.31225
-1.313
-1.31344
-1.31208
-1.31238
-1.31193
-1.31314
-1.3136
-1.31269
-1.31435
-1.31495
-1.3148
-1.31541
-1.31465
-1.31436
-1.31466
-1.31391
-1.31346
-1.31497
-1.31452
-1.31346
-1.3142
-1.31299
-1.31284
-1.31209
-1.3121
-1.31179
-1.31134
-1.31058
-1.30968
-1.30832
-1.30742
-1.30651
-1.30727
-1.30742
-1.30832
-1.30816
-1.3074
-1.30741
-1.30771
-1.30802
-1.30711
-1.30741
-1.30681
-1.30606
-1.3056
-1.30636
-1.30711
-1.30771
-1.30695
-1.3074
-1.30861
-1.30741
-1.30666
-1.30848
-1.30834
-1.30759
-1.30804
-1.30908
-1.30952
-1.30921
-1.30892
-1.31044
-1.31014
-1.31013
-1.31134
-1.3127
-1.31225
-1.31226
-1.31166
-1.31196
-1.31135
-1.31075
-1.31075
-1.3106
-1.30969
-1.30908
-1.30923
-1.30772
-1.30817
-1.30787
-1.30848
-1.30697
-1.30652
-1.30713
-1.30637
-1.30728
-1.30637
-1.30726
-1.30756
-1.30742
-1.30834
-1.3082
-1.30865
-1.30879
-1.30818
-1.30818
-1.30788
-1.30848
-1.30833
-1.30832
-1.30847
-1.30802
-1.30711
-1.30651
-1.30697
-1.30682
-1.30547
-1.30547
-1.30622
-1.30561
-1.30546
-1.30636
-1.3053
-1.30515
-1.30561
-1.30621
-1.30561
-1.30636
-1.30545
-1.3053
-1.30318
-1.30394
-1.3041
-1.3041
-1.30517
-1.30547
-1.30532
-1.30501
-1.30682
-1.30621
-1.30727
-1.30787
-1.30818
-1.30788
-1.30819
-1.30774
-1.30699
-1.30698
-1.30803
-1.30727
-1.30818
-1.30863
-1.30848
-1.30878
-1.30893
-1.30863
-1.30909
-1.30895
-1.3088
-1.30804
-1.30834
-1.3106
-1.30998
-1.31013
-1.30954
-1.31046
-1.31032
-1.31002
-1.30971
-1.31076
-1.31091
-1.31181
-1.31121
-1.31045
-1.3109
-1.31074
-1.31059
-1.30953
-1.30955
-1.31031
-1.30895
-1.3097
-1.30999
-1.31088
-1.30997
-1.30892
-1.30878
-1.30969
-1.30743
-1.30789
-1.30744
-1.30758
-1.30818
-1.30818
-1.30803
-1.30713
-1.30894
-1.30908
-1.3074
-1.3068
-1.30636
-1.30712
-1.30682
-1.30773
-1.30742
-1.30817
-1.30923
-1.30953
-1.30893
-1.30924
-1.30758
-1.30834
-1.30878
-1.30878
-1.30938
-1.30878
-1.30863
-1.30969
-1.31044
-1.31028
-1.30967
-1.30891
-1.30923
-1.30818
-1.30878
-1.30818
-1.30788
-1.30894
-1.30818
-1.30863
-1.30788
-1.30681
-1.30636
-1.30666
-1.30803
-1.30818
-1.30697
-1.3062
-1.30635
-1.30635
-1.30576
-1.30622
-1.30637
-1.30592
-1.30622
-1.30576
-1.30471
-1.30395
-1.30425
-1.3047
-1.30394
-1.30379
-1.30424
-1.30409
-1.30454
-1.30348
-1.30439
-1.30303
-1.30334
-1.30379
-1.30409
-1.30515
-1.30515
-1.30395
-1.3044
-1.30455
-1.30471
-1.30531
-1.30456
-1.305
-1.30651
-1.30666
-1.3059
-1.3062
-1.3059
-1.30635
-1.30711
-1.30742
-1.30712
-1.30803
-1.30742
-1.30801
-1.30801
-1.30772
-1.30758
-1.30788
-1.30743
-1.30803
-1.30788
-1.30773
-1.30818
-1.30804
-1.30698
-1.30697
-1.30605
-1.30665
-1.30666
-1.30622
-1.30698
-1.30697
-1.30713
-1.30728
-1.30653
-1.30652
-1.30621
-1.30592
-1.30848
-1.30818
-1.30833
-1.30878
-1.30833
-1.30969
-1.30908
-1.31059
-1.31044
-1.31044
-1.31014
-1.30909
-1.30954
-1.30878
-1.30757
-1.30788
-1.30818
-1.30893
-1.30878
-1.30938
-1.30908
-1.30908
-1.30772
-1.30637
-1.30638
-1.30729
-1.30728
-1.30637
-1.30576
-1.30515
-1.30409
-1.30365
-1.30321
-1.30291
-1.30366
-1.30334
-1.30423
-1.30439
-1.3047
-1.30441
-1.30487
-1.30592
-1.30607
-1.30576
-1.30531
-1.30485
-1.30485
-1.30485
-1.30531
-1.30546
-1.3053
-1.30425
-1.3041
-1.30651
-1.30636
-1.30621
-1.30561
-1.30622
-1.30622
-1.30712
-1.30877
-1.30907
-1.30892
-1.30832
-1.30832
-1.30711
-1.30606
-1.30651
-1.30697
-1.30697
-1.30788
-1.30817
-1.30908
-1.30907
-1.30832
-1.30847
-1.30726
-1.30696
-1.30606
-1.30636
-1.30622
-1.30531
-1.30607
-1.30682
-1.30743
-1.30939
-1.30968
-1.31149
-1.31149
-1.31089
-1.31104
-1.31029
-1.31059
-1.31014
-1.31044
-1.30998
-1.31043
-1.31044
-1.31045
-1.3106
-1.30954
-1.30863
-1.30772
-1.30802
-1.30727
-1.30696
-1.30665
-1.30665
-1.30666
-1.30697
-1.30486
-1.3047
-1.30379
-1.30302
-1.30362
-1.30332
-1.30377
-1.30438
-1.30378
-1.30379
-1.30395
-1.30289
-1.30394
-1.30499
-1.30544
-1.30423
-1.30514
-1.30666
-1.30787
-1.30757
-1.30696
-1.30681
-1.30711
-1.30741
-1.30741
-1.30621
-1.30606
-1.30546
-1.30726
-1.30695
-1.30694
-1.30755
-1.30892
-1.30953
-1.30923
-1.30999
-1.30908
-1.30893
-1.31089
-1.31119
-1.31013
-1.30908
-1.31012
-1.30921
-1.30983
-1.30908
-1.30939
-1.30848
-1.30818
-1.30908
-1.31073
-1.31088
-1.31088
-1.30968
-1.30938
-1.30938
-1.30983
-1.30877
-1.30937
-1.30907
-1.30847
-1.30863
-1.30954
-1.31105
-1.31044
-1.31089
-1.31013
-1.31058
-1.31043
-1.30967
-1.31072
-1.31118
-1.30937
-1.30878
-1.30923
-1.30878
-1.30908
-1.30968
-1.31013
-1.31057
-1.30967
-1.30997
-1.30861
-1.30816
-1.30862
-1.30862
-1.30877
-1.30953
-1.30953
-1.30953
-1.30938
-1.30953
-1.31074
-1.31059
-1.30999
-1.30833
-1.30771
-1.30785
-1.30785
-1.30831
-1.30832
-1.30938
-1.30892
-1.30832
-1.30938
-1.30862
-1.30802
-1.30847
-1.31028
-1.30922
-1.30984
-1.30999
-1.30953
-1.30921
-1.3086
-1.30936
-1.30921
-1.30952
-1.30953
-1.30938
-1.30923
-1.30983
-1.30953
-1.30953
-1.30953
-1.30877
-1.30997
-1.3092
-1.3086
-1.30967
-1.31013
-1.31104
-1.3115
-1.31089
-1.30968
-1.30938
-1.30923
-1.30877
-1.30922
-1.31043
-1.31042
-1.31072
-1.31086
-1.31071
-1.31027
-1.31028
-1.30818
-1.30909
-1.30984
-1.30908
-1.30877
-1.30908
-1.31014
-1.31014
-1.3109
-1.31028
-1.31057
-1.30951
-1.30997
-1.31013
-1.3106
-1.3106
-1.31105
-1.30908
-1.30968
-1.31028
-1.31104
-1.31074
-1.31074
-1.31089
-1.31029
-1.30998
-1.31058
-1.31027
-1.30997
-1.30997
-1.31118
-1.31074
-1.31059
-1.31134
-1.31103
-1.30998
-1.30983
-1.30922
-1.30877
-1.30786
-1.30892
-1.30861
-1.30922
-1.31028
-1.31089
-1.31013
-1.30967
-1.30967
-1.30982
-1.30922
-1.30999
-1.31166
-1.31105
-1.3118
-1.31224
-1.31133
-1.31283
-1.31193
-1.31057
-1.31119
-1.30984
-1.30999
-1.30954
-1.30953
-1.30938
-1.30922
-1.30922
-1.30877
-1.30817
-1.30726
-1.30727
-1.30711
-1.30756
-1.30786
-1.30802
-1.30696
-1.30726
-1.30755
-1.30649
-1.30665
-1.30621
-1.30516
-1.30532
-1.30577
-1.30562
-1.30516
-1.3053
-1.30469
-1.30454
-1.30423
-1.30454
-1.30454
-1.30515
-1.30379
-1.30409
-1.30546
-1.30531
-1.30622
-1.30576
-1.3056
-1.30499
-1.30529
-1.3065
-1.30666
-1.30696
-1.30605
-1.30469
-1.30439
-1.30514
-1.30484
-1.30605
-1.30635
-1.30605
-1.30651
-1.30848
-1.30878
-1.30984
-1.30953
-1.31059
-1.31089
-1.31013
-1.30953
-1.30938
-1.30983
-1.31029
-1.31059
-1.31029
-1.31013
-1.30936
-1.30951
-1.30937
-1.30984
-1.30985
-1.31045
-1.31
-1.30909
-1.30788
-1.30788
-1.30622
-1.30501
-1.30501
-1.30439
-1.30454
-1.30393
-1.30408
-1.30454
-1.305
-1.305
-1.30606
-1.30666
-1.30727
-1.30863
-1.30848
-1.30863
-1.30923
-1.31029
-1.30984
-1.31044
-1.30969
-1.30969
-1.30938
-1.30968
-1.30969
-1.30984
-1.31029
-1.30863
-1.30772
-1.30772
-1.30847
-1.30772
-1.30924
-1.30803
-1.30909
-1.30727
-1.30652
-1.30591
-1.3053
-1.3059
-1.30484
-1.30606
-1.30622
-1.30622
-1.30592
-1.30728
-1.30728
-1.30637
-1.30697
-1.30742
-1.30727
-1.30757
-1.30681
-1.30636
-1.30711
-1.30727
-1.30772
-1.30833
-1.30848
-1.30893
-1.30681
-1.30711
-1.30682
-1.30622
-1.30652
-1.30576
-1.30576
-1.3053
-1.30409
-1.30424
-1.30394
-1.30289
-1.30365
-1.30576
-1.3065
-1.3068
-1.30634
-1.30484
-1.30605
-1.30696
-1.30802
-1.30697
-1.30818
-1.30712
-1.30728
-1.30621
-1.30681
-1.30635
-1.30544
-1.3068
-1.30711
-1.30787
-1.30787
-1.30758
-1.30864
-1.30758
-1.30788
-1.30863
-1.30893
-1.30982
-1.30967
-1.30815
-1.30785
-1.30756
-1.3062
-1.30712
-1.30788
-1.30818
-1.30833
-1.30802
-1.30787
-1.30847
-1.30968
-1.31043
-1.30953
-1.30969
-1.31075
-1.3106
-1.30953
-1.31059
-1.31105
-1.31075
-1.31014
-1.31043
-1.31073
-1.31088
-1.31255
-1.31241
-1.31211
-1.3103
-1.30938
-1.30847
-1.30921
-1.308
-1.30831
-1.30832
-1.30893
-1.30954
-1.30863
-1.30817
-1.30772
-1.30803
-1.30849
-1.30908
-1.30862
-1.30983
-1.30907
-1.30908
-1.30938
-1.30817
-1.30771
-1.30877
-1.30908
-1.31014
-1.31015
-1.31181
-1.31195
-1.3127
-1.31163
-1.31103
-1.31103
-1.31028
-1.31074
-1.31089
-1.30999
-1.31
-1.31
-1.30985
-1.30969
-1.30908
-1.30877
-1.30785
-1.3083
-1.30891
-1.30801
-1.30802
-1.30802
-1.30908
-1.30833
-1.30862
-1.30771
-1.30847
-1.30892
-1.30907
-1.30983
-1.31028
-1.31118
-1.31193
-1.31148
-1.31163
-1.3121
-1.31135
-1.3112
-1.30924
-1.31045
-1.31044
-1.31014
-1.31013
-1.31013
-1.30983
-1.30998
-1.30938
-1.30877
-1.30832
-1.30771
-1.30665
-1.3071
-1.30666
-1.30772
-1.30817
-1.30756
-1.30635
-1.30604
-1.30575
-1.30666
-1.30576
-1.3047
-1.30439
-1.30499
-1.30484
-1.30378
-1.30484
-1.3059
-1.3068
-1.3062
-1.30725
-1.3068
-1.3065
-1.30711
-1.30817
-1.30877
-1.30923
-1.30862
-1.30892
-1.30831
-1.30756
-1.30726
-1.3062
-1.30726
-1.30711
-1.30589
-1.30619
-1.3065
-1.30545
-1.30485
-1.30425
-1.3047
-1.3053
-1.3065
-1.30786
-1.30771
-1.30832
-1.30818
-1.30863
-1.30893
-1.30892
-1.31013
-1.31058
-1.31103
-1.31058
-1.30967
-1.31104
-1.31044
-1.3106
-1.31075
-1.3103
-1.30984
-1.31013
-1.31058
-1.31133
-1.31134
-1.31149
-1.31285
-1.31134
-1.3118
-1.31059
-1.30924
-1.30894
-1.30833
-1.30817
-1.30831
-1.30785
-1.30875
-1.308
-1.30725
-1.30771
-1.30772
-1.30894
-1.3091
-1.3091
-1.30864
-1.30771
-1.308
-1.30739
-1.30649
-1.30651
-1.30576
-1.30561
-1.30607
-1.30576
-1.3053
-1.30531
-1.30516
-1.30471
-1.30425
-1.30455
-1.30514
-1.30559
-1.30589
-1.30589
-1.3053
-1.30576
-1.30651
-1.30711
-1.30772
-1.30862
-1.30847
-1.30696
-1.30711
-1.3065
-1.3068
-1.30726
-1.30787
-1.30923
-1.30818
-1.30727
-1.30636
-1.30651
-1.30591
-1.30455
-1.30304
-1.30335
-1.30335
-1.305
-1.30619
-1.30679
-1.30725
-1.30651
-1.30592
-1.30652
-1.30561
-1.30667
-1.30622
-1.30744
-1.30713
-1.30788
-1.30741
-1.30755
-1.30634
-1.30544
-1.30545
-1.30576
-1.30546
-1.30682
-1.30652
-1.30607
-1.30577
-1.30576
-1.3047
-1.30621
-1.30635
-1.30605
-1.30589
-1.30619
-1.30619
-1.3071
-1.30726
-1.30787
-1.30817
-1.30787
-1.30771
-1.30785
-1.30921
-1.30846
-1.30922
-1.30923
-1.30833
-1.30818
-1.30878
-1.30923
-1.31043
-1.31028
-1.30983
-1.30952
-1.30922
-1.30832
-1.30831
-1.30726
-1.3062
-1.30454
-1.30394
-1.30454
-1.30498
-1.30619
-1.30694
-1.30709
-1.30725
-1.30771
-1.30787
-1.30712
-1.30713
-1.30712
-1.30712
-1.30756
-1.3065
-1.30755
-1.30755
-1.30755
-1.30694
-1.3074
-1.30801
-1.30817
-1.30878
-1.30833
-1.30817
-1.30892
-1.30984
-1.3103
-1.3115
-1.31119
-1.31073
-1.31269
-1.31134
-1.31119
-1.3112
-1.3112
-1.31195
-1.313
-1.3133
-1.313
-1.31467
-1.31467
-1.31361
-1.31436
-1.31405
-1.3139
-1.3133
-1.31315
-1.31315
-1.3136
-1.31374
-1.31344
-1.31404
-1.31389
-1.31374
-1.31269
-1.3136
-1.31344
-1.3139
-1.31344
-1.31314
-1.31223
-1.31042
-1.30937
-1.30847
-1.30802
-1.30879
-1.30864
-1.30772
-1.30816
-1.308
-1.30724
-1.30649
-1.30679
-1.3077
-1.3071
-1.30726
-1.30607
-1.30713
-1.30667
-1.30756
-1.30891
-1.30951
-1.30951
-1.30906
-1.31088
-1.31058
-1.31059
-1.30968
-1.30893
-1.30787
-1.30817
-1.30696
-1.3068
-1.30755
-1.30771
-1.30801
-1.30907
-1.31012
-1.30967
-1.30997
-1.30967
-1.31028
-1.31028
-1.30982
-1.30998
-1.30984
-1.30909
-1.30939
-1.30908
-1.30846
-1.30724
-1.30588
-1.30634
-1.3065
-1.3068
-1.30665
-1.3068
-1.30513
-1.30498
-1.30483
-1.30573
-1.30679
-1.3071
-1.30664
-1.3068
-1.30559
-1.30756
-1.30847
-1.31013
-1.31027
-1.30921
-1.30816
-1.30907
-1.30801
-1.30846
-1.30997
-1.31073
-1.31058
-1.31103
-1.31133
-1.31163
-1.31072
-1.30982
-1.30952
-1.30982
-1.30952
-1.30861
-1.30952
-1.30936
-1.30981
-1.31041
-1.30906
-1.31088
-1.31179
-1.3121
-1.31209
-1.31239
-1.31269
-1.31239
-1.31209
-1.31209
-1.31209
-1.31194
-1.31224
-1.31268
-1.31177
-1.31132
-1.31133
-1.31118
-1.31179
-1.31088
-1.31058
-1.30997
-1.31057
-1.31133
-1.30968
-1.30984
-1.30938
-1.30846
-1.30814
-1.30905
-1.30846
-1.30877
-1.30862
-1.30832
-1.30786
-1.30725
-1.30709
-1.3074
-1.3071
-1.3062
-1.3065
-1.3059
-1.30665
-1.30635
-1.3074
-1.30619
-1.30558
-1.30422
-1.30302
-1.30348
-1.30333
-1.30378
-1.30423
-1.30559
-1.30665
-1.30665
-1.30604
-1.30635
-1.30604
-1.3062
-1.30484
-1.30454
-1.30439
-1.30348
-1.30379
-1.30378
-1.30378
-1.30438
-1.30363
-1.30395
-1.3044
-1.30455
-1.30469
-1.30619
-1.30529
-1.30347
-1.30423
-1.30499
-1.30453
-1.30378
-1.30363
-1.30453
-1.30529
-1.30589
-1.30604
-1.3062
-1.3065
-1.30515
-1.30515
-1.305
-1.30637
-1.30727
-1.30727
-1.30711
-1.30726
-1.30739
-1.30769
-1.3083
-1.30922
-1.30833
-1.30803
-1.30728
-1.30742
-1.30742
-1.30787
-1.30787
-1.30832
-1.30786
-1.3074
-1.3086
-1.30861
-1.30771
-1.30771
-1.30817
-1.30848
-1.30923
-1.30848
-1.30863
-1.30712
-1.30787
-1.30847
-1.30907
-1.30876
-1.3077
-1.30862
-1.30877
-1.30908
-1.30924
-1.30924
-1.3097
-1.3097
-1.30864
-1.30938
-1.31013
-1.31028
-1.30817
-1.30922
-1.30816
-1.30771
-1.30756
-1.30712
-1.30863
-1.30909
-1.30939
-1.30999
-1.31089
-1.30847
-1.30726
-1.30741
-1.30816
-1.30847
-1.30862
-1.30923
-1.31075
-1.31029
-1.31044
-1.31089
-1.31134
-1.31135
-1.31015
-1.31075
-1.31042
-1.31043
-1.31181
-1.31167
-1.31151
-1.3121
-1.31134
-1.31119
-1.3124
-1.31361
-1.31421
-1.31331
-1.31467
-1.31392
-1.31211
-1.31135
-1.31089
-1.31044
-1.30984
-1.30909
-1.30955
-1.30894
-1.30772
-1.30695
-1.30726
-1.30787
-1.30712
-1.30817
-1.30803
-1.30758
-1.30743
-1.30788
-1.30697
-1.30621
-1.30651
-1.30682
-1.30697
-1.30788
-1.30833
-1.30938
-1.30998
-1.30953
-1.30893
-1.30938
-1.30907
-1.30892
-1.30893
-1.30849
-1.3088
-1.3094
-1.30955
-1.3094
-1.30909
-1.30938
-1.30968
-1.31028
-1.31013
-1.31043
-1.31119
-1.31165
-1.31105
-1.31166
-1.31242
-1.31302
-1.31211
-1.31241
-1.31165
-1.3121
-1.3121
-1.3118
-1.31119
-1.30983
-1.3109
-1.3103
-1.31091
-1.31197
-1.31151
-1.31091
-1.30971
-1.3085
-1.30713
-1.30697
-1.30712
-1.30682
-1.30743
-1.30668
-1.30714
-1.30683
-1.30668
-1.30803
-1.30923
-1.30817
-1.30893
-1.30939
-1.30939
-1.30909
-1.3103
-1.31135
-1.31045
-1.31106
-1.3103
-1.30924
-1.31029
-1.30953
-1.31072
-1.31224
-1.31149
-1.31226
-1.31332
-1.31333
-1.31258
-1.31333
-1.31333
-1.31257
-1.31318
-1.31423
-1.31453
-1.31589
-1.31483
-1.31453
-1.31378
-1.31332
-1.31392
-1.31391
-1.31376
-1.31271
-1.31272
-1.31212
-1.31212
-1.31242
-1.31167
-1.31031
-1.31076
-1.31151
-1.31286
-1.3115
-1.31241
-1.31151
-1.31121
-1.31152
-1.31197
-1.31165
-1.31195
-1.31106
-1.31212
-1.31181
-1.3121
-1.3118
-1.31092
-1.31092
-1.31001
-1.3088
-1.3097
-1.31061
-1.3109
-1.31075
-1.31105
-1.31074
-1.31029
-1.31029
-1.3106
-1.3112
-1.31181
-1.31105
-1.3109
-1.31075
-1.31075
-1.31166
-1.31015
-1.31
-1.30924
-1.30924
-1.30955
-1.3097
-1.30804
-1.30773
-1.30879
-1.30955
-1.30894
-1.30834
-1.30759
-1.30759
-1.30638
-1.30577
-1.30638
-1.30547
-1.30532
-1.30501
-1.30546
-1.305
-1.30575
-1.30636
-1.30652
-1.30562
-1.30593
-1.30728
-1.30682
-1.30652
-1.30682
-1.30758
-1.30803
-1.30728
-1.30788
-1.30743
-1.30788
-1.30667
-1.30713
-1.30744
-1.30653
-1.30622
-1.30636
-1.30591
-1.30607
-1.30441
-1.30457
-1.30411
-1.30486
-1.30425
-1.30621
-1.30636
-1.30682
-1.30652
-1.30698
-1.30623
-1.30608
-1.30577
-1.30682
-1.30682
-1.30607
-1.30606
-1.30546
-1.3035
-1.30426
-1.30442
-1.30624
-1.30669
-1.30669
-1.30607
-1.30726
-1.30712
-1.30622
-1.30593
-1.30622
-1.30607
-1.30622
-1.30652
-1.30638
-1.30577
-1.30653
-1.30683
-1.30471
-1.30395
-1.30531
-1.30531
-1.3044
-1.30485
-1.30395
-1.3029
-1.30186
-1.3017
-1.30153
-1.30136
-1.30227
-1.30228
-1.30199
-1.30199
-1.30274
-1.30138
-1.30244
-1.30289
-1.3038
-1.3038
-1.30576
-1.30697
-1.30652
-1.30576
-1.30652
-1.30682
-1.30788
-1.30652
-1.30698
-1.30562
-1.30668
-1.30546
-1.30607
-1.30546
-1.3047
-1.3047
-1.3044
-1.30485
-1.30379
-1.305
-1.3047
-1.30439
-1.305
-1.30456
-1.30502
-1.30563
-1.30563
-1.30547
-1.30577
-1.30698
-1.30592
-1.30607
-1.30576
-1.30576
-1.30681
-1.30666
-1.30727
-1.30622
-1.30561
-1.30516
-1.30517
-1.30532
-1.30486
-1.30607
-1.30682
-1.30591
-1.30591
-1.30607
-1.30471
-1.30562
-1.30562
-1.30472
-1.30381
-1.30336
-1.3029
-1.30304
-1.30424
-1.30363
-1.30408
-1.30363
-1.30348
-1.30319
-1.30395
-1.30501
-1.30652
-1.30727
-1.30742
-1.30817
-1.30862
-1.30726
-1.30711
-1.30681
-1.30651
-1.30561
-1.30681
-1.30651
-1.30696
-1.30727
-1.30772
-1.30741
-1.30771
-1.30665
-1.30559
-1.30726
-1.30786
-1.30726
-1.30757
-1.30832
-1.30696
-1.30802
-1.30801
-1.30771
-1.30514
-1.30485
-1.30485
-1.30441
-1.30426
-1.30456
-1.30441
-1.30394
-1.30469
-1.30484
-1.30545
-1.30577
-1.30592
-1.30728
-1.30833
-1.30818
-1.30909
-1.31
-1.3109
-1.31059
-1.31088
-1.31164
-1.3112
-1.3103
-1.31015
-1.31091
-1.31152
-1.31196
-1.31255
-1.3133
-1.3139
-1.31345
-1.31376
-1.31423
-1.31257
-1.31287
-1.31272
-1.31166
-1.31121
-1.31105
-1.31014
-1.31104
-1.30998
-1.30968
-1.31042
-1.31073
-1.30998
-1.31075
-1.31076
-1.31182
-1.31257
-1.31317
-1.31362
-1.31316
-1.3118
-1.31135
-1.31226
-1.31241
-1.31045
-1.31241
-1.31105
-1.31075
-1.31089
-1.30983
-1.30893
-1.30924
-1.30848
-1.30758
-1.30848
-1.30879
-1.30833
-1.30893
-1.30757
-1.30818
-1.30894
-1.30924
-1.31014
-1.30999
-1.30983
-1.31044
-1.30953
-1.30999
-1.30969
-1.30849
-1.30864
-1.30833
-1.30939
-1.30984
-1.30968
-1.30999
-1.31029
-1.30984
-1.31045
-1.31135
-1.31075
-1.31074
-1.30938
-1.30969
-1.30818
-1.30849
-1.30773
-1.30803
-1.30697
-1.30637
-1.30576
-1.30591
-1.30651
-1.30742
-1.30681
-1.30591
-1.30637
-1.30698
-1.30607
-1.30683
-1.30652
-1.30667
-1.30576
-1.30591
-1.30532
-1.30472
-1.30366
-1.30502
-1.30531
-1.30666
-1.30697
-1.30698
-1.30775
-1.3088
-1.30865
-1.30895
-1.30835
-1.30758
-1.30742
-1.30712
-1.30652
-1.30684
-1.3076
-1.30775
-1.3088
-1.30849
-1.30924
-1.30758
-1.30607
-1.30698
-1.30728
-1.30667
-1.30713
-1.30728
-1.30849
-1.30849
-1.30925
-1.30789
-1.30925
-1.3094
-1.30969
-1.31029
-1.3109
-1.3106
-1.31167
-1.31137
-1.31001
-1.30926
-1.3094
-1.30759
-1.30849
-1.30894
-1.30879
-1.30955
-1.31017
-1.31063
-1.31137
-1.31211
-1.31105
-1.31045
-1.3094
-1.30925
-1.31031
-1.3088
-1.3091
-1.30984
-1.30969
-1.30848
-1.30969
-1.30985
-1.30925
-1.30864
-1.30864
-1.30743
-1.30727
-1.30833
-1.30848
-1.30803
-1.30713
-1.30652
-1.30788
-1.30803
-1.30712
-1.30803
-1.30895
-1.30834
-1.30895
-1.3094
-1.30894
-1.30849
-1.30848
-1.30954
-1.30968
-1.30863
-1.30879
-1.3097
-1.30926
-1.30851
-1.30865
-1.3079
-1.30774
-1.30743
-1.30742
-1.30727
-1.30682
-1.30547
-1.30668
-1.30653
-1.30653
-1.30652
-1.30818
-1.30758
-1.30773
-1.30773
-1.30758
-1.30773
-1.30849
-1.30803
-1.30819
-1.30879
-1.30833
-1.30969
-1.30999
-1.30893
-1.31015
-1.30985
-1.30941
-1.3079
-1.30759
-1.30774
-1.30803
-1.30773
-1.30834
-1.30803
-1.30818
-1.30832
-1.30787
-1.30803
-1.30849
-1.30955
-1.30986
-1.30911
-1.30865
-1.3088
-1.30819
-1.30773
-1.30666
-1.30696
-1.30666
-1.30652
-1.30652
-1.30713
-1.30744
-1.30714
-1.30759
-1.30804
-1.30697
-1.30636
-1.30606
-1.30682
-1.30607
-1.30607
-1.30637
-1.30712
-1.30651
-1.30787
-1.30772
-1.30773
-1.30697
-1.30773
-1.30788
-1.30834
-1.30773
-1.30638
-1.30728
-1.30773
-1.30757
-1.30848
-1.30803
-1.30893
-1.30877
-1.30863
-1.3088
-1.30759
-1.3088
-1.30774
-1.30698
-1.30774
-1.30789
-1.30819
-1.30864
-1.31
-1.30895
-1.30804
-1.30789
-1.30683
-1.30682
-1.30863
-1.30864
-1.30834
-1.30971
-1.30926
-1.30986
-1.30955
-1.30985
-1.31015
-1.31015
-1.3109
-1.31105
-1.31165
-1.31015
-1.3103
-1.30985
-1.31075
-1.30969
-1.30954
-1.31029
-1.30984
-1.30939
-1.30925
-1.3097
-1.3103
-1.31105
-1.31166
-1.31137
-1.31122
-1.31137
-1.31166
-1.31135
-1.3115
-1.31015
-1.31091
-1.31182
-1.31075
-1.3106
-1.30984
-1.31015
-1.30985
-1.3088
-1.30895
-1.30804
-1.30788
-1.30788
-1.30803
-1.30758
-1.30819
-1.30819
-1.30729
-1.30684
-1.30744
-1.30774
-1.30668
-1.30773
-1.30969
-1.30924
-1.30909
-1.30788
-1.30698
-1.30713
-1.30849
-1.30803
-1.30742
-1.30803
-1.30864
-1.30744
-1.30729
-1.30805
-1.3085
-1.30865
-1.3088
-1.30955
-1.30969
-1.30909
-1.31045
-1.31046
-1.31046
-1.31122
-1.31016
-1.31136
-1.31121
-1.3115
-1.31286
-1.31331
-1.31392
-1.31392
-1.31393
-1.31348
-1.31454
-1.315
-1.31485
-1.31393
-1.31513
-1.31649
-1.31588
-1.31573
-1.31679
-1.31695
-1.31681
-1.3153
-1.31484
-1.31393
-1.31438
-1.31528
-1.31423
-1.31317
-1.31392
-1.31408
-1.31256
-1.31332
-1.31423
-1.31438
-1.31409
-1.31469
-1.31559
-1.31468
-1.31437
-1.31407
-1.31377
-1.31303
-1.31364
-1.31425
-1.31304
-1.31258
-1.31286
-1.31315
-1.31135
-1.31197
-1.31138
-1.31107
-1.31152
-1.31137
-1.31106
-1.31196
-1.31029
-1.31089
-1.3115
-1.3118
-1.31287
-1.31303
-1.31318
-1.31243
-1.31272
-1.31347
-1.3124
-1.31164
-1.31149
-1.31149
-1.31256
-1.31091
-1.31167
-1.31015
-1.30954
-1.30788
-1.30757
-1.30696
-1.30681
-1.30711
-1.30756
-1.30771
-1.30772
-1.30787
-1.30652
-1.30743
-1.30849
-1.30804
-1.30758
-1.30893
-1.30893
-1.30998
-1.31059
-1.30924
-1.30985
-1.30971
-1.30896
-1.31001
-1.30985
-1.30983
-1.30997
-1.31042
-1.30968
-1.30878
-1.30804
-1.30955
-1.3103
-1.31029
-1.3112
-1.31135
-1.31121
-1.30955
-1.31045
-1.3097
-1.31015
-1.31104
-1.31134
-1.31057
-1.3086
-1.30921
-1.30801
-1.30606
-1.30591
-1.30561
-1.30697
-1.30757
-1.30847
-1.30817
-1.30757
-1.30726
-1.30802
-1.30802
-1.30741
-1.30877
-1.30847
-1.30983
-1.30969
-1.31014
-1.31029
-1.31044
-1.30998
-1.30892
-1.30877
-1.30983
-1.31028
-1.31028
-1.31104
-1.31044
-1.31044
-1.31059
-1.30998
-1.31013
-1.30983
-1.30967
-1.30907
-1.30846
-1.30922
-1.30938
-1.30909
-1.31105
-1.31166
-1.3115
-1.31104
-1.30983
-1.30938
-1.30817
-1.30742
-1.30787
-1.30802
-1.30832
-1.30938
-1.30893
-1.30938
-1.30816
-1.30725
-1.30877
-1.30984
-1.30788
-1.30758
-1.30788
-1.30818
-1.30802
-1.30908
-1.30831
-1.30967
-1.31012
-1.30907
-1.30832
-1.30848
-1.30834
-1.30698
-1.30713
-1.30863
-1.30816
-1.30861
-1.30967
-1.30922
-1.30923
-1.30984
-1.30818
-1.30985
-1.31045
-1.31013
-1.30997
-1.31026
-1.31027
-1.30877
-1.30954
-1.30985
-1.30954
-1.30938
-1.30907
-1.30921
-1.30921
-1.31041
-1.31147
-1.31087
-1.31012
-1.31043
-1.31134
-1.30922
-1.30877
-1.30756
-1.30862
-1.30862
-1.30741
-1.3062
-1.30544
-1.30483
-1.30468
-1.30453
-1.30407
-1.30377
-1.30438
-1.30635
-1.30636
-1.30606
-1.30605
-1.3056
-1.30635
-1.30604
-1.3071
-1.30634
-1.3062
-1.30711
-1.30726
-1.3074
-1.30861
-1.30936
-1.30906
-1.30906
-1.30952
-1.30846
-1.30862
-1.30923
-1.30923
-1.30968
-1.30907
-1.30906
-1.30906
-1.30952
-1.31042
-1.31012
-1.30996
-1.3092
-1.3083
-1.30875
-1.31012
-1.30997
-1.30953
-1.30968
-1.30983
-1.30877
-1.30967
-1.30801
-1.30771
-1.30635
-1.30543
-1.30557
-1.30437
-1.30438
-1.30348
-1.30409
-1.30439
-1.30515
-1.30378
-1.30468
-1.30453
-1.30499
-1.30483
-1.30347
-1.30453
-1.30378
-1.30349
-1.30333
-1.30393
-1.30483
-1.30559
-1.30498
-1.30454
-1.30394
-1.30469
-1.30348
-1.30272
-1.3021
-1.30118
-1.30057
-1.30256
-1.30228
-1.30184
-1.30123
-1.30153
-1.30092
-1.30122
-1.30152
-1.30363
-1.30423
-1.30332
-1.30272
-1.30272
-1.30241
-1.30257
-1.30243
-1.30334
-1.30304
-1.30364
-1.30438
-1.30407
-1.30466
-1.30406
-1.30392
-1.30363
-1.30243
-1.30289
-1.30516
-1.30501
-1.30455
-1.30394
-1.30393
-1.30408
-1.30483
-1.30588
-1.30497
-1.30467
-1.30422
-1.30619
-1.30605
-1.3059
-1.305
-1.3047
-1.30333
-1.30484
-1.30634
-1.30588
-1.30603
-1.30678
-1.30588
-1.30438
-1.30347
-1.30241
-1.30166
-1.30196
-1.30137
-1.30198
-1.30063
-1.30078
-1.30032
-1.30016
-1.30015
-1.29908
-1.29923
-1.29954
-1.29908
-1.29939
-1.3009
-1.30181
-1.30226
-1.30272
-1.30212
-1.30349
-1.30243
-1.30213
-1.30258
-1.30332
-1.30332
-1.30422
-1.30498
-1.30439
-1.30455
-1.3053
-1.30606
-1.305
-1.30469
-1.30559
-1.30453
-1.30423
-1.30333
-1.30348
-1.30348
-1.30439
-1.30589
-1.30619
-1.3068
-1.30786
-1.30695
-1.30862
-1.30832
-1.30817
-1.30727
-1.30892
-1.30892
-1.30937
-1.30816
-1.30816
-1.3071
-1.30892
-1.30922
-1.30771
-1.30772
-1.30833
-1.30863
-1.30924
-1.30953
-1.30893
-1.30952
-1.31028
-1.31073
-1.3118
-1.3115
-1.31179
-1.31133
-1.31042
-1.31073
-1.31014
-1.30939
-1.30984
-1.30939
-1.30969
-1.30923
-1.30953
-1.31027
-1.31027
-1.31026
-1.31057
-1.31163
-1.31028
-1.30967
-1.30922
-1.30968
-1.30998
-1.31088
-1.31134
-1.31194
-1.31254
-1.31314
-1.31284
-1.31239
-1.31133
-1.31149
-1.31225
-1.3118
-1.3115
-1.31074
-1.31073
-1.31011
-1.3095
-1.30981
-1.30922
-1.30953
-1.31029
-1.30908
-1.30833
-1.30908
-1.30907
-1.30982
-1.31012
-1.31027
-1.30937
-1.31135
-1.30984
-1.31029
-1.31058
-1.31042
-1.31012
-1.31117
-1.30996
-1.30981
-1.30951
-1.30936
-1.30922
-1.30982
-1.31012
-1.30967
-1.30906
-1.30815
-1.30724
-1.30754
-1.30815
-1.30771
-1.30877
-1.30999
-1.30999
-1.31013
-1.30967
-1.30937
-1.31089
-1.31044
-1.31073
-1.31041
-1.30979
-1.30919
-1.3089
-1.30937
-1.31013
-1.30968
-1.31058
-1.31073
-1.30892
-1.30923
-1.30908
-1.30968
-1.30861
-1.30936
-1.31027
-1.31088
-1.31088
-1.30966
-1.31011
-1.3092
-1.30906
-1.30846
-1.30846
-1.30755
-1.30845
-1.30891
-1.30876
-1.31027
-1.31012
-1.31102
-1.31011
-1.31056
-1.31057
-1.31118
-1.31209
-1.31225
-1.31195
-1.31149
-1.31164
-1.31179
-1.31178
-1.31162
-1.31177
-1.31132
-1.31119
-1.31044
-1.3106
-1.31119
-1.31027
-1.31087
-1.31208
-1.31224
-1.31193
-1.31193
-1.31163
-1.31133
-1.31073
-1.31103
-1.3107
-1.31055
-1.30981
-1.31104
-1.31059
-1.30968
-1.30953
-1.30953
-1.31088
-1.30997
-1.30951
-1.30784
-1.30784
-1.30753
-1.30784
-1.30785
-1.30755
-1.3062
-1.30635
-1.30589
-1.3071
-1.30756
-1.3071
-1.30694
-1.3083
-1.30799
-1.3083
-1.30769
-1.30739
-1.30815
-1.30785
-1.30922
-1.31012
-1.30891
-1.30769
-1.30693
-1.30633
-1.30618
-1.3068
-1.30575
-1.30484
-1.30469
-1.305
-1.30575
-1.3056
-1.30604
-1.30619
-1.30619
-1.30679
-1.30755
-1.30755
-1.308
-1.30754
-1.308
-1.30815
-1.30831
-1.30952
-1.30997
-1.31012
-1.30967
-1.30891
-1.30921
-1.30996
-1.30996
-1.30981
-1.30981
-1.30936
-1.30952
-1.30921
-1.3068
-1.30755
-1.30709
-1.30664
-1.30906
-1.30951
-1.30981
-1.31087
-1.31132
-1.31132
-1.31147
-1.31116
-1.31041
-1.3092
-1.30981
-1.30936
-1.30982
-1.30997
-1.30876
-1.30876
-1.30921
-1.31026
-1.31102
-1.31056
-1.31132
-1.30981
-1.31072
-1.31072
-1.31027
-1.30997
-1.31042
-1.30846
-1.308
-1.3077
-1.30785
-1.30861
-1.30906
-1.30982
-1.30982
-1.31028
-1.31029
-1.30924
-1.30893
-1.30816
-1.308
-1.30769
-1.30876
-1.30953
-1.30954
-1.30893
-1.30878
-1.30727
-1.30711
-1.3074
-1.30815
-1.308
-1.30846
-1.30877
-1.30907
-1.30816
-1.30907
-1.30892
-1.30892
-1.30967
-1.30845
-1.30829
-1.30845
-1.30861
-1.30726
-1.30666
-1.30666
-1.3065
-1.30726
-1.3074
-1.30755
-1.3077
-1.3083
-1.30981
-1.31042
-1.30952
-1.30921
-1.30785
-1.30784
-1.30754
-1.308
-1.30905
-1.30966
-1.30996
-1.30966
-1.30951
-1.31012
-1.31027
-1.31072
-1.31042
-1.31087
-1.31042
-1.3092
-1.30859
-1.31025
-1.30919
-1.30874
-1.30829
-1.3098
-1.30906
-1.30966
-1.30982
-1.31088
-1.31194
-1.31149
-1.31073
-1.31102
-1.31056
-1.31025
-1.30995
-1.30981
-1.31027
-1.31057
-1.30996
-1.3098
-1.3095
-1.30995
-1.31056
-1.31027
-1.30967
-1.31104
-1.31104
-1.31043
-1.31072
-1.3104
-1.31009
-1.31024
-1.30919
-1.30935
-1.30951
-1.31012
-1.31013
-1.31059
-1.30953
-1.30907
-1.30906
-1.31101
-1.31176
-1.31191
-1.31085
-1.31055
-1.31056
-1.3098
-1.31071
-1.31087
-1.31117
-1.31072
-1.30997
-1.31088
-1.31087
-1.31102
-1.31056
-1.31026
-1.31011
-1.30996
-1.31011
-1.30966
-1.30904
-1.30874
-1.30814
-1.30694
-1.30604
-1.30619
-1.30648
-1.30633
-1.30633
-1.30634
-1.30619
-1.30588
-1.30543
-1.30603
-1.30677
-1.30813
-1.30828
-1.30919
-1.30845
-1.3083
-1.30951
-1.31163
-1.31254
-1.31208
-1.31056
-1.31146
-1.311
-1.31115
-1.31266
-1.31116
-1.31117
-1.31178
-1.31163
-1.31177
-1.31117
-1.31071
-1.31116
-1.31176
-1.31131
-1.31145
-1.31176
-1.31176
-1.31147
-1.31117
-1.30936
-1.30799
-1.30587
-1.30586
-1.306
-1.3054
-1.30541
-1.30511
-1.30481
-1.30557
-1.30557
-1.30482
-1.30467
-1.30376
-1.30482
-1.30406
-1.3039
-1.30495
-1.3051
-1.30495
-1.30556
-1.30556
-1.30617
-1.30753
-1.30829
-1.30753
-1.30843
-1.30798
-1.30842
-1.30797
-1.30812
-1.30722
-1.30738
-1.30693
-1.30707
-1.30752
-1.30813
-1.30858
-1.30828
-1.30753
-1.30798
-1.30783
-1.30661
-1.30675
-1.3069
-1.30766
-1.30797
-1.30783
-1.30798
-1.3101
-1.3104
-1.30995
-1.31101
-1.31161
-1.3101
-1.3107
-1.31069
-1.31053
-1.31129
-1.31099
-1.31068
-1.31008
-1.31144
-1.31204
-1.3122
-1.31266
-1.3116
-1.3116
-1.3119
-1.3116
-1.3119
-1.31159
-1.31264
-1.3131
-1.3125
-1.31266
-1.31206
-1.31191
-1.31252
-1.31146
-1.31191
-1.31145
-1.31068
-1.31007
-1.31097
-1.3119
-1.31252
-1.31146
-1.31071
-1.31146
-1.3116
-1.31204
-1.31083
-1.31068
-1.31099
-1.311
-1.31039
-1.31205
-1.31144
-1.31219
-1.31068
-1.31053
-1.31113
-1.31069
-1.311
-1.31115
-1.31099
-1.31069
-1.31114
-1.31115
-1.31039
-1.30979
-1.3107
-1.31009
-1.31024
-1.30947
-1.31113
-1.31203
-1.31142
-1.31158
-1.31113
-1.31205
-1.3116
-1.3104
-1.30994
-1.30963
-1.31053
-1.31159
-1.31053
-1.31023
-1.30993
-1.30933
-1.30812
-1.30676
-1.30585
-1.30554
-1.30659
-1.30675
-1.30615
-1.3057
-1.30569
-1.30707
-1.30753
-1.30724
-1.3083
-1.30814
-1.30827
-1.30795
-1.3069
-1.30707
-1.30692
-1.30616
-1.30677
-1.30661
-1.30585
-1.30585
-1.30556
-1.30587
-1.30632
-1.30903
-1.30827
-1.30827
-1.30902
-1.30978
-1.30963
-1.31039
-1.30949
-1.30919
-1.30738
-1.30813
-1.30678
-1.30647
-1.30601
-1.3063
-1.30766
-1.30842
-1.30813
-1.30843
-1.30798
-1.30782
-1.30782
-1.30767
-1.30752
-1.30692
-1.30722
-1.30828
-1.30843
-1.30677
-1.30752
-1.30798
-1.30828
-1.30949
-1.30994
-1.31084
-1.31038
-1.30963
-1.31054
-1.30994
-1.30949
-1.31116
-1.31252
-1.31358
-1.31206
-1.31311
-1.31341
-1.31265
-1.31205
-1.3116
-1.31175
-1.31114
-1.31159
-1.31084
-1.31161
-1.31237
-1.31206
-1.31114
-1.31174
-1.31159
-1.31069
-1.30889
-1.3089
-1.3092
-1.30905
-1.30979
-1.30857
-1.30796
-1.30707
-1.30769
-1.30875
-1.30828
-1.30827
-1.30871
-1.30781
-1.30616
-1.30571
-1.30617
-1.30511
-1.30389
-1.3054
-1.3051
-1.3054
-1.3036
-1.30481
-1.30466
-1.3042
-1.30555
-1.30555
-1.30676
-1.30661
-1.30646
-1.30722
-1.30752
-1.30736
-1.30736
-1.30782
-1.306
-1.30691
-1.30722
-1.30783
-1.30814
-1.30768
-1.30768
-1.30586
-1.30601
-1.30541
-1.30587
-1.30617
-1.30813
-1.30829
-1.30708
-1.30752
-1.30782
-1.30781
-1.30767
-1.30768
-1.30921
-1.30936
-1.3089
-1.30918
-1.30857
-1.30872
-1.30888
-1.30949
-1.31086
-1.31026
-1.3098
-1.31116
-1.31176
-1.31025
-1.3104
-1.31085
-1.3107
-1.31084
-1.31039
-1.31114
-1.31099
-1.30979
-1.3101
-1.3101
-1.30904
-1.30994
-1.31069
-1.30978
-1.31054
-1.31115
-1.31115
-1.31131
-1.31131
-1.31055
-1.31055
-1.31146
-1.31312
-1.31357
-1.31281
-1.31357
-1.31357
-1.31402
-1.31432
-1.31356
-1.31326
-1.3128
-1.31341
-1.31402
-1.31282
-1.31343
-1.31298
-1.31343
-1.31312
-1.31296
-1.31266
-1.31326
-1.31387
-1.31418
-1.31357
-1.31356
-1.31416
-1.31386
-1.31417
-1.31402
-1.31447
-1.31447
-1.31418
-1.31327
-1.31221
-1.31266
-1.3119
-1.31281
-1.31205
-1.3116
-1.3113
-1.31055
-1.31055
-1.31131
-1.30964
-1.30979
-1.31039
-1.31008
-1.31129
-1.311
-1.31161
-1.311
-1.311
-1.31024
-1.30948
-1.30873
-1.30888
-1.30798
-1.30859
-1.30813
-1.30752
-1.30797
-1.30782
-1.30722
-1.30722
-1.30753
-1.30768
-1.30677
-1.30708
-1.30678
-1.30753
-1.30707
-1.30554
-1.30615
-1.30571
-1.30617
-1.30466
-1.30527
-1.30572
-1.30542
-1.30542
-1.30617
-1.30526
-1.30525
-1.30631
-1.30601
-1.30555
-1.30616
-1.30661
-1.30526
-1.30466
-1.30527
-1.30376
-1.30346
-1.3027
-1.3039
-1.3039
-1.30404
-1.3054
-1.30435
-1.30496
-1.30451
-1.30647
-1.30662
-1.30826
-1.30796
-1.30902
-1.30933
-1.30889
-1.30965
-1.30874
-1.30858
-1.30812
-1.30752
-1.30903
-1.30964
-1.30949
-1.3113
-1.31221
-1.31341
-1.31281
-1.31326
-1.31175
-1.30948
-1.30994
-1.31009
-1.31009
-1.30918
-1.30827
-1.30827
-1.30752
-1.30934
-1.30904
-1.30859
-1.3086
-1.30935
-1.30844
-1.30752
-1.3069
-1.30781
-1.30736
-1.30646
-1.30722
-1.30783
-1.30844
-1.30889
-1.30934
-1.30964
-1.30888
-1.30827
-1.30842
-1.30797
-1.30752
-1.30541
-1.30601
-1.30465
-1.30555
-1.30646
-1.30676
-1.30571
-1.30631
-1.30661
-1.30796
-1.30917
-1.30827
-1.30813
-1.30722
-1.30707
-1.30511
-1.3048
-1.30571
-1.30677
-1.30799
-1.30844
-1.30843
-1.30797
-1.30917
-1.30872
-1.30858
-1.30888
-1.30843
-1.30858
-1.30692
-1.30722
-1.30707
-1.30768
-1.30753
-1.30769
-1.30768
-1.30753
-1.30722
-1.30722
-1.30692
-1.30692
-1.30692
-1.30662
-1.30723
-1.30783
-1.30677
-1.30601
-1.30662
-1.30511
-1.30601
-1.30662
-1.30692
-1.30678
-1.30573
-1.3065
-1.30695
-1.30678
-1.30569
-1.30567
-1.30508
-1.3048
-1.30573
-1.30589
-1.30635
-1.30681
-1.3065
-1.30618
-1.30661
-1.30706
-1.30707
-1.30663
-1.30693
-1.30662
-1.30661
-1.30599
-1.30448
-1.30555
-1.30707
-1.30843
-1.30738
-1.30783
-1.30768
-1.30798
-1.30753
-1.30858
-1.30782
-1.30721
-1.30812
-1.30812
-1.30933
-1.30873
-1.30919
-1.31085
-1.31055
-1.31191
-1.31116
-1.3107
-1.31069
-1.31008
-1.30947
-1.30872
-1.30948
-1.30964
-1.30994
-1.31039
-1.30964
-1.30873
-1.30813
-1.30874
-1.30829
-1.30845
-1.30829
-1.30889
-1.30797
-1.30811
-1.30841
-1.30948
-1.30874
-1.30814
-1.30678
-1.30617
-1.30602
-1.30632
-1.30723
-1.30678
-1.30618
-1.30724
-1.30663
-1.30527
-1.30527
-1.30497
-1.30572
-1.30677
-1.30646
-1.30585
-1.30647
-1.30693
-1.30618
-1.30603
-1.30678
-1.30632
-1.30663
-1.30755
-1.3071
-1.30664
-1.30573
-1.30603
-1.30722
-1.30722
-1.30752
-1.30888
-1.30873
-1.30888
-1.30844
-1.30844
-1.30875
-1.3086
-1.30965
-1.3092
-1.30799
-1.30889
-1.30828
-1.30918
-1.30918
-1.30934
-1.30859
-1.30798
-1.30662
-1.30692
-1.30661
-1.30722
-1.30753
-1.30663
-1.30709
-1.30845
-1.30861
-1.3077
-1.3086
-1.3104
-1.31085
-1.30994
-1.30964
-1.31055
-1.31041
-1.31087
-1.31027
-1.31163
-1.31148
-1.31177
-1.31116
-1.30995
-1.31009
-1.3104
-1.31055
-1.31025
-1.30965
-1.3113
-1.3104
-1.31025
-1.31011
-1.31056
-1.30905
-1.3095
-1.30966
-1.30996
-1.31057
-1.31041
-1.31056
-1.31025
-1.3116
-1.3119
-1.31161
-1.31162
-1.31223
-1.31268
-1.31132
-1.31147
-1.31101
-1.31071
-1.31071
-1.31116
-1.31116
-1.31191
-1.31161
-1.31146
-1.30979
-1.31024
-1.30979
-1.3107
-1.31071
-1.31026
-1.31101
-1.30919
-1.30873
-1.30918
-1.30873
-1.30905
-1.3083
-1.30875
-1.30814
-1.30904
-1.30829
-1.30723
-1.30754
-1.30738
-1.30676
-1.30782
-1.30646
-1.30707
-1.30708
-1.30738
-1.30904
-1.3101
-1.30995
-1.30995
-1.31055
-1.30873
-1.30903
-1.30918
-1.30872
-1.30903
-1.30919
-1.30874
-1.30844
-1.30799
-1.30799
-1.30753
-1.30753
-1.30632
-1.30631
-1.30525
-1.30571
-1.30572
-1.30589
-1.30604
-1.30466
-1.30436
-1.30482
-1.30422
-1.30451
-1.30466
-1.30496
-1.3045
-1.30586
-1.30541
-1.30692
-1.30692
-1.30617
-1.30571
-1.30616
-1.30601
-1.30617
-1.30632
-1.30708
-1.30677
-1.30722
-1.30797
-1.30888
-1.30918
-1.30963
-1.30933
-1.31069
-1.31129
-1.3116
-1.3113
-1.30933
-1.30873
-1.30903
-1.30994
-1.31039
-1.31039
-1.31024
-1.31069
-1.30993
-1.30903
-1.30948
-1.31085
-1.31009
-1.31024
-1.311
-1.31099
-1.31235
-1.3128
-1.31386
-1.31204
-1.31265
-1.31311
-1.31311
-1.31221
-1.3107
-1.3098
-1.30979
-1.30918
-1.30842
-1.30797
-1.30798
-1.30784
-1.30859
-1.30873
-1.30948
-1.30826
-1.30826
-1.30796
-1.30811
-1.30796
-1.30812
-1.30797
-1.30963
-1.30903
-1.30858
-1.30828
-1.30828
-1.30812
-1.30858
-1.30692
-1.30527
-1.30647
-1.30706
-1.30721
-1.30766
-1.30796
-1.30812
-1.30797
-1.30781
-1.30811
-1.30751
-1.30857
-1.30858
-1.30904
-1.30859
-1.30798
-1.30858
-1.30873
-1.30933
-1.31023
-1.30826
-1.30856
-1.30901
-1.30947
-1.30887
-1.30857
-1.30812
-1.30827
-1.30964
-1.30814
-1.30859
-1.30858
-1.30827
-1.30856
-1.30857
-1.30979
-1.30858
-1.30872
-1.30781
-1.30736
-1.30828
-1.30813
-1.30814
-1.30873
-1.30872
-1.30887
-1.30812
-1.30828
-1.30904
-1.30919
-1.30768
-1.30858
-1.30706
-1.30721
-1.30766
-1.30765
-1.30855
-1.30795
-1.30796
-1.30903
-1.30903
-1.30858
-1.30813
-1.30813
-1.30767
-1.30797
-1.30812
-1.30735
-1.3069
-1.3075
-1.3072
-1.3063
-1.306
-1.3054
-1.3054
-1.30435
-1.3039
-1.30495
-1.3045
-1.3054
-1.30586
-1.30647
-1.30692
-1.30782
-1.30675
-1.30569
-1.3063
-1.30631
-1.30768
-1.30768
-1.30768
-1.30767
-1.30737
-1.30721
-1.30827
-1.30796
-1.30856
-1.30795
-1.30886
-1.30842
-1.30978
-1.30933
-1.30919
-1.30874
-1.30813
-1.30677
-1.30722
-1.30706
-1.30766
-1.30796
-1.30841
-1.30917
-1.30872
-1.30812
-1.30813
-1.31055
-1.31041
-1.31056
-1.30903
-1.30854
-1.3099
-1.30856
-1.30904
-1.31026
-1.3104
-1.3104
-1.30993
-1.30993
-1.30917
-1.30842
-1.30932
-1.30917
-1.31053
-1.31054
-1.31069
-1.31039
-1.31069
-1.31054
-1.30993
-1.30857
-1.30721
-1.30676
-1.30647
-1.30738
-1.30707
-1.30797
-1.30781
-1.30872
-1.30978
-1.31024
-1.30903
-1.31039
-1.31024
-1.31009
-1.30949
-1.31024
-1.3104
-1.30995
-1.3104
-1.31221
-1.31205
-1.31233
-1.31384
-1.31355
-1.31356
-1.31417
-1.31387
-1.31342
-1.31282
-1.31161
-1.31131
-1.31084
-1.31099
-1.30992
-1.31052
-1.31007
-1.31053
-1.31068
-1.31039
-1.30949
-1.30919
-1.30995
-1.3107
-1.311
-1.31115
-1.3116
-1.31129
-1.31128
-1.30947
-1.30948
-1.30873
-1.30707
-1.30707
-1.3057
-1.30554
-1.30493
-1.30433
-1.306
-1.30556
-1.30511
-1.30542
-1.30616
-1.30796
-1.30766
-1.30752
-1.30889
-1.3089
-1.30965
-1.3095
-1.30859
-1.30903
-1.30902
-1.31007
-1.31006
-1.31052
-1.31023
-1.31054
-1.31055
-1.31025
-1.31041
-1.31071
-1.30934
-1.30919
-1.30978
-1.30993
-1.31219
-1.31265
-1.31175
-1.3119
-1.31144
-1.31219
-1.31248
-1.31249
-1.3122
-1.31069
-1.31084
-1.31024
-1.31008
-1.31024
-1.31024
-1.30979
-1.31069
-1.31039
-1.31068
-1.30977
-1.30932
-1.30932
-1.30872
-1.30887
-1.30977
-1.30842
-1.30751
-1.30903
-1.30933
-1.30933
-1.30903
-1.30843
-1.30797
-1.30797
-1.30706
-1.30766
-1.30842
-1.30857
-1.30857
-1.30902
-1.30917
-1.30887
-1.30963
-1.30797
-1.30751
-1.30827
-1.30887
-1.30903
-1.30934
-1.3101
-1.30965
-1.30994
-1.31023
-1.31038
-1.31158
-1.31188
-1.31098
-1.31008
-1.30994
-1.31085
-1.31175
-1.31266
-1.3125
-1.31386
-1.31355
-1.3128
-1.31295
-1.31371
-1.31386
-1.3125
-1.3125
-1.31279
-1.31279
-1.31294
-1.31264
-1.31295
-1.31401
-1.31401
-1.31477
-1.31372
-1.31387
-1.31204
-1.31249
-1.31248
-1.31249
-1.3122
-1.31341
-1.31327
-1.31251
-1.31296
-1.3128
-1.31144
-1.31205
-1.3122
-1.31145
-1.30994
-1.30978
-1.31008
-1.31114
-1.31098
-1.30902
-1.30826
-1.30857
-1.30858
-1.30828
-1.30782
-1.30707
-1.30631
-1.3045
-1.3036
-1.30405
-1.30269
-1.3045
-1.3042
-1.30466
-1.30542
-1.30557
-1.30586
-1.30586
-1.30646
-1.30645
-1.30827
-1.30872
-1.30858
-1.30798
-1.30753
-1.30648
-1.30602
-1.30557
-1.30692
-1.30737
-1.30843
-1.30903
-1.30798
-1.30903
-1.30813
-1.30813
-1.30782
-1.30812
-1.30872
-1.30888
-1.30874
-1.30995
-1.30874
-1.30753
-1.30738
-1.30753
-1.30767
-1.30662
-1.30737
-1.30768
-1.30648
-1.30648
-1.30617
-1.30708
-1.30692
-1.30646
-1.306
-1.30615
-1.30601
-1.30587
-1.30647
-1.30603
-1.30588
-1.30573
-1.30573
-1.30527
-1.30481
-1.30541
-1.30571
-1.30541
-1.30617
-1.30571
-1.30601
-1.30601
-1.3048
-1.30495
-1.3036
-1.30406
-1.3033
-1.30497
-1.30542
-1.30406
-1.3036
-1.3039
-1.3042
-1.30421
-1.30497
-1.30497
-1.30557
-1.30571
-1.30556
-1.30646
-1.30722
-1.30858
-1.30842
-1.30827
-1.30783
-1.30632
-1.30633
-1.30678
-1.30648
-1.30588
-1.30648
-1.30588
-1.30437
-1.30467
-1.30467
-1.30437
-1.30406
-1.30421
-1.30496
-1.30526
-1.30405
-1.30451
-1.30481
-1.30618
-1.30572
-1.30693
-1.30617
-1.30587
-1.30693
-1.30708
-1.30845
-1.3086
-1.30906
-1.308
-1.30831
-1.30846
-1.308
-1.3086
-1.30783
-1.30767
-1.30827
-1.30933
-1.30993
-1.30963
-1.30919
-1.30981
-1.30966
-1.31073
-1.31042
-1.30951
-1.30921
-1.31012
-1.31042
-1.31102
-1.30996
-1.31041
-1.31056
-1.31147
-1.31132
-1.31192
-1.31222
-1.31146
-1.31071
-1.31041
-1.30951
-1.31011
-1.3098
-1.3104
-1.31009
-1.30829
-1.30694
-1.30785
-1.30724
-1.30845
-1.30891
-1.30906
-1.30755
-1.308
-1.30845
-1.30814
-1.30859
-1.30738
-1.30859
-1.30814
-1.30784
-1.30785
-1.30709
-1.30618
-1.30603
-1.30664
-1.3077
-1.30876
-1.31027
-1.31147
-1.3104
-1.3116
-1.31114
-1.3116
-1.31161
-1.31193
-1.31254
-1.3133
-1.31254
-1.31299
-1.31208
-1.31117
-1.31146
-1.3098
-1.3098
-1.30874
-1.30874
-1.30951
-1.30815
-1.30679
-1.30634
-1.30694
-1.30739
-1.30634
-1.30664
-1.30619
-1.30603
-1.30693
-1.30693
-1.30648
-1.30603
-1.30618
-1.30648
-1.30663
-1.30753
-1.30814
-1.30935
-1.3092
-1.30951
-1.30845
-1.308
-1.30801
-1.30906
-1.30754
-1.3089
-1.30859
-1.30723
-1.30693
-1.30633
-1.30497
-1.30527
-1.30465
-1.30496
-1.30496
-1.30543
-1.30619
-1.30619
-1.30619
-1.30619
-1.3077
-1.30784
-1.30783
-1.30872
-1.30872
-1.30812
-1.30964
-1.30966
-1.30967
-1.30952
-1.30891
-1.308
-1.30829
-1.30858
-1.30677
-1.30601
-1.30708
-1.30724
-1.30664
-1.30741
-1.30665
-1.30786
-1.30816
-1.3074
-1.30861
-1.30755
-1.30844
-1.30889
-1.30814
-1.30829
-1.30724
-1.3074
-1.30649
-1.30679
-1.3074
-1.3065
-1.30725
-1.30604
-1.30664
-1.30709
-1.30648
-1.30633
-1.30633
-1.30709
-1.30815
-1.30846
-1.30815
-1.3068
-1.3071
-1.30695
-1.30695
-1.30619
-1.3068
-1.30725
-1.30815
-1.30845
-1.30844
-1.30965
-1.31026
-1.31117
-1.30966
-1.30951
-1.3089
-1.3086
-1.30694
-1.30754
-1.3083
-1.30799
-1.30859
-1.30814
-1.30784
-1.30876
-1.30952
-1.31028
-1.31042
-1.31057
-1.31026
-1.30935
-1.30754
-1.30724
-1.30559
-1.3068
-1.30817
-1.30831
-1.3074
-1.30678
-1.30753
-1.30723
-1.30663
-1.30619
-1.30695
-1.30589
-1.30635
-1.30604
-1.30679
-1.30664
-1.30725
-1.3071
-1.30786
-1.30695
-1.30679
-1.30633
-1.30708
-1.30693
-1.30739
-1.3083
-1.30725
-1.30785
-1.30816
-1.30816
-1.30801
-1.30875
-1.30783
-1.30813
-1.30783
-1.30739
-1.30694
-1.30604
-1.30709
-1.30633
-1.30496
-1.30571
-1.30511
-1.30602
-1.30497
-1.30573
-1.30724
-1.30859
-1.30905
-1.30859
-1.30875
-1.3086
-1.3089
-1.3089
-1.3095
-1.3095
-1.30965
-1.30966
-1.30981
-1.30997
-1.31103
-1.31057
-1.31177
-1.31131
-1.31237
-1.31207
-1.31207
-1.31238
-1.31238
-1.31192
-1.31192
-1.31132
-1.31117
-1.31056
-1.31072
-1.31178
-1.31103
-1.31148
-1.31072
-1.31057
-1.31103
-1.31254
-1.31238
-1.30995
-1.311
-1.31025
-1.31026
-1.30997
-1.30937
-1.30922
-1.30816
-1.3077
-1.30724
-1.3089
-1.30859
-1.30829
-1.30905
-1.30739
-1.30694
-1.30679
-1.3083
-1.30784
-1.30694
-1.30649
-1.30573
-1.30604
-1.30695
-1.30558
-1.30649
-1.30573
-1.30573
-1.30588
-1.30754
-1.30784
-1.30829
-1.31041
-1.31102
-1.31088
-1.31149
-1.31163
-1.31193
-1.31177
-1.31222
-1.31162
-1.31132
-1.31117
-1.31162
-1.31207
-1.31132
-1.31131
-1.31176
-1.3098
-1.31056
-1.31011
-1.30951
-1.3086
-1.30891
-1.30891
-1.30922
-1.30952
-1.30982
-1.30952
-1.31178
-1.31116
-1.3107
-1.31101
-1.31041
-1.31011
-1.31041
-1.30921
-1.30876
-1.30937
-1.30982
-1.30846
-1.308
-1.30831
-1.30845
-1.30936
-1.3086
-1.30921
-1.31087
-1.31102
-1.31148
-1.31148
-1.31284
-1.31329
-1.31268
-1.31237
-1.31177
-1.31207
-1.31177
-1.31192
-1.31147
-1.31238
-1.31254
-1.31224
-1.31103
-1.31073
-1.31087
-1.30982
-1.30936
-1.31012
-1.31056
-1.31116
-1.31056
-1.31042
-1.31057
-1.31132
-1.31222
-1.31267
-1.31252
-1.31223
-1.31102
-1.31193
-1.31208
-1.31178
-1.31192
-1.31163
-1.31117
-1.31117
-1.31192
-1.3098
-1.3095
-1.3083
-1.30891
-1.30831
-1.30771
-1.30892
-1.30846
-1.30785
-1.30831
-1.30786
-1.30757
-1.30741
-1.30785
-1.30725
-1.30815
-1.30966
-1.3092
-1.30859
-1.3095
-1.30921
-1.30861
-1.30786
-1.3065
-1.30635
-1.30666
-1.30635
-1.30665
-1.30588
-1.30679
-1.30815
-1.30786
-1.30876
-1.3083
-1.30724
-1.308
-1.30951
-1.31073
-1.31089
-1.31013
-1.31103
-1.30952
-1.30845
-1.30845
-1.31026
-1.31026
-1.31163
-1.31012
-1.31027
-1.30921
-1.30997
-1.31011
-1.30981
-1.30996
-1.30936
-1.30921
-1.30846
-1.30968
-1.30893
-1.30832
-1.30862
-1.30785
-1.30936
-1.31042
-1.30996
-1.31086
-1.31071
-1.31072
-1.31088
-1.31179
-1.31073
-1.31089
-1.31225
-1.31301
-1.31331
-1.3127
-1.31254
-1.31238
-1.31253
-1.31162
-1.31192
-1.31374
-1.31329
-1.31329
-1.31269
-1.31285
-1.31194
-1.31178
-1.31132
-1.31086
-1.31177
-1.31208
-1.31179
-1.31194
-1.31285
-1.31255
-1.31179
-1.31299
-1.31329
-1.31344
-1.31132
-1.31194
-1.31134
-1.31164
-1.31285
-1.31345
-1.3133
-1.31269
-1.31193
-1.31239
-1.31269
-1.31315
-1.31345
-1.31254
-1.31178
-1.31102
-1.31116
-1.31117
-1.31072
-1.30952
-1.30967
-1.30862
-1.30862
-1.30968
-1.30983
-1.30937
-1.30846
-1.308
-1.30724
-1.3077
-1.30771
-1.30816
-1.30846
-1.30816
-1.30846
-1.30831
-1.30741
-1.30801
-1.30831
-1.30846
-1.30815
-1.30768
-1.30663
-1.30769
-1.30815
-1.30815
-1.30831
-1.30741
-1.30726
-1.30666
-1.30636
-1.30741
-1.30741
-1.3071
-1.3083
-1.3086
-1.30935
-1.30844
-1.30753
-1.30784
-1.3083
-1.30876
-1.30861
-1.30711
-1.30529
-1.3059
-1.30604
-1.30619
-1.30604
-1.30604
-1.3065
-1.3068
-1.30801
-1.30846
-1.3074
-1.3068
-1.30635
-1.3065
-1.30665
-1.3062
-1.30529
-1.30619
-1.30559
-1.30544
-1.30619
-1.30605
-1.30561
-1.30637
-1.30682
-1.30514
-1.3068
-1.30574
-1.30513
-1.30544
-1.3053
-1.3047
-1.30364
-1.30575
-1.30634
-1.30693
-1.30739
-1.30695
-1.30817
-1.30817
-1.30711
-1.30741
-1.30726
-1.30771
-1.3068
-1.30876
-1.30801
-1.30831
-1.30891
-1.30921
-1.30921
-1.31027
-1.30997
-1.31027
-1.31102
-1.31162
-1.31117
-1.31088
-1.31118
-1.31134
-1.31194
-1.3127
-1.31255
-1.31104
-1.30998
-1.31013
-1.31148
-1.31087
-1.31162
-1.31071
-1.31026
-1.30981
-1.30936
-1.30892
-1.30817
-1.30847
-1.30863
-1.30892
-1.30786
-1.30633
-1.30648
-1.30694
-1.30785
-1.30786
-1.308
-1.30709
-1.30633
-1.30618
-1.3071
-1.30847
-1.30757
-1.30711
-1.30681
-1.30695
-1.3074
-1.30876
-1.30831
-1.30801
-1.30831
-1.3077
-1.30723
-1.30799
-1.30724
-1.30695
-1.30787
-1.30742
-1.30621
-1.30666
-1.30635
-1.3071
-1.30785
-1.30965
-1.31101
-1.31071
-1.31058
-1.31119
-1.31149
-1.31119
-1.31059
-1.30998
-1.30862
-1.30937
-1.30967
-1.30982
-1.30982
-1.30997
-1.30982
-1.30952
-1.31058
-1.31056
-1.31072
-1.30967
-1.30893
-1.30954
-1.30878
-1.30741
-1.30755
-1.30755
-1.30665
-1.30695
-1.30756
-1.30694
-1.30739
-1.30754
-1.30754
-1.30816
-1.30741
-1.30652
-1.30592
-1.30591
-1.30604
-1.30769
-1.30859
-1.30981
-1.31027
-1.31043
-1.30982
-1.30937
-1.30983
-1.30862
-1.30892
-1.30921
-1.30935
-1.30844
-1.30951
-1.31057
-1.31134
-1.31134
-1.31164
-1.31239
-1.31223
-1.31268
-1.31207
-1.31238
-1.31284
-1.31164
-1.31164
-1.31119
-1.31088
-1.30996
-1.30935
-1.30966
-1.31027
-1.30967
-1.31117
-1.31238
-1.31298
-1.31193
-1.31133
-1.31239
-1.31193
-1.31132
-1.31177
-1.31102
-1.31208
-1.31254
-1.31284
-1.31254
-1.31102
-1.31117
-1.31102
-1.31117
-1.31147
-1.31102
-1.30982
-1.30831
-1.30832
-1.30953
-1.30877
-1.30997
-1.30951
-1.30921
-1.31011
-1.31161
-1.31056
-1.31148
-1.31058
-1.30998
-1.31043
-1.31133
-1.31088
-1.31178
-1.31132
-1.31117
-1.31102
-1.31148
-1.30982
-1.30906
-1.30846
-1.30787
-1.30878
-1.30831
-1.30966
-1.3089
-1.30891
-1.30892
-1.30862
-1.30907
-1.30847
-1.30862
-1.30907
-1.30861
-1.3077
-1.30725
-1.3083
-1.30845
-1.3092
-1.30966
-1.30981
-1.31027
-1.31088
-1.31194
-1.31285
-1.31346
-1.31316
-1.3133
-1.313
-1.3124
-1.3118
-1.3121
-1.31211
-1.31302
-1.31287
-1.31302
-1.31301
-1.31255
-1.3139
-1.31194
-1.31163
-1.31193
-1.31224
-1.3121
-1.31226
-1.31166
-1.31075
-1.31059
-1.30983
-1.31134
-1.31088
-1.31088
-1.30998
-1.30968
-1.30953
-1.30968
-1.31044
-1.31044
-1.30878
-1.30742
-1.30711
-1.30711
-1.30695
-1.30694
-1.30785
-1.30709
-1.3071
-1.30726
-1.30772
-1.31014
-1.30938
-1.30817
-1.30877
-1.30891
-1.30786
-1.30786
-1.30787
-1.30757
-1.30696
-1.3062
-1.30514
-1.30605
-1.3062
-1.3053
-1.30485
-1.30576
-1.30681
-1.30696
-1.30802
-1.30711
-1.30726
-1.30742
-1.30772
-1.30832
-1.30907
-1.30906
-1.30937
-1.30938
-1.30938
-1.3112
-1.31074
-1.31043
-1.31043
-1.30982
-1.30816
-1.30725
-1.30936
-1.30875
-1.31012
-1.31043
-1.31013
-1.31014
-1.31149
-1.31149
-1.31118
-1.31057
-1.31027
-1.31027
-1.31072
-1.31117
-1.31056
-1.3095
-1.3098
-1.31041
-1.31103
-1.31088
-1.31029
-1.31029
-1.30893
-1.30922
-1.30801
-1.3071
-1.3068
-1.3065
-1.3071
-1.3083
-1.3086
-1.31056
-1.31072
-1.31163
-1.31239
-1.31254
-1.31239
-1.31149
-1.31058
-1.31043
-1.31043
-1.30966
-1.30982
-1.30876
-1.30937
-1.30937
-1.30967
-1.30907
-1.30847
-1.30696
-1.3062
-1.30528
-1.30634
-1.30724
-1.30543
-1.30543
-1.30635
-1.30666
-1.3053
-1.30545
-1.3053
-1.30604
-1.30604
-1.30529
-1.30559
-1.3059
-1.30529
-1.30695
-1.30664
-1.30725
-1.3077
-1.308
-1.30907
-1.30952
-1.31043
-1.30967
-1.30861
-1.30815
-1.30755
-1.30876
-1.30922
-1.31058
-1.31043
-1.31089
-1.31074
-1.31074
-1.31014
-1.30953
-1.30998
-1.30862
-1.30907
-1.31027
-1.30997
-1.31028
-1.31149
-1.31074
-1.31014
-1.30953
-1.30983
-1.30984
-1.30999
-1.30939
-1.30999
-1.31059
-1.31013
-1.31104
-1.30953
-1.30893
-1.30771
-1.3077
-1.30755
-1.30801
-1.30816
-1.30861
-1.30786
-1.30847
-1.30697
-1.30878
-1.30757
-1.30787
-1.30861
-1.3077
-1.30725
-1.3065
-1.30605
-1.3056
-1.30515
-1.305
-1.305
-1.30515
-1.3059
-1.3062
-1.3053
-1.30575
-1.30544
-1.3059
-1.30515
-1.30576
-1.30546
-1.3047
-1.30424
-1.30454
-1.30182
-1.30061
-1.30075
-1.30015
-1.3012
-1.30287
-1.30318
-1.30288
-1.30258
-1.30319
-1.30334
-1.30455
-1.30439
-1.30544
-1.30514
-1.30544
-1.3068
-1.30696
-1.30666
-1.30742
-1.30727
-1.30652
-1.30698
-1.30531
-1.30576
-1.30545
-1.30469
-1.30469
-1.30725
-1.30619
-1.30664
-1.30695
-1.30591
-1.30516
-1.30562
-1.30577
-1.30471
-1.30455
-1.30454
-1.30393
-1.30424
-1.3053
-1.30531
-1.30485
-1.30439
-1.30499
-1.3056
-1.30454
-1.30424
-1.30395
-1.30244
-1.30183
-1.30244
-1.30349
-1.30258
-1.30319
-1.30214
-1.30214
-1.30214
-1.30259
-1.30244
-1.30364
-1.30469
-1.30529
-1.3062
-1.30711
-1.30666
-1.30771
-1.30726
-1.30817
-1.30682
-1.30772
-1.30666
-1.30651
-1.30817
-1.30757
-1.30847
-1.30817
-1.30786
-1.30816
-1.30801
-1.30786
-1.30802
-1.30833
-1.30727
-1.30833
-1.30847
-1.30831
-1.30862
-1.30727
-1.30743
-1.30623
-1.30667
-1.30666
-1.30604
-1.30605
-1.30636
-1.30621
-1.30591
-1.30697
-1.30651
-1.30727
-1.30757
-1.30682
-1.3053
-1.30575
-1.30621
-1.30636
-1.30621
-1.30696
-1.30726
-1.30651
-1.30544
-1.30635
-1.30605
-1.3062
-1.30726
-1.30741
-1.30832
-1.30787
-1.30908
-1.30817
-1.30757
-1.30727
-1.30848
-1.30712
-1.30515
-1.30515
-1.3053
-1.30469
-1.30559
-1.30514
-1.3056
-1.30561
-1.30486
-1.3053
-1.30484
-1.30559
-1.30574
-1.30634
-1.30529
-1.30711
-1.30666
-1.30591
-1.30621
-1.30606
-1.30681
-1.30848
-1.30817
-1.30817
-1.30772
-1.30711
-1.30696
-1.30787
-1.30923
-1.30983
-1.31013
-1.30892
-1.30861
-1.30861
-1.30785
-1.30815
-1.30862
-1.30681
-1.30788
-1.30804
-1.30728
-1.30727
-1.30726
-1.30726
-1.30711
-1.30696
-1.30877
-1.30983
-1.30937
-1.30892
-1.30832
-1.30726
-1.30756
-1.30787
-1.30741
-1.30651
-1.30621
-1.30636
-1.30606
-1.30621
-1.30636
-1.30635
-1.3071
-1.3065
-1.30559
-1.3071
-1.30786
-1.30892
-1.30893
-1.30817
-1.30937
-1.30861
-1.30862
-1.30787
-1.30787
-1.30697
-1.30757
-1.30771
-1.3065
-1.30665
-1.30604
-1.30453
-1.30332
-1.30196
-1.30272
-1.30318
-1.30379
-1.30454
-1.30317
-1.30377
-1.30333
-1.30379
-1.30561
-1.30636
-1.30696
-1.30937
-1.31042
-1.31057
-1.31148
-1.31042
-1.31118
-1.31134
-1.30999
-1.30923
-1.30952
-1.30997
-1.31057
-1.30968
-1.31029
-1.31014
-1.31029
-1.31014
-1.30969
-1.30954
-1.31016
-1.31062
-1.31136
-1.3118
-1.31194
-1.31224
-1.3127
-1.31241
-1.3118
-1.31226
-1.31317
-1.31331
-1.31346
-1.31254
-1.31224
-1.31254
-1.3127
-1.31196
-1.31362
-1.31377
-1.31346
-1.31316
-1.31316
-1.31241
-1.31287
-1.31211
-1.31316
-1.31286
-1.31225
-1.31029
-1.31119
-1.31163
-1.31148
-1.31165
-1.31196
-1.31152
-1.31106
-1.31061
-1.31014
-1.30984
-1.31105
-1.31074
-1.31028
-1.30952
-1.31119
-1.31059
-1.3109
-1.31059
-1.3115
-1.31196
-1.31301
-1.31347
-1.31301
-1.31271
-1.3124
-1.31224
-1.31164
-1.31209
-1.31135
-1.31166
-1.31121
-1.31106
-1.3112
-1.31074
-1.3115
-1.31226
-1.31271
-1.31285
-1.31316
-1.31225
-1.31105
-1.3109
-1.31105
-1.31241
-1.3118
-1.31119
-1.31073
-1.31134
-1.31134
-1.31028
-1.31059
-1.31135
-1.30849
-1.30864
-1.30849
-1.30803
-1.30817
-1.30907
-1.30877
-1.30786
-1.30908
-1.30924
-1.30894
-1.30954
-1.30954
-1.30939
-1.31014
-1.30937
-1.31012
-1.31043
-1.30878
-1.30834
-1.30789
-1.30789
-1.30758
-1.30607
-1.30531
-1.30485
-1.3053
-1.30469
-1.30469
-1.30333
-1.30288
-1.30214
-1.30154
-1.30184
-1.30169
-1.30259
-1.30287
-1.30423
-1.30545
-1.30472
-1.30397
-1.30533
-1.30654
-1.30532
-1.30471
-1.30335
-1.30395
-1.30364
-1.30319
-1.30394
-1.3044
-1.3047
-1.30456
-1.30456
-1.30336
-1.30291
-1.30351
-1.30367
-1.30457
-1.30426
-1.30303
-1.30589
-1.30513
-1.30484
-1.30682
-1.30622
-1.30683
-1.30668
-1.30607
-1.30607
-1.30728
-1.30683
-1.30638
-1.30698
-1.30833
-1.30848
-1.30877
-1.30802
-1.30984
-1.30908
-1.30953
-1.30968
-1.30998
-1.30984
-1.30969
-1.30924
-1.30819
-1.30864
-1.30924
-1.30909
-1.30894
-1.3103
-1.31029
-1.31135
-1.31105
-1.31287
-1.31256
-1.31256
-1.31301
-1.31392
-1.31362
-1.31225
-1.31269
-1.31208
-1.31073
-1.30999
-1.31091
-1.31121
-1.31031
-1.31061
-1.31242
-1.31196
-1.30909
-1.30938
-1.30907
-1.30862
-1.30984
-1.30848
-1.30818
-1.30803
-1.30817
-1.30862
-1.30878
-1.30788
-1.30833
-1.30727
-1.30742
-1.30772
-1.30832
-1.30923
-1.30908
-1.30863
-1.30879
-1.31045
-1.31166
-1.31226
-1.3115
-1.31196
-1.31211
-1.31211
-1.31301
-1.31332
-1.31453
-1.31377
-1.31316
-1.3127
-1.31269
-1.31209
-1.31134
-1.31105
-1.31136
-1.31211
-1.31151
-1.31075
-1.31075
-1.3112
-1.3097
-1.30955
-1.30788
-1.30878
-1.30863
-1.30908
-1.30923
-1.30983
-1.30968
-1.30983
-1.31029
-1.31044
-1.31014
-1.30863
-1.30908
-1.30833
-1.30939
-1.30939
-1.30894
-1.30893
-1.30802
-1.30787
-1.30878
-1.30833
-1.30667
-1.30667
-1.30532
-1.30501
-1.30622
-1.30561
-1.30531
-1.30531
-1.30546
-1.30592
-1.30577
-1.30562
-1.30698
-1.30742
-1.30636
-1.30621
-1.30575
-1.30531
-1.3038
-1.30319
-1.30319
-1.3032
-1.30395
-1.30305
-1.30365
-1.3032
-1.30244
-1.30394
-1.30394
-1.30546
-1.3044
-1.30425
-1.30274
-1.30289
-1.30305
-1.30381
-1.30336
-1.30411
-1.30365
-1.3044
-1.30363
-1.30438
-1.30498
-1.30635
-1.30651
-1.30608
-1.30653
-1.30774
-1.30804
-1.30849
-1.30864
-1.30909
-1.30833
-1.30833
-1.30848
-1.30773
-1.30759
-1.30834
-1.30939
-1.30953
-1.30907
-1.31013
-1.31029
-1.31091
-1.31106
-1.31075
-1.3109
-1.31105
-1.3109
-1.31045
-1.31
-1.3097
-1.30969
-1.30939
-1.30879
-1.31
-1.31
-1.31075
-1.30984
-1.30984
-1.30893
-1.30893
-1.30938
-1.30922
-1.30968
-1.30999
-1.31015
-1.30879
-1.31
-1.31091
-1.31046
-1.3106
-1.31135
-1.31134
-1.31012
-1.31012
-1.30952
-1.31105
-1.31241
-1.31242
-1.3109
-1.31136
-1.31059
-1.31044
-1.30848
-1.30939
-1.31015
-1.30879
-1.30849
-1.30879
-1.30939
-1.30999
-1.30878
-1.30893
-1.31029
-1.31044
-1.31044
-1.31074
-1.31045
-1.31045
-1.30924
-1.30894
-1.30894
-1.30894
-1.30909
-1.30924
-1.30894
-1.3091
-1.30834
-1.30834
-1.30789
-1.30864
-1.30743
-1.30774
-1.30683
-1.30729
-1.30698
-1.30758
-1.30727
-1.30712
-1.30757
-1.30758
-1.30788
-1.30834
-1.30894
-1.3097
-1.31046
-1.31136
-1.31137
-1.31227
-1.31379
-1.31378
-1.31423
-1.31529
-1.31452
-1.31497
-1.31391
-1.31498
-1.31499
-1.31545
-1.3144
-1.31349
-1.31379
-1.31454
-1.31408
-1.31332
-1.31347
-1.31256
-1.31316
-1.31272
-1.31243
-1.31122
-1.31182
-1.31227
-1.31257
-1.31121
-1.31197
-1.31152
-1.31197
-1.31137
-1.31151
-1.31166
-1.31135
-1.31075
-1.3109
-1.31151
-1.31167
-1.31287
-1.31302
-1.31211
-1.31256
-1.31225
-1.31164
-1.31074
-1.31044
-1.30984
-1.31015
-1.31121
-1.30986
-1.31017
-1.31002
-1.31076
-1.30939
-1.30983
-1.30892
-1.30999
-1.31075
-1.31166
-1.31196
-1.31089
-1.31073
-1.31028
-1.31135
-1.31121
-1.30926
-1.30956
-1.31077
-1.31106
-1.31181
-1.31105
-1.3112
-1.31014
-1.31029
-1.30969
-1.30968
-1.31014
-1.3106
-1.3106
-1.31106
-1.31121
-1.31076
-1.31076
-1.3097
-1.30955
-1.30954
-1.30954
-1.3091
-1.30849
-1.30834
-1.30878
-1.30923
-1.30863
-1.30909
-1.30849
-1.3085
-1.30805
-1.3079
-1.30956
-1.30971
-1.31076
-1.31014
-1.3109
-1.31014
-1.30984
-1.30804
-1.30684
-1.30744
-1.30714
-1.30623
-1.30683
-1.30834
-1.30758
-1.30652
-1.30894
-1.3103
-1.30969
-1.3097
-1.31061
-1.31137
-1.31061
-1.3103
-1.31121
-1.31257
-1.31348
-1.31334
-1.31319
-1.31137
-1.31167
-1.31167
-1.31227
-1.31136
-1.31182
-1.31228
-1.31154
-1.31229
-1.31138
-1.31123
-1.31107
-1.31107
-1.31061
-1.31015
-1.30985
-1.3094
-1.30986
-1.30971
-1.31062
-1.31001
-1.31031
-1.31016
-1.30955
-1.31077
-1.30986
-1.30896
-1.30805
-1.30926
-1.30957
-1.31003
-1.30972
-1.30851
-1.30895
-1.30955
-1.30896
-1.30866
-1.30881
-1.30866
-1.3085
-1.30759
-1.30669
-1.30549
-1.3055
-1.30595
-1.30504
-1.30669
-1.30638
-1.30487
-1.30473
-1.30292
-1.30443
-1.30428
-1.30474
-1.30458
-1.30458
-1.30623
-1.30624
-1.30624
-1.30533
-1.30563
-1.30502
-1.30412
-1.30472
-1.30412
-1.30428
-1.30399
-1.30398
-1.30428
-1.30487
-1.30577
-1.30622
-1.30834
-1.30805
-1.3082
-1.30896
-1.30851
-1.30911
-1.31017
-1.30971
-1.31061
-1.31076
-1.31136
-1.31032
-1.31048
-1.30972
-1.30882
-1.30927
-1.30835
-1.30805
-1.30925
-1.30864
-1.30773
-1.30712
-1.30713
-1.30775
-1.30745
-1.30761
-1.30867
-1.30761
-1.3073
-1.30534
-1.30639
-1.30623
-1.30683
-1.30713
-1.30592
-1.30563
-1.30564
-1.30625
-1.3067
-1.30745
-1.30744
-1.30865
-1.3085
-1.30835
-1.31123
-1.30942
-1.30927
-1.30987
-1.31108
-1.31077
-1.31063
-1.31017
-1.31107
-1.31031
-1.31015
-1.30834
-1.30683
-1.30684
-1.3064
-1.30746
-1.30806
-1.30806
-1.30941
-1.30941
-1.3094
-1.31015
-1.30925
-1.30789
-1.3079
-1.3073
-1.30866
-1.30836
-1.30957
-1.31002
-1.30881
-1.30821
-1.30911
-1.30911
-1.30835
-1.30744
-1.3082
-1.3076
-1.30835
-1.3079
-1.30805
-1.30865
-1.31016
-1.30956
-1.30941
-1.30971
-1.31017
-1.31107
-1.31198
-1.31228
-1.31213
-1.31167
-1.31122
-1.31182
-1.31213
-1.31259
-1.31153
-1.31062
-1.31032
-1.31032
-1.30911
-1.30866
-1.30957
-1.30972
-1.30987
-1.30956
-1.3094
-1.3094
-1.31077
-1.31047
-1.31168
-1.31122
-1.31153
-1.31123
-1.31078
-1.31078
-1.31108
-1.31153
-1.31062
-1.31167
-1.31273
-1.31243
-1.31244
-1.31153
-1.31153
-1.31047
-1.31017
-1.30911
-1.30926
-1.30821
-1.30896
-1.30835
-1.3082
-1.30789
-1.30834
-1.30683
-1.30774
-1.3079
-1.3079
-1.30746
-1.30716
-1.30625
-1.30776
-1.30791
-1.30897
-1.31047
-1.30986
-1.30955
-1.30925
-1.30941
-1.30956
-1.30941
-1.3091
-1.3082
-1.3082
-1.30775
-1.30805
-1.30609
-1.30639
-1.30729
-1.30668
-1.30548
-1.30503
-1.30549
-1.30565
-1.30474
-1.30459
-1.30518
-1.30562
-1.30547
-1.30592
-1.30578
-1.30578
-1.30639
-1.30669
-1.307
-1.30609
-1.30624
-1.3073
-1.3076
-1.30791
-1.30852
-1.30821
-1.30669
-1.30594
-1.30549
-1.3058
-1.30595
-1.30489
-1.3046
-1.30475
-1.30414
-1.30414
-1.30458
-1.30489
-1.3061
-1.30625
-1.3064
-1.30714
-1.30684
-1.30639
-1.30564
-1.30503
-1.30503
-1.30488
-1.30504
-1.30489
-1.30474
-1.30656
-1.30565
-1.30671
-1.30746
-1.307
-1.30714
-1.30699
-1.30579
-1.30609
-1.30594
-1.30488
-1.30594
-1.30595
-1.30535
-1.3064
-1.30624
-1.30654
-1.30563
-1.30383
-1.30459
-1.30398
-1.30353
-1.30489
-1.30367
-1.30322
-1.30563
-1.30547
-1.30775
-1.30745
-1.3076
-1.3079
-1.30807
-1.30838
-1.30839
-1.30899
-1.30898
-1.30942
-1.31001
-1.31074
-1.31119
-1.31105
-1.30987
-1.30988
-1.30868
-1.30777
-1.30958
-1.30897
-1.30851
-1.3085
-1.3091
-1.30864
-1.30834
-1.30941
-1.30972
-1.30987
-1.31018
-1.30942
-1.30851
-1.30866
-1.3073
-1.30669
-1.30729
-1.30775
-1.30851
-1.30821
-1.30911
-1.31001
-1.31015
-1.3106
-1.31
-1.30911
-1.30866
-1.30852
-1.30762
-1.30732
-1.30746
-1.30774
-1.30638
-1.30653
-1.30729
-1.30714
-1.30699
-1.3073
-1.30866
-1.31016
-1.31031
-1.31137
-1.31091
-1.30971
-1.31002
-1.30957
-1.30881
-1.30835
-1.3088
-1.30789
-1.30804
-1.30774
-1.30684
-1.30699
-1.30608
-1.30517
-1.30533
-1.30488
-1.30533
-1.30337
-1.30337
-1.30352
-1.30306
-1.30396
-1.30336
-1.3026
-1.30336
-1.30428
-1.30397
-1.30412
-1.30291
-1.30351
-1.30396
-1.30351
-1.30442
-1.30413
-1.30323
-1.30141
-1.30186
-1.30322
-1.30396
-1.30396
-1.30336
-1.30306
-1.30291
-1.30382
-1.30427
-1.30458
-1.30443
-1.30412
-1.30472
-1.30532
-1.30532
-1.30547
-1.30517
-1.30563
-1.30579
-1.30565
-1.30595
-1.3064
-1.30639
-1.30684
-1.30774
-1.30804
-1.30744
-1.30729
-1.30788
-1.30955
-1.30941
-1.30942
-1.30987
-1.3088
-1.30789
-1.30592
-1.30548
-1.30699
-1.3082
-1.3085
-1.30744
-1.30819
-1.30699
-1.30685
-1.30534
-1.30623
-1.30591
-1.30485
-1.30501
-1.30548
-1.30503
-1.30306
-1.30261
-1.3014
-1.302
-1.30215
-1.30109
-1.30169
-1.30275
-1.30201
-1.30201
-1.30186
-1.30292
-1.30276
-1.30351
-1.3023
-1.3029
-1.30441
-1.3041
-1.3035
-1.30366
-1.30685
-1.30791
-1.30851
-1.30835
-1.30729
-1.30699
-1.30654
-1.30624
-1.30564
-1.30428
-1.30443
-1.30442
-1.30442
-1.30412
-1.30457
-1.30442
-1.30548
-1.30623
-1.30592
-1.30562
-1.30578
-1.30654
-1.30745
-1.30776
-1.30624
-1.30549
-1.30654
-1.30714
-1.30804
-1.30804
-1.30895
-1.30744
-1.3076
-1.30745
-1.30791
-1.30821
-1.30776
-1.30806
-1.30835
-1.30865
-1.30955
-1.3097
-1.31
-1.31
-1.31016
-1.30865
-1.30956
-1.31122
-1.30971
-1.31016
-1.30896
-1.3079
-1.30669
-1.30653
-1.30668
-1.30712
-1.30863
-1.31029
-1.31075
-1.30986
-1.31017
-1.30882
-1.30852
-1.30836
-1.30881
-1.3088
-1.30955
-1.30864
-1.30864
-1.30803
-1.30743
-1.30668
-1.3076
-1.30699
-1.30563
-1.30593
-1.30684
-1.30608
-1.30593
-1.30517
-1.30502
-1.30502
-1.30441
-1.30366
-1.30381
-1.30291
-1.30307
-1.30322
-1.30413
-1.30442
-1.30516
-1.30425
-1.30485
-1.30425
-1.30396
-1.30396
-1.30366
-1.30396
-1.30321
-1.30321
-1.30366
-1.30396
-1.3032
-1.30335
-1.30395
-1.3044
-1.3047
-1.30501
-1.30578
-1.30685
-1.30625
-1.30504
-1.30609
-1.30698
-1.30712
-1.30636
-1.30591
-1.30531
-1.30441
-1.30441
-1.30471
-1.30441
-1.30457
-1.30488
-1.30518
-1.30578
-1.30517
-1.30562
-1.30591
-1.30697
-1.30683
-1.30713
-1.30728
-1.30622
-1.30561
-1.30681
-1.30772
-1.30879
-1.30865
-1.3094
-1.30924
-1.30833
-1.30818
-1.30819
-1.30744
-1.30653
-1.30669
-1.30639
-1.30699
-1.30744
-1.30683
-1.30682
-1.30818
-1.30878
-1.30772
-1.30712
-1.30742
-1.30712
-1.30622
-1.30607
-1.30622
-1.30592
-1.30517
-1.30472
-1.30471
-1.30426
-1.30531
-1.30455
-1.30365
-1.30502
-1.30532
-1.30426
-1.30396
-1.30335
-1.30259
-1.30335
-1.30441
-1.30471
-1.30501
-1.30607
-1.30713
-1.30744
-1.30714
-1.30849
-1.30925
-1.30955
-1.30924
-1.30999
-1.30969
-1.31015
-1.31152
-1.31213
-1.31106
-1.31029
-1.30985
-1.31002
-1.30973
-1.31109
-1.31198
-1.31196
-1.31135
-1.31149
-1.3127
-1.31256
-1.31272
-1.31258
-1.31198
-1.31213
-1.31106
-1.3106
-1.30984
-1.30938
-1.30818
-1.30804
-1.30804
-1.30668
-1.30774
-1.30713
-1.30682
-1.30757
-1.30788
-1.30728
-1.30712
-1.30681
-1.30697
-1.30789
-1.30714
-1.30579
-1.30533
-1.30639
-1.30729
-1.30713
-1.30607
-1.30546
-1.30576
-1.30591
-1.30425
-1.30411
-1.30381
-1.30382
-1.30261
-1.3026
-1.30289
-1.30243
-1.30228
-1.30304
-1.30244
-1.30244
-1.30304
-1.30274
-1.30275
-1.3029
-1.3035
-1.30304
-1.30304
-1.30274
-1.30335
-1.3029
-1.3038
-1.30395
-1.3044
-1.3044
-1.30485
-1.30409
-1.30636
-1.30682
-1.30637
-1.30758
-1.30759
-1.30789
-1.30682
-1.30727
-1.30635
-1.3068
-1.30801
-1.30726
-1.30742
-1.30758
-1.30803
-1.30698
-1.30668
-1.30683
-1.30819
-1.30848
-1.30772
-1.30651
-1.30681
-1.30772
-1.31029
-1.30968
-1.30998
-1.30923
-1.30802
-1.30937
-1.30892
-1.30999
-1.31059
-1.30863
-1.30984
-1.30818
-1.30803
-1.30742
-1.30772
-1.30666
-1.3056
-1.3053
-1.30576
-1.30561
-1.30365
-1.3041
-1.30379
-1.30288
-1.30303
-1.30319
-1.30289
-1.3041
-1.30486
-1.30516
-1.30713
-1.30712
-1.30651
-1.30666
-1.30711
-1.30712
-1.30728
-1.30698
-1.30713
-1.30637
-1.30637
-1.30727
-1.30698
-1.30759
-1.30849
-1.30834
-1.30803
-1.30894
-1.30864
-1.30879
-1.30879
-1.30893
-1.30878
-1.30908
-1.30818
-1.30878
-1.30878
-1.30954
-1.31029
-1.3103
-1.30954
-1.30909
-1.30863
-1.30848
-1.30772
-1.30818
-1.30939
-1.31
-1.3094
-1.30894
-1.30985
-1.31
-1.31045
-1.31015
-1.31
-1.30939
-1.30848
-1.30923
-1.30864
-1.30985
-1.3088
-1.3088
-1.30849
-1.30879
-1.30895
-1.30804
-1.30684
-1.30774
-1.30667
-1.30712
-1.30727
-1.30774
-1.3073
-1.30715
-1.30669
-1.30608
-1.30532
-1.30577
-1.30728
-1.30623
-1.30653
-1.30668
-1.30638
-1.30743
-1.30789
-1.30835
-1.30941
-1.31002
-1.31047
-1.31002
-1.31077
-1.31015
-1.3112
-1.30999
-1.30864
-1.30804
-1.30729
-1.30744
-1.30743
-1.30758
-1.30683
-1.30668
-1.30623
-1.30698
-1.30713
-1.30728
-1.30879
-1.30985
-1.30969
-1.31105
-1.31015
-1.30941
-1.30972
-1.31002
-1.30895
-1.30804
-1.3082
-1.30835
-1.30909
-1.30924
-1.31001
-1.30911
-1.30941
-1.30881
-1.3088
-1.30985
-1.30939
-1.30788
-1.30714
-1.30729
-1.30652
-1.30546
-1.30621
-1.30667
-1.30683
-1.30729
-1.30668
-1.30759
-1.30699
-1.30684
-1.30684
-1.30759
-1.30819
-1.30728
-1.30683
-1.30744
-1.30699
-1.30684
-1.30759
-1.30835
-1.30714
-1.30714
-1.30773
-1.30711
-1.3071
-1.30817
-1.30849
-1.30804
-1.30713
-1.30788
-1.30743
-1.30728
-1.30667
-1.30788
-1.30969
-1.30819
-1.30774
-1.30729
-1.30774
-1.3085
-1.30804
-1.30667
-1.30682
-1.30682
-1.30698
-1.30653
-1.30668
-1.30683
-1.30774
-1.3085
-1.30911
-1.30942
-1.30927
-1.30941
-1.30909
-1.30818
-1.30802
-1.30832
-1.30818
-1.30835
-1.30714
-1.30774
-1.30925
-1.30849
-1.30849
-1.30865
-1.30865
-1.30895
-1.30864
-1.31105
-1.31135
-1.31151
-1.31151
-1.31152
-1.31032
-1.31063
-1.31048
-1.31077
-1.31243
-1.31212
-1.31106
-1.31137
-1.31152
-1.31122
-1.3097
-1.31
-1.3103
-1.31
-1.30985
-1.30985
-1.3097
-1.30925
-1.3076
-1.3079
-1.30926
-1.30926
-1.3091
-1.30985
-1.31061
-1.31031
-1.31032
-1.31093
-1.31017
-1.30925
-1.30894
-1.30834
-1.30775
-1.3073
-1.3067
-1.30579
-1.30579
-1.3067
-1.30609
-1.30655
-1.30669
-1.30669
-1.30774
-1.30789
-1.30896
-1.31047
-1.31093
-1.31093
-1.31198
-1.31273
-1.31212
-1.31091
-1.31136
-1.31122
-1.31243
-1.31213
-1.31183
-1.31228
-1.31303
-1.31423
-1.31363
-1.31425
-1.3144
-1.3141
-1.31319
-1.31213
-1.31182
-1.31167
-1.30985
-1.30789
-1.30985
-1.30986
-1.3091
-1.3088
-1.3091
-1.3094
-1.30926
-1.30926
-1.30957
-1.31078
-1.31092
-1.31152
-1.31091
-1.30955
-1.3097
-1.3097
-1.3094
-1.3088
-1.30775
-1.307
-1.30685
-1.30745
-1.30608
-1.30471
-1.30486
-1.30351
-1.30367
-1.30367
-1.30579
-1.3061
-1.3061
-1.30594
-1.30624
-1.30669
-1.30684
-1.3067
-1.3064
-1.30669
-1.30789
-1.30819
-1.30864
-1.30865
-1.30895
-1.30986
-1.31002
-1.31033
-1.31063
-1.31109
-1.31064
-1.31033
-1.31017
-1.31047
-1.31092
-1.31107
-1.31212
-1.31167
-1.31122
-1.31137
-1.31092
-1.31092
-1.31001
-1.31168
-1.31108
-1.31033
-1.31079
-1.31093
-1.30926
-1.30895
-1.30865
-1.30866
-1.30866
-1.3094
-1.30895
-1.30866
-1.30882
-1.30926
-1.30866
-1.30835
-1.30912
-1.30866
-1.30821
-1.30971
-1.3094
-1.30879
-1.30849
-1.30834
-1.30849
-1.30729
-1.30714
-1.30593
-1.30579
-1.30564
-1.30655
-1.30775
-1.30791
-1.30685
-1.30609
-1.30699
-1.30744
-1.30819
-1.30909
-1.30925
-1.31016
-1.30926
-1.30851
-1.30836
-1.30729
-1.30743
-1.30849
-1.30759
-1.3079
-1.30881
-1.30729
-1.30669
-1.30804
-1.30819
-1.30819
-1.30789
-1.30713
-1.30788
-1.30924
-1.30895
-1.30896
-1.30912
-1.30821
-1.3076
-1.30775
-1.30789
-1.30774
-1.30834
-1.30804
-1.30865
-1.30895
-1.30987
-1.30941
-1.30956
-1.30941
-1.3091
-1.30864
-1.30728
-1.30864
-1.3088
-1.30865
-1.30775
-1.30714
-1.30759
-1.30713
-1.30728
-1.30743
-1.3088
-1.30955
-1.30985
-1.3091
-1.30865
-1.30729
-1.30699
-1.30654
-1.30654
-1.30729
-1.30804
-1.30865
-1.3091
-1.30971
-1.31061
-1.31137
-1.31106
-1.31167
-1.30985
-1.30895
-1.30925
-1.30985
-1.3097
-1.3088
-1.30895
-1.30956
-1.30835
-1.3079
-1.30729
-1.30834
-1.30819
-1.30668
-1.30608
-1.30745
-1.307
-1.3067
-1.30822
-1.30776
-1.30866
-1.3085
-1.30759
-1.30654
-1.30548
-1.30639
-1.30775
-1.30715
-1.307
-1.30776
-1.3067
-1.30548
-1.30503
-1.30564
-1.30564
-1.30595
-1.30564
-1.30639
-1.3076
-1.3073
-1.3067
-1.30745
-1.3067
-1.3073
-1.30715
-1.3079
-1.3082
-1.30654
-1.30669
-1.30623
-1.30563
-1.30579
-1.30669
-1.3073
-1.30684
-1.3076
-1.3076
-1.30714
-1.30775
-1.3079
-1.30806
-1.30836
-1.30912
-1.30927
-1.30957
-1.3082
-1.3082
-1.30804
-1.30805
-1.30851
-1.30791
-1.30716
-1.30792
-1.30791
-1.30776
-1.30745
-1.30836
-1.30836
-1.30745
-1.30805
-1.30851
-1.30836
-1.30836
-1.30836
-1.30791
-1.3076
-1.3085
-1.30789
-1.30805
-1.30805
-1.30805
-1.30669
-1.30668
-1.30698
-1.30668
-1.30684
-1.30806
-1.30897
-1.30882
-1.31048
-1.30926
-1.30956
-1.3094
-1.31046
-1.31076
-1.31122
-1.30957
-1.30897
-1.30912
-1.30836
-1.30745
-1.30653
-1.30789
-1.3085
-1.3085
-1.30896
-1.3085
-1.30895
-1.31091
-1.31167
-1.31182
-1.31166
-1.31182
-1.31212
-1.31288
-1.31274
-1.31319
-1.31289
-1.31319
-1.31167
-1.31015
-1.31015
-1.31015
-1.30986
-1.30971
-1.31017
-1.31032
-1.31002
-1.30941
-1.3091
-1.30803
-1.30864
-1.31105
-1.31196
-1.31151
-1.31122
-1.31122
-1.31153
-1.31077
-1.31046
-1.30985
-1.30895
-1.30971
-1.30972
-1.31017
-1.31062
-1.31016
-1.3106
-1.3106
-1.30955
-1.30881
-1.30867
-1.30883
-1.30837
-1.30791
-1.30684
-1.30773
-1.30787
-1.30726
-1.30727
-1.30729
-1.30701
-1.30686
-1.30655
-1.30669
-1.30744
-1.30713
-1.30577
-1.30547
-1.30532
-1.30533
-1.30623
-1.30654
-1.30759
-1.30775
-1.30744
-1.30653
-1.30804
-1.30818
-1.30833
-1.30939
-1.30939
-1.30925
-1.30805
-1.30775
-1.307
-1.30745
-1.30684
-1.30669
-1.30638
-1.30668
-1.30576
-1.30651
-1.30621
-1.30698
-1.30683
-1.30607
-1.30653
-1.30547
-1.30608
-1.30653
-1.30608
-1.30714
-1.30683
-1.30563
-1.30653
-1.30805
-1.30699
-1.30653
-1.30834
-1.30879
-1.30893
-1.30939
-1.30894
-1.30971
-1.31031
-1.30956
-1.30896
-1.30941
-1.30986
-1.30971
-1.30956
-1.3094
-1.31015
-1.30969
-1.31089
-1.31135
-1.31076
-1.30986
-1.30881
-1.3076
-1.3073
-1.30624
-1.30684
-1.30759
-1.30743
-1.30637
-1.30742
-1.30818
-1.30999
-1.3106
-1.31
-1.30955
-1.30941
-1.30971
-1.30986
-1.31077
-1.31122
-1.31001
-1.31
-1.30984
-1.3106
-1.30954
-1.31151
-1.31091
-1.31151
-1.3109
-1.3112
-1.31166
-1.31226
-1.31136
-1.31182
-1.31092
-1.31062
-1.31258
-1.31076
-1.31075
-1.30955
-1.30849
-1.30849
-1.30789
-1.30834
-1.30879
-1.30924
-1.30954
-1.30955
-1.31091
-1.30986
-1.3088
-1.3082
-1.30759
-1.30698
-1.30833
-1.30908
-1.30621
-1.30546
-1.30547
-1.30607
-1.30547
-1.30532
-1.30562
-1.30472
-1.30457
-1.30503
-1.30427
-1.30563
-1.30579
-1.30579
-1.30623
-1.30486
-1.305
-1.30545
-1.30485
-1.30486
-1.30532
-1.30549
-1.30533
-1.30578
-1.30532
-1.30532
-1.30502
-1.30577
-1.30577
-1.30562
-1.30456
-1.30561
-1.30546
-1.30622
-1.30728
-1.30744
-1.30789
-1.30804
-1.30803
-1.30728
-1.30789
-1.3079
-1.3088
-1.30819
-1.30878
-1.30802
-1.30772
-1.30727
-1.30698
-1.30699
-1.30715
-1.3076
-1.3082
-1.30684
-1.30637
-1.30712
-1.30803
-1.30835
-1.30805
-1.3082
-1.3079
-1.30728
-1.30802
-1.30772
-1.30833
-1.30849
-1.3082
-1.3076
-1.30579
-1.30534
-1.30715
-1.3079
-1.30713
-1.30575
-1.3059
-1.30591
-1.30714
-1.30669
-1.307
-1.30745
-1.30563
-1.30638
-1.30729
-1.30608
-1.30593
-1.30577
-1.30456
-1.30471
-1.30351
-1.30427
-1.30442
-1.30548
-1.30534
-1.30534
-1.30669
-1.30608
-1.30592
-1.30576
-1.30531
-1.30593
-1.30579
-1.30459
-1.3052
-1.30474
-1.30459
-1.30443
-1.30397
-1.30382
-1.30502
-1.30517
-1.30713
-1.30653
-1.30668
-1.30699
-1.30759
-1.30669
-1.30518
-1.30714
-1.30805
-1.30836
-1.30866
-1.31063
-1.31047
-1.31001
-1.31016
-1.31137
-1.31138
-1.31121
-1.31136
-1.31079
-1.31216
-1.3123
-1.31304
-1.31303
-1.31287
-1.31347
-1.31197
-1.31213
-1.31123
-1.31062
-1.31062
-1.31001
-1.31002
-1.31062
-1.31002
-1.31046
-1.31075
-1.3106
-1.31091
-1.30912
-1.31003
-1.31018
-1.30972
-1.31048
-1.30897
-1.30897
-1.3079
-1.30865
-1.30849
-1.30969
-1.3094
-1.30912
-1.30777
-1.30746
-1.30609
-1.30593
-1.30683
-1.30668
-1.30668
-1.30851
-1.30821
-1.30928
-1.30792
-1.30685
-1.30713
-1.30802
-1.30848
-1.30789
-1.3082
-1.3079
-1.3085
-1.30895
-1.3085
-1.30775
-1.3085
-1.30714
-1.30638
-1.30743
-1.30849
-1.30864
-1.30833
-1.30909
-1.30955
-1.30985
-1.31076
-1.31031
-1.30849
-1.3109
-1.3112
-1.3106
-1.30954
-1.30924
-1.30849
-1.30773
-1.30789
-1.30774
-1.30745
-1.30745
-1.30639
-1.30638
-1.30697
-1.30818
-1.30728
-1.30774
-1.30775
-1.30714
-1.30578
-1.30547
-1.30652
-1.30546
-1.30592
-1.30532
-1.30578
-1.30623
-1.30578
-1.30503
-1.30579
-1.30579
-1.3067
-1.30609
-1.30625
-1.3067
-1.30655
-1.30761
-1.3076
-1.30804
-1.30909
-1.30925
-1.31062
-1.31107
-1.31182
-1.31228
-1.31243
-1.31289
-1.31244
-1.31077
-1.30986
-1.30925
-1.31
-1.31061
-1.31031
-1.31016
-1.31121
-1.30985
-1.30879
-1.30729
-1.3085
-1.3082
-1.3079
-1.30851
-1.30836
-1.30821
-1.30745
-1.30637
-1.30681
-1.30712
-1.3079
-1.30792
-1.30822
-1.30942
-1.30987
-1.31016
-1.31091
-1.31061
-1.31031
-1.31032
-1.31001
-1.30895
-1.30758
-1.30682
-1.30697
-1.30683
-1.30593
-1.30729
-1.30744
-1.30774
-1.30639
-1.30684
-1.30684
-1.30638
-1.30637
-1.30622
-1.30425
-1.30455
-1.3038
-1.30562
-1.30517
-1.30578
-1.30593
-1.30608
-1.30654
-1.30548
-1.30518
-1.30533
-1.30427
-1.30517
-1.30516
-1.30486
-1.30456
-1.30441
-1.30486
-1.30577
-1.30638
-1.30698
-1.30774
-1.30835
-1.30896
-1.30836
-1.30896
-1.31001
-1.31031
-1.3103
-1.3109
-1.31015
-1.3109
-1.31091
-1.31257
-1.31046
-1.31106
-1.31166
-1.31196
-1.31135
-1.3109
-1.31091
-1.31076
-1.30895
-1.3085
-1.30773
-1.30803
-1.30802
-1.30833
-1.30848
-1.30894
-1.3097
-1.31016
-1.30956
-1.3091
-1.30894
-1.30849
-1.3085
-1.3088
-1.30924
-1.30999
-1.31135
-1.31106
-1.31121
-1.31076
-1.31077
-1.30986
-1.30985
-1.31029
-1.31075
-1.3106
-1.31211
-1.31196
-1.31181
-1.31121
-1.31151
-1.3109
-1.31105
-1.31136
-1.31121
-1.31136
-1.31016
-1.30986
-1.30864
-1.30788
-1.30772
-1.30666
-1.30606
-1.30713
-1.30774
-1.30805
-1.30895
-1.30804
-1.30803
-1.30758
-1.30818
-1.30939
-1.30894
-1.30939
-1.30939
-1.30923
-1.30908
-1.30907
-1.30999
-1.3094
-1.3088
-1.3088
-1.30879
-1.30909
-1.30878
-1.31029
-1.30984
-1.30924
-1.30924
-1.30818
-1.30788
-1.30772
-1.30606
-1.30652
-1.30637
-1.30637
-1.30834
-1.30788
-1.30849
-1.30924
-1.30999
-1.30832
-1.30892
-1.31089
-1.31195
-1.31196
-1.31136
-1.31061
-1.31001
-1.30865
-1.3085
-1.30774
-1.30698
-1.30592
-1.30531
-1.30576
-1.30531
-1.30622
-1.30653
-1.30714
-1.3076
-1.30865
-1.30849
-1.30908
-1.30908
-1.30833
-1.30788
-1.30788
-1.30682
-1.30697
-1.30758
-1.30698
-1.30683
-1.30729
-1.3082
-1.30849
-1.3094
-1.3103
-1.31
-1.31
-1.30909
-1.31
-1.31015
-1.3103
-1.30939
-1.31015
-1.3106
-1.31045
-1.3097
-1.30865
-1.31
-1.3103
-1.3106
-1.31059
-1.31196
-1.31181
-1.31227
-1.31424
-1.31365
-1.31395
-1.31334
-1.31212
-1.31196
-1.3124
-1.31149
-1.3124
-1.31256
-1.31165
-1.31241
-1.31287
-1.31273
-1.31213
-1.31228
-1.31092
-1.31046
-1.30999
-1.31165
-1.31089
-1.31014
-1.30863
-1.30848
-1.30893
-1.30984
-1.30923
-1.30878
-1.30849
-1.30669
-1.30685
-1.30715
-1.30699
-1.30653
-1.30592
-1.30622
-1.3056
-1.30529
-1.3053
-1.30425
-1.30442
-1.30563
-1.30744
-1.30804
-1.30743
-1.30743
-1.30744
-1.30744
-1.30743
-1.30773
-1.30727
-1.30622
-1.30637
-1.30713
-1.30804
-1.30909
-1.30954
-1.30909
-1.30924
-1.30894
-1.30879
-1.30803
-1.30742
-1.30787
-1.30908
-1.30939
-1.30985
-1.31121
-1.31122
-1.31061
-1.31166
-1.3121
-1.31195
-1.31182
-1.31123
-1.31168
-1.31182
-1.31257
-1.31196
-1.3109
-1.31029
-1.31135
-1.31165
-1.31135
-1.31166
-1.31151
-1.31016
-1.31031
-1.3109
-1.31059
-1.30998
-1.30984
-1.30969
-1.31015
-1.30879
-1.30969
-1.30969
-1.30985
-1.31137
-1.31122
-1.31228
-1.31228
-1.31136
-1.31121
-1.31045
-1.31014
-1.31059
-1.30954
-1.31045
-1.31031
-1.30865
-1.30971
-1.3097
-1.30879
-1.30773
-1.30879
-1.30954
-1.30955
-1.30895
-1.3085
-1.30759
-1.30654
-1.30729
-1.30638
-1.30683
-1.30667
-1.30682
-1.30712
-1.30727
-1.30772
-1.30787
-1.30772
-1.30727
-1.30833
-1.30985
-1.3091
-1.30896
-1.30865
-1.31046
-1.31014
-1.30969
-1.31015
-1.31075
-1.31165
-1.31241
-1.31181
-1.31137
-1.31183
-1.31168
-1.31273
-1.31137
-1.31061
-1.3109
-1.31029
-1.30892
-1.30787
-1.30833
-1.30969
-1.30955
-1.31061
-1.31077
-1.31092
-1.31122
-1.31137
-1.31302
-1.31241
-1.31196
-1.31226
-1.31166
-1.31212
-1.31227
-1.31151
-1.31182
-1.31212
-1.31197
-1.31212
-1.31181
-1.31029
-1.3103
-1.31046
-1.31016
-1.30895
-1.30941
-1.30865
-1.30759
-1.30851
-1.3076
-1.307
-1.30744
-1.30848
-1.30878
-1.30999
-1.3103
-1.30954
-1.30879
-1.30818
-1.30955
-1.31075
-1.30985
-1.31107
-1.31077
-1.30941
-1.30971
-1.31122
-1.31031
-1.30985
-1.30955
-1.3094
-1.30955
-1.3097
-1.30953
-1.30847
-1.30818
-1.30729
-1.3082
-1.3082
-1.30714
-1.30864
-1.30894
-1.30939
-1.30909
-1.31031
-1.30985
-1.30895
-1.30865
-1.30789
-1.30758
-1.30698
-1.30774
-1.3082
-1.3082
-1.30835
-1.3085
-1.30775
-1.30745
-1.3073
-1.30744
-1.30622
-1.3047
-1.3056
-1.30546
-1.30562
-1.30563
-1.30624
-1.30715
-1.30639
-1.30533
-1.30352
-1.30306
-1.30456
-1.30531
-1.3047
-1.3044
-1.30395
-1.30532
-1.30517
-1.30548
-1.30548
-1.30745
-1.30714
-1.30805
-1.30804
-1.30939
-1.31044
-1.31014
-1.31197
-1.31091
-1.30971
-1.3094
-1.30969
-1.30938
-1.30863
-1.30818
-1.30894
-1.30865
-1.30941
-1.3091
-1.3094
-1.31001
-1.31031
-1.31061
-1.31
-1.30999
-1.31075
-1.31045
-1.31075
-1.31121
-1.31121
-1.31151
-1.31152
-1.31077
-1.31107
-1.31077
-1.31137
-1.31092
-1.31016
-1.3082
-1.30925
-1.3082
-1.3088
-1.30804
-1.30849
-1.30758
-1.30819
-1.30819
-1.30759
-1.30669
-1.30624
-1.30563
-1.30623
-1.30682
-1.30757
-1.30758
-1.30698
-1.30654
-1.30548
-1.30457
-1.30517
-1.30472
-1.30397
-1.30352
-1.30518
-1.30458
-1.30442
-1.30427
-1.30502
-1.30531
-1.30531
-1.30516
-1.30547
-1.30638
-1.30624
-1.30578
-1.30533
-1.30398
-1.30504
-1.3058
-1.30639
-1.30562
-1.30593
-1.30715
-1.30609
-1.30668
-1.30681
-1.30605
-1.30668
-1.307
-1.30685
-1.30701
-1.30595
-1.30518
-1.30502
-1.30638
-1.30654
-1.3079
-1.30715
-1.30729
-1.30683
-1.30728
-1.30667
-1.30758
-1.30789
-1.3082
-1.3079
-1.30745
-1.30911
-1.30956
-1.31062
-1.31016
-1.31015
-1.30985
-1.30894
-1.30759
-1.30879
-1.30773
-1.30743
-1.3082
-1.30926
-1.30851
-1.30851
-1.30865
-1.30925
-1.30939
-1.30894
-1.30909
-1.3082
-1.30775
-1.30866
-1.30882
-1.30851
-1.30775
-1.30774
-1.30834
-1.30758
-1.30834
-1.30789
-1.30729
-1.3091
-1.3085
-1.30925
-1.30941
-1.30972
-1.31032
-1.31152
-1.31197
-1.31242
-1.31061
-1.31001
-1.31016
-1.31032
-1.31062
-1.31061
-1.30879
-1.30788
-1.30802
-1.30758
-1.30698
-1.30744
-1.3073
-1.30866
-1.3079
-1.30684
-1.30698
-1.30653
-1.30668
-1.30653
-1.30487
-1.30503
-1.30488
-1.30502
-1.3038
-1.3053
-1.3041
-1.30411
-1.30396
-1.30366
-1.30306
-1.30291
-1.30292
-1.30442
-1.30412
-1.30382
-1.30382
-1.30412
-1.30472
-1.30561
-1.30576
-1.30623
-1.30685
-1.3067
-1.30775
-1.30836
-1.30745
-1.3064
-1.30776
-1.30881
-1.30805
-1.30835
-1.30774
-1.30759
-1.30848
-1.3097
-1.30912
-1.31035
-1.30958
-1.31077
-1.31091
-1.31046
-1.31124
-1.31094
-1.31032
-1.31092
-1.31001
-1.31046
-1.3097
-1.31
-1.3103
-1.30955
-1.30833
-1.30758
-1.30728
-1.3082
-1.30699
-1.30669
-1.30713
-1.30728
-1.30758
-1.30819
-1.3082
-1.30684
-1.30638
-1.30486
-1.3041
-1.3041
-1.30486
-1.30426
-1.30487
-1.30396
-1.30456
-1.30351
-1.30442
-1.30548
-1.30608
-1.30624
-1.3079
-1.30911
-1.3082
-1.30774
-1.30728
-1.30743
-1.30622
-1.30668
-1.3076
-1.3076
-1.30594
-1.30548
-1.30517
-1.30546
-1.30665
-1.3053
-1.30577
-1.30624
-1.30595
-1.30504
-1.30655
-1.30835
-1.30774
-1.30834
-1.30788
-1.30879
-1.3097
-1.30834
-1.30714
-1.30684
-1.30669
-1.30668
-1.30607
-1.30817
-1.30907
-1.30832
-1.30652
-1.30638
-1.30714
-1.30699
-1.30729
-1.30729
-1.30759
-1.30789
-1.3085
-1.30864
-1.30924
-1.31014
-1.31015
-1.31046
-1.31197
-1.31257
-1.31196
-1.31196
-1.31061
-1.31212
-1.31227
-1.31167
-1.31121
-1.31076
-1.31031
-1.31016
-1.31092
-1.31107
-1.31046
-1.31076
-1.31031
-1.31062
-1.31062
-1.30956
-1.30911
-1.31032
-1.31017
-1.31047
-1.30911
-1.30911
-1.30927
-1.30897
-1.30942
-1.30911
-1.30865
-1.30909
-1.31014
-1.30954
-1.30924
-1.30789
-1.30758
-1.30744
-1.30774
-1.30699
-1.30685
-1.30775
-1.30775
-1.30789
-1.30789
-1.30744
-1.30744
-1.30699
-1.30729
-1.30714
-1.30714
-1.30789
-1.30834
-1.3097
-1.30865
-1.30865
-1.30896
-1.3094
-1.30864
-1.30924
-1.30985
-1.31106
-1.31031
-1.3091
-1.31001
-1.31017
-1.30987
-1.31002
-1.30942
-1.30987
-1.31001
-1.3088
-1.30924
-1.30879
-1.30682
-1.30818
-1.30728
-1.30728
-1.30714
-1.30715
-1.3061
-1.3064
-1.30595
-1.30624
-1.30609
-1.30578
-1.30441
-1.30441
-1.3044
-1.30501
-1.30442
-1.30353
-1.30338
-1.30383
-1.30398
-1.30549
-1.30488
-1.30503
-1.30456
-1.30441
-1.3044
-1.30577
-1.30743
-1.30804
-1.30744
-1.30759
-1.30654
-1.30745
-1.30715
-1.30654
-1.30639
-1.30624
-1.30578
-1.30578
-1.30456
-1.30531
-1.3047
-1.30517
-1.30503
-1.30549
-1.30594
-1.30548
-1.30578
-1.30578
-1.30578
-1.30667
-1.30621
-1.30531
-1.30367
-1.30383
-1.30413
-1.30337
-1.30382
-1.30517
-1.30561
-1.30667
-1.30683
-1.30789
-1.30971
-1.30941
-1.30971
-1.30926
-1.30985
-1.30984
-1.31059
-1.31135
-1.31091
-1.31077
-1.31107
-1.31137
-1.31228
-1.31106
-1.31076
-1.31167
-1.31152
-1.31091
-1.31076
-1.31075
-1.31075
-1.31091
-1.31168
-1.30986
-1.30986
-1.30865
-1.30804
-1.30683
-1.30729
-1.30774
-1.30971
-1.30865
-1.30909
-1.30908
-1.30984
-1.3106
-1.31076
-1.31198
-1.31152
-1.31152
-1.31136
-1.31015
-1.3097
-1.3094
-1.3097
-1.31015
-1.3103
-1.3103
-1.31106
-1.31
-1.31046
-1.31091
-1.31137
-1.31137
-1.31182
-1.31212
-1.31151
-1.31181
-1.31257
-1.31076
-1.31137
-1.31001
-1.30925
-1.30864
-1.30894
-1.30849
-1.3085
-1.3085
-1.30956
-1.3088
-1.30895
-1.3097
-1.31031
-1.30941
-1.31063
-1.31032
-1.31138
-1.31031
-1.3103
-1.30939
-1.30865
-1.30865
-1.30926
-1.30927
-1.30851
-1.30896
-1.30956
-1.30941
-1.30925
-1.30895
-1.3094
-1.30834
-1.30819
-1.30804
-1.30835
-1.3082
-1.30957
-1.30972
-1.30942
-1.31047
-1.31152
-1.3109
-1.31075
-1.31136
-1.31046
-1.31107
-1.31077
-1.31078
-1.31002
-1.30881
-1.30926
-1.30864
-1.3106
-1.30955
-1.30895
-1.30941
-1.30955
-1.31016
-1.30941
-1.30865
-1.3085
-1.30941
-1.3085
-1.30986
-1.31137
-1.31152
-1.31242
-1.31303
-1.31123
-1.31032
-1.31046
-1.30955
-1.31031
-1.31077
-1.31047
-1.31137
-1.31046
-1.31061
-1.31076
-1.31182
-1.31061
-1.31001
-1.31002
-1.30972
-1.30987
-1.31003
-1.30867
-1.30972
-1.31047
-1.31001
-1.3094
-1.30819
-1.30729
-1.3082
-1.30699
-1.30624
-1.30654
-1.30563
-1.30668
-1.30684
-1.30608
-1.30684
-1.30684
-1.30608
-1.30699
-1.30805
-1.30851
-1.30851
-1.30881
-1.30805
-1.30819
-1.30789
-1.30804
-1.30789
-1.30698
-1.30593
-1.30473
-1.30534
-1.30504
-1.30656
-1.30565
-1.30564
-1.30548
-1.30532
-1.30639
-1.30654
-1.30699
-1.30774
-1.30698
-1.30698
-1.30668
-1.30653
-1.3079
-1.30745
-1.30684
-1.30503
-1.30473
-1.30534
-1.30458
-1.30519
-1.30443
-1.30473
-1.30503
-1.30473
-1.30518
-1.30519
-1.3061
-1.3058
-1.30458
-1.30413
-1.30458
-1.30504
-1.30519
-1.30517
-1.30487
-1.30532
-1.30654
-1.30579
-1.30505
-1.3037
-1.30416
-1.304
-1.30323
-1.30352
-1.30305
-1.30229
-1.30139
-1.30155
-1.30232
-1.30368
-1.30459
-1.3061
-1.30745
-1.30851
-1.30911
-1.30896
-1.31123
-1.31122
-1.31181
-1.31151
-1.31152
-1.31122
-1.31107
-1.31062
-1.31017
-1.30987
-1.31016
-1.31091
-1.31167
-1.31168
-1.31138
-1.31153
-1.31138
-1.31289
-1.31259
-1.31289
-1.31289
-1.31137
-1.31136
-1.3109
-1.31015
-1.31045
-1.30908
-1.30984
-1.30925
-1.31002
-1.31018
-1.31093
-1.31033
-1.31048
-1.31002
-1.30956
-1.31031
-1.31077
-1.31153
-1.31168
-1.31197
-1.3109
-1.3109
-1.31001
-1.31033
-1.30958
-1.30912
-1.30896
-1.30955
-1.30894
-1.30925
-1.30865
-1.3085
-1.30971
-1.30956
-1.31031
-1.31167
-1.31107
-1.31182
-1.30985
-1.30939
-1.31014
-1.3109
-1.31016
-1.30956
-1.30957
-1.30972
-1.31017
-1.31122
-1.31151
-1.31151
-1.31016
-1.30956
-1.30911
-1.30941
-1.3091
-1.30818
-1.30651
-1.30651
-1.30712
-1.30622
-1.30668
-1.30774
-1.30805
-1.30941
-1.30956
-1.30925
-1.30865
-1.3091
-1.3094
-1.30925
-1.30835
-1.30986
-1.3094
-1.30969
-1.30923
-1.30938
-1.30938
-1.31
-1.31001
-1.30986
-1.30911
-1.3085
-1.30774
-1.30669
-1.30698
-1.30774
-1.30803
-1.30832
-1.30908
-1.30954
-1.30864
-1.30971
-1.3097
-1.30924
-1.30939
-1.30924
-1.30924
-1.3097
-1.30955
-1.31016
-1.3097
-1.3097
-1.31015
-1.31
-1.30954
-1.30878
-1.30878
-1.30924
-1.3088
-1.30881
-1.30972
-1.30896
-1.30941
-1.3106
-1.30999
-1.31029
-1.30923
-1.30923
-1.30848
-1.30879
-1.30879
-1.30909
-1.30774
-1.30744
-1.30623
-1.30548
-1.30517
-1.30441
-1.30426
-1.30305
-1.30366
-1.30381
-1.30381
-1.30396
-1.30365
-1.30364
-1.3044
-1.30638
-1.30715
-1.30731
-1.30745
-1.30638
-1.30591
-1.30605
-1.30666
-1.30698
-1.30789
-1.30805
-1.3088
-1.30986
-1.31
-1.30849
-1.30818
-1.30772
-1.30999
-1.30969
-1.30955
-1.30925
-1.31107
-1.31107
-1.31121
-1.31241
-1.31226
-1.3112
-1.31211
-1.31181
-1.31135
-1.31104
-1.3115
-1.3097
-1.30941
-1.30942
-1.30958
-1.30881
-1.30863
-1.30937
-1.30937
-1.30984
-1.3085
-1.3082
-1.3088
-1.30864
-1.30864
-1.31015
-1.30985
-1.31136
-1.31014
-1.30817
-1.30878
-1.30863
-1.30728
-1.30789
-1.30805
-1.30805
-1.30759
-1.30774
-1.30728
-1.30696
-1.30846
-1.30771
-1.30772
-1.30713
-1.30728
-1.30713
-1.30728
-1.30698
-1.30774
-1.30578
-1.30563
-1.30487
-1.30381
-1.30351
-1.3032
-1.30304
-1.30288
-1.30393
-1.30408
-1.30469
-1.3047
-1.30487
-1.30458
-1.30488
-1.30472
-1.30502
-1.30456
-1.30486
-1.30471
-1.30517
-1.30547
-1.30623
-1.30653
-1.30652
-1.30651
-1.30682
-1.30697
-1.30621
-1.30622
-1.30607
-1.30668
-1.30684
-1.30714
-1.30714
-1.30744
-1.30758
-1.30713
-1.30713
-1.30728
-1.30788
-1.30788
-1.30894
-1.30894
-1.30833
-1.30999
-1.3103
-1.31061
-1.30955
-1.30986
-1.3094
-1.30895
-1.30683
-1.30683
-1.30699
-1.30684
-1.30578
-1.30593
-1.30609
-1.30473
-1.30518
-1.30503
-1.30532
-1.30621
-1.30606
-1.30516
-1.30456
-1.30457
-1.30518
-1.30473
-1.30458
-1.30474
-1.3046
-1.30414
-1.30353
-1.30381
-1.30318
-1.30454
-1.30486
-1.30607
-1.30623
-1.30593
-1.30458
-1.30413
-1.30383
-1.30458
-1.30443
-1.30351
-1.30351
-1.30396
-1.30441
-1.30517
-1.30563
-1.30624
-1.30578
-1.30547
-1.30472
-1.30487
-1.30578
-1.30578
-1.30579
-1.3058
-1.30701
-1.30897
-1.30986
-1.31001
-1.30986
-1.31
-1.3109
-1.31059
-1.31029
-1.31076
-1.30927
-1.31048
-1.30867
-1.30867
-1.31002
-1.30986
-1.3103
-1.3112
-1.31135
-1.3109
-1.31031
-1.31032
-1.30987
-1.30866
-1.3082
-1.30835
-1.30895
-1.31
-1.30955
-1.31077
-1.31032
-1.30986
-1.31077
-1.30986
-1.31016
-1.31152
-1.31106
-1.31031
-1.3097
-1.31061
-1.31075
-1.3106
-1.31121
-1.31182
-1.31092
-1.31092
-1.31243
-1.31076
-1.31015
-1.31015
-1.30924
-1.30955
-1.30925
-1.3085
-1.30849
-1.30789
-1.30728
-1.30697
-1.30681
-1.30636
-1.30698
-1.30608
-1.30579
-1.30579
-1.30639
-1.30623
-1.30592
-1.30487
-1.30563
-1.30668
-1.30698
-1.30774
-1.30819
-1.30728
-1.30667
-1.30818
-1.30788
-1.30789
-1.3073
-1.30671
-1.30627
-1.30607
-1.30618
-1.30593
-1.30612
-1.30656
-1.3067
-1.30608
-1.30607
-1.30501
-1.30487
-1.30532
-1.30502
-1.30637
-1.30637
-1.30531
-1.30712
-1.30803
-1.30939
-1.3103
-1.3106
-1.3109
-1.30999
-1.3103
-1.31015
-1.3088
-1.30683
-1.30774
-1.3088
-1.30911
-1.30759
-1.30577
-1.30516
-1.30651
-1.30636
-1.30592
-1.30683
-1.30744
-1.30713
-1.30772
-1.30667
-1.30757
-1.30878
-1.30788
-1.30712
-1.30742
-1.30742
-1.30758
-1.30743
-1.30804
-1.30788
-1.30727
-1.30833
-1.30908
-1.30878
-1.30938
-1.30908
-1.30834
-1.30804
-1.3085
-1.30774
-1.30759
-1.30576
-1.30606
-1.30575
-1.30591
-1.30577
-1.30652
-1.30652
-1.30728
-1.30713
-1.30698
-1.30712
-1.30696
-1.30681
-1.30636
-1.30592
-1.30683
-1.30804
-1.30925
-1.30954
-1.30969
-1.30954
-1.30984
-1.31014
-1.30939
-1.30879
-1.30743
-1.30713
-1.30712
-1.30621
-1.3059
-1.30515
-1.30591
-1.30516
-1.3044
-1.30441
-1.30472
-1.30517
-1.30471
-1.3038
-1.30364
-1.30394
-1.30425
-1.30471
-1.3044
-1.30485
-1.30545
-1.30499
-1.30499
-1.30484
-1.30515
-1.30439
-1.3047
-1.30394
-1.3053
-1.3041
-1.30305
-1.30275
-1.30184
-1.30093
-1.30123
-1.30152
-1.30181
-1.30241
-1.30211
-1.30166
-1.30378
-1.30379
-1.30606
-1.30696
