-5.03915
-4.98601
-4.90514
-4.80477
-4.70235
-4.60956
-4.52725
-4.44967
-4.37736
-4.32088
-4.29003
-4.2899
-4.31226
-4.3475
-4.38159
-4.39818
-4.3893
-4.35626
-4.30265
-4.23974
-4.17696
-4.12346
-4.09005
-4.08105
-4.10145
-4.14815
-4.21055
-4.28178
-4.35278
-4.41609
-4.46828
-4.51115
-4.54659
-4.57521
-4.5879
-4.57819
-4.54914
-4.51149
-4.47774
-4.45508
-4.4452
-4.44098
-4.44111
-4.44661
-4.46024
-4.47763
-4.48292
-4.46354
-4.41386
-4.34724
-4.28918
-4.26387
-4.28493
-4.34757
-4.42262
-4.49295
-4.54553
-4.58396
-4.61201
-4.6224
-4.61018
-4.57832
-4.53263
-4.485
-4.44305
-4.40596
-4.37458
-4.34587
-4.31403
-4.2819
-4.25244
-4.2299
-4.21463
-4.20987
-4.21374
-4.22265
-4.23247
-4.24487
-4.26025
-4.28243
-4.30721
-4.32989
-4.34402
-4.35037
-4.35209
-4.34879
-4.34517
-4.34307
-4.34072
-4.33557
-4.32972
-4.32342
-4.31924
-4.3214
-4.32815
-4.33258
-4.33166
-4.32264
-4.30537
-4.2857
-4.26867
-4.25601
-4.25136
-4.24882
-4.24697
-4.24469
-4.24761
-4.25134
-4.25447
-4.25429
-4.25816
-4.27281
-4.3044
-4.34971
-4.39106
-4.41671
-4.42534
-4.42464
-4.42213
-4.41973
-4.42042
-4.41697
-4.40833
-4.39535
-4.38497
-4.38105
-4.38504
-4.39653
-4.41063
-4.42409
-4.43318
-4.43227
-4.41871
-4.39401
-4.36486
-4.33071
-4.29973
-4.27978
-4.28811
-4.33415
-4.41231
-4.50647
-4.59361
-4.65542
-4.68133
-4.668
-4.61771
-4.53473
-4.42841
-4.30875
-4.19112
-4.09421
-4.04255
-4.04875
-4.10357
-4.18179
-4.25643
-4.31562
-4.35533
-4.37267
-4.36595
-4.33946
-4.29971
-4.2591
-4.22004
-4.19018
-4.17616
-4.18727
-4.22354
-4.27121
-4.31178
-4.34369
-4.3702
-4.39439
-4.41407
-4.42558
-4.426
-4.41555
-4.39586
-4.37139
-4.34927
-4.3313
-4.31953
-4.31094
-4.30658
-4.31203
-4.32657
-4.34973
-4.37509
-4.39887
-4.41685
-4.42953
-4.43677
-4.4387
-4.43164
-4.41557
-4.39352
-4.3734
-4.36136
-4.36412
-4.38304
-4.41252
-4.44852
-4.47923
-4.49815
-4.4979
-4.47622
-4.43851
-4.39654
-4.35894
-4.33317
-4.32198
-4.32421
-4.3326
-4.34042
-4.34545
-4.3486
-4.3562
-4.3704
-4.39224
-4.41835
-4.44404
-4.46193
-4.46482
-4.45137
-4.43088
-4.41779
-4.41037
-4.39507
-4.37424
-4.36787
-4.38809
-4.4215
-4.44024
-4.43611
-4.42508
-4.43182
-4.45571
-4.47261
-4.47177
-4.4528
-4.42003
-4.38072
-4.34521
-4.32206
-4.32056
-4.34363
-4.38886
-4.44709
-4.50474
-4.55331
-4.58387
-4.59596
-4.58498
-4.54777
-4.48677
-4.41518
-4.35677
-4.33558
-4.35436
-4.39358
-4.42692
-4.44723
-4.45541
-4.46142
-4.47215
-4.48909
-4.51123
-4.53272
-4.54215
-4.53218
-4.49978
-4.44633
-4.38142
-4.32233
-4.29109
-4.29868
-4.33492
-4.38
-4.42211
-4.45004
-4.46304
-4.46129
-4.44597
-4.42171
-4.38461
-4.34217
-4.30495
-4.29097
-4.30174
-4.32903
-4.34997
-4.35733
-4.35069
-4.33012
-4.30359
-4.28332
-4.27629
-4.28035
-4.27907
-4.26136
-4.22494
-4.18832
-4.16888
-4.17052
-4.17805
-4.18093
-4.17842
-4.17424
-4.17026
-4.16739
-4.16694
-4.16627
-4.16802
-4.17312
-4.18058
-4.1877
-4.19156
-4.18492
-4.16918
-4.14944
-4.13348
-4.13398
-4.15356
-4.1913
-4.24484
-4.31261
-4.38888
-4.45986
-4.51288
-4.53585
-4.53157
-4.50243
-4.46337
-4.43214
-4.41959
-4.43057
-4.45586
-4.48025
-4.49441
-4.49314
-4.47199
-4.43644
-4.38571
-4.32468
-4.25623
-4.18121
-4.10437
-4.04365
-4.01656
-4.02863
-4.0723
-4.1353
-4.20137
-4.26333
-4.31473
-4.35106
-4.37177
-4.37915
-4.37673
-4.36268
-4.34138
-4.31151
-4.28269
-4.26331
-4.25942
-4.27682
-4.30794
-4.34368
-4.37074
-4.38281
-4.37794
-4.36393
-4.34383
-4.32204
-4.29862
-4.27377
-4.24947
-4.22848
-4.21845
-4.22028
-4.23375
-4.25427
-4.26927
-4.26997
-4.25659
-4.23875
-4.22187
-4.21549
-4.21538
-4.21777
-4.22329
-4.2289
-4.23812
-4.25039
-4.26958
-4.29817
-4.3368
-4.38256
-4.42312
-4.45001
-4.45745
-4.44793
-4.42993
-4.41187
-4.40325
-4.40154
-4.40469
-4.40884
-4.40839
-4.41066
-4.42298
-4.44604
-4.46775
-4.47591
-4.46631
-4.44103
-4.39797
-4.33962
-4.27233
-4.20776
-4.15575
-4.12188
-4.10694
-4.111
-4.12325
-4.13955
-4.15551
-4.17114
-4.18748
-4.20878
-4.23943
-4.27579
-4.3173
-4.36117
-4.40317
-4.43881
-4.4625
-4.47039
-4.46363
-4.44451
-4.41784
-4.38593
-4.35544
-4.32891
-4.30817
-4.29661
-4.29444
-4.30108
-4.31554
-4.3274
-4.33115
-4.31814
-4.28853
-4.2554
-4.23829
-4.24282
-4.25637
-4.26297
-4.25675
-4.23961
-4.21676
-4.19562
-4.18663
-4.18944
-4.20394
-4.22289
-4.24079
-4.25928
-4.27778
-4.30347
-4.34256
-4.39117
-4.44467
-4.49656
-4.53994
-4.5715
-4.58815
-4.58321
-4.56118
-4.53434
-4.51019
-4.49724
-4.4918
-4.48969
-4.48556
-4.47847
-4.46853
-4.45478
-4.43387
-4.40286
-4.35851
-4.30242
-4.23595
-4.16694
-4.10207
-4.05192
-4.02427
-4.01584
-4.01858
-4.02564
-4.03754
-4.05218
-4.06948
-4.08651
-4.09998
-4.10749
-4.11266
-4.1212
-4.14222
-4.17866
-4.22724
-4.28653
-4.34828
-4.39255
-4.40639
-4.38568
-4.33853
-4.28815
-4.26023
-4.26255
-4.28644
-4.31707
-4.35274
-4.39585
-4.44659
-4.49886
-4.54589
-4.5787
-4.59616
-4.59761
-4.585
-4.55835
-4.517
-4.46394
-4.40773
-4.35739
-4.31652
-4.29125
-4.27915
-4.2801
-4.28612
-4.29319
-4.29468
-4.28467
-4.26668
-4.24286
-4.22844
-4.23378
-4.26143
-4.30013
-4.3301
-4.34266
-4.33657
-4.3167
-4.29055
-4.26182
-4.23516
-4.21215
-4.19686
-4.19199
-4.19843
-4.21714
-4.24864
-4.29094
-4.33552
-4.37152
-4.39194
-4.39183
-4.37173
-4.34115
-4.30949
-4.28067
-4.26112
-4.25043
-4.24531
-4.2418
-4.24306
-4.24921
-4.2656
-4.29047
-4.32685
-4.36607
-4.4002
-4.42099
-4.41932
-4.39343
-4.34934
-4.3029
-4.26503
-4.24711
-4.24351
-4.24711
-4.25171
-4.25301
-4.24295
-4.21568
-4.17025
-4.11289
-4.05391
-4.00901
-3.97875
-3.95852
-3.94795
-3.95197
-3.97598
-4.01724
-4.06065
-4.09301
-4.1081
-4.11156
-4.1147
-4.12707
-4.16671
-4.23354
-4.31105
-4.37279
-4.40665
-4.41068
-4.38927
-4.3456
-4.2884
-4.22279
-4.1565
-4.09697
-4.05026
-4.02571
-4.02624
-4.04647
-4.06835
-4.07213
-4.05769
-4.03398
-4.02341
-4.04243
-4.09784
-4.1809
-4.27457
-4.35748
-4.42242
-4.45891
-4.46971
-4.4627
-4.44489
-4.41746
-4.3745
-4.31725
-4.25052
-4.19462
-4.17195
-4.18428
-4.21838
-4.2558
-4.29122
-4.32231
-4.35509
-4.39292
-4.43646
-4.4828
-4.52697
-4.55795
-4.57363
-4.56945
-4.55019
-4.52651
-4.5028
-4.47775
-4.44476
-4.3995
-4.34765
-4.30453
-4.28478
-4.28975
-4.3041
-4.31979
-4.33138
-4.34095
-4.34795
-4.34624
-4.33773
-4.32199
-4.30456
-4.29182
-4.28576
-4.28205
-4.27176
-4.25461
-4.24231
-4.24807
-4.27554
-4.31806
-4.36544
-4.40564
-4.43231
-4.44466
-4.4402
-4.41871
-4.3829
-4.33857
-4.2919
-4.24776
-4.21154
-4.18492
-4.16872
-4.16651
-4.17689
-4.20101
-4.23024
-4.26425
-4.29959
-4.33601
-4.37408
-4.41003
-4.44158
-4.4701
-4.49118
-4.50014
-4.4919
-4.46303
-4.42078
-4.37282
-4.32243
-4.2726
-4.22848
-4.19467
-4.17925
-4.18392
-4.20267
-4.2254
-4.24544
-4.25995
-4.28197
-4.32248
-4.38295
-4.45046
-4.50849
-4.54573
-4.56197
-4.55866
-4.54176
-4.51493
-4.47394
-4.41311
-4.33868
-4.27024
-4.23433
-4.2305
-4.24163
-4.25552
-4.26744
-4.28009
-4.29194
-4.29805
-4.30127
-4.30707
-4.31803
-4.33224
-4.3395
-4.3426
-4.34168
-4.3344
-4.32274
-4.30479
-4.28867
-4.27445
-4.26568
-4.26033
-4.25341
-4.24334
-4.2274
-4.20866
-4.19041
-4.17102
-4.15225
-4.13718
-4.13303
-4.14203
-4.16684
-4.20388
-4.24756
-4.28812
-4.31448
-4.32009
-4.30856
-4.29186
-4.28253
-4.28694
-4.30192
-4.31464
-4.31325
-4.2951
-4.2681
-4.25555
-4.27327
-4.32055
-4.37807
-4.42894
-4.46604
-4.49042
-4.50793
-4.52252
-4.53575
-4.54796
-4.55711
-4.56117
-4.55798
-4.54894
-4.53627
-4.52281
-4.5091
-4.49037
-4.47197
-4.45346
-4.43165
-4.40015
-4.36192
-4.32443
-4.29546
-4.2821
-4.28313
-4.29376
-4.30766
-4.32468
-4.3444
-4.36069
-4.3673
-4.36293
-4.3484
-4.33043
-4.31306
-4.30065
-4.29837
-4.3071
-4.33012
-4.36197
-4.39533
-4.41813
-4.4232
-4.41144
-4.38306
-4.34098
-4.29087
-4.23558
-4.18535
-4.14345
-4.11526
-4.10304
-4.10293
-4.11193
-4.12257
-4.13528
-4.15503
-4.19177
-4.24289
-4.29526
-4.33392
-4.35161
-4.35377
-4.34823
-4.34148
-4.33139
-4.31873
-4.30818
-4.31013
-4.32758
-4.34941
-4.35666
-4.34601
-4.31825
-4.28438
-4.25694
-4.24226
-4.24567
-4.26427
-4.28921
-4.31234
-4.32413
-4.31843
-4.30074
-4.27917
-4.26825
-4.278
-4.31128
-4.35478
-4.39455
-4.42397
-4.44643
-4.46613
-4.48357
-4.49658
-4.50284
-4.49926
-4.48498
-4.45582
-4.41648
-4.37235
-4.34132
-4.33624
-4.35817
-4.39383
-4.42729
-4.44907
-4.45102
-4.43577
-4.40967
-4.37616
-4.3411
-4.30859
-4.28635
-4.28283
-4.30759
-4.3445
-4.37678
-4.3923
-4.39265
-4.38343
-4.37159
-4.36199
-4.36027
-4.3648
-4.37313
-4.38035
-4.38697
-4.39662
-4.41872
-4.45161
-4.48898
-4.52039
-4.53544
-4.52899
-4.50051
-4.46146
-4.41881
-4.37961
-4.34326
-4.31234
-4.29348
-4.28552
-4.28185
-4.27696
-4.26233
-4.23181
-4.18799
-4.13548
-4.08161
-4.03535
-4.00262
-3.98869
-3.98877
-4.00242
-4.02791
-4.06177
-4.10071
-4.14184
-4.18287
-4.22402
-4.26282
-4.29641
-4.32264
-4.33605
-4.33321
-4.31031
-4.27403
-4.24078
-4.22959
-4.24578
-4.27604
-4.30819
-4.33371
-4.35217
-4.36327
-4.36216
-4.35252
-4.33981
-4.32926
-4.31831
-4.30648
-4.28359
-4.24788
-4.2092
-4.18099
-4.175
-4.19029
-4.22069
-4.25333
-4.278
-4.28987
-4.28939
-4.27669
-4.25518
-4.22613
-4.18937
-4.15191
-4.12325
-4.12009
-4.14409
-4.17933
-4.2123
-4.23349
-4.23991
-4.23271
-4.21401
-4.18304
-4.14111
-4.09398
-4.04741
-4.00568
-3.97841
-3.97583
-4.00611
-4.06761
-4.14771
-4.22491
-4.28779
-4.32428
-4.33374
-4.32673
-4.31305
-4.29505
-4.26461
-4.2189
-4.16408
-4.12301
-4.11279
-4.14083
-4.19378
-4.25285
-4.30004
-4.3289
-4.34057
-4.34957
-4.36038
-4.37383
-4.38476
-4.38924
-4.38202
-4.35835
-4.31892
-4.26998
-4.22094
-4.18445
-4.16581
-4.16129
-4.15821
-4.15123
-4.14099
-4.13116
-4.12699
-4.13022
-4.13661
-4.14497
-4.15594
-4.1752
-4.20156
-4.23588
-4.27296
-4.30631
-4.33186
-4.35231
-4.37227
-4.39581
-4.42139
-4.44309
-4.44805
-4.42372
-4.37514
-4.31635
-4.26781
-4.2469
-4.25252
-4.28405
-4.33341
-4.38037
-4.41401
-4.42457
-4.41268
-4.38273
-4.34277
-4.30063
-4.26025
-4.22222
-4.18343
-4.14165
-4.09484
-4.04667
-4.00138
-3.96275
-3.93072
-3.90903
-3.90267
-3.92139
-3.9727
-4.04462
-4.11749
-4.17592
-4.20998
-4.21654
-4.19808
-4.16218
-4.11906
-4.08344
-4.06373
-4.06279
-4.0775
-4.10502
-4.1384
-4.17601
-4.21087
-4.23326
-4.23961
-4.22568
-4.1989
-4.17138
-4.15784
-4.16358
-4.18225
-4.20778
-4.23466
-4.26215
-4.29072
-4.31996
-4.34969
-4.38641
-4.4296
-4.47588
-4.5184
-4.54968
-4.56166
-4.55577
-4.53194
-4.49658
-4.45134
-4.39864
-4.34172
-4.28382
-4.22879
-4.17719
-4.1266
-4.07647
-4.03503
-4.01571
-4.03367
-4.09052
-4.17461
-4.26439
-4.34413
-4.40455
-4.44641
-4.47314
-4.48831
-4.48827
-4.47312
-4.44378
-4.40356
-4.36389
-4.33507
-4.3266
-4.33788
-4.36094
-4.38581
-4.40873
-4.42877
-4.44844
-4.4671
-4.47776
-4.47796
-4.4668
-4.44622
-4.41727
-4.38439
-4.34567
-4.30545
-4.26869
-4.24257
-4.22651
-4.2163
-4.20924
-4.20475
-4.20889
-4.22304
-4.24566
-4.27012
-4.2928
-4.30169
-4.29886
-4.28052
-4.25359
-4.22058
-4.18724
-4.16553
-4.1641
-4.18863
-4.22275
-4.25032
-4.26353
-4.26489
-4.25214
-4.22797
-4.20338
-4.18626
-4.17824
-4.17721
-4.18132
-4.19441
-4.2174
-4.24508
-4.27413
-4.30086
-4.32303
-4.34388
-4.36656
-4.3987
-4.43125
-4.45444
-4.46291
-4.45402
-4.43305
-4.40388
-4.37099
-4.34032
-4.31252
-4.2865
-4.26055
-4.2315
-4.20211
-4.18671
-4.19655
-4.232
-4.28832
-4.35238
-4.41641
-4.47106
-4.514
-4.53506
-4.53477
-4.51186
-4.47584
-4.43641
-4.40843
-4.40331
-4.41633
-4.44043
-4.46447
-4.48098
-4.48579
-4.47104
-4.43798
-4.38801
-4.32858
-4.27341
-4.23322
-4.2158
-4.22638
-4.26062
-4.30848
-4.36103
-4.40477
-4.43275
-4.44366
-4.43981
-4.42722
-4.41323
-4.40453
-4.40503
-4.41327
-4.42435
-4.42685
-4.41361
-4.3935
-4.38259
-4.37835
-4.37123
-4.35829
-4.34619
-4.3417
-4.34771
-4.36102
-4.36831
-4.36185
-4.33528
-4.29235
-4.24176
-4.20234
-4.18755
-4.20606
-4.24511
-4.28769
-4.32187
-4.34632
-4.36875
-4.38985
-4.40349
-4.40069
-4.38047
-4.35129
-4.32897
-4.3136
-4.30129
-4.28626
-4.26878
-4.25613
-4.25145
-4.25011
-4.24694
-4.23152
-4.20037
-4.15203
-4.10164
-4.06715
-4.06509
-4.09372
-4.14089
-4.20085
-4.26684
-4.32969
-4.38132
-4.41357
-4.42301
-4.41083
-4.38318
-4.35303
-4.33355
-4.33641
-4.36241
-4.40439
-4.45374
-4.49672
-4.52471
-4.53168
-4.52347
-4.50417
-4.48312
-4.46186
-4.43938
-4.41344
-4.3835
-4.35693
-4.34272
-4.3465
-4.36961
-4.40409
-4.43677
-4.45842
-4.45971
-4.44399
-4.41036
-4.36725
-4.32356
-4.2842
-4.25017
-4.22124
-4.19511
-4.17287
-4.15621
-4.14725
-4.14921
-4.16641
-4.19359
-4.22501
-4.2505
-4.26824
-4.28611
-4.31576
-4.35836
-4.4056
-4.44174
-4.46232
-4.47129
-4.47686
-4.48374
-4.49246
-4.50226
-4.50706
-4.50571
-4.49945
-4.49687
-4.5003
-4.51374
-4.53539
-4.55857
-4.57497
-4.57904
-4.5684
-4.54926
-4.52708
-4.5074
-4.49085
-4.47365
-4.45678
-4.43746
-4.41939
-4.4106
-4.41341
-4.42404
-4.43572
-4.43862
-4.42867
-4.40627
-4.37842
-4.35303
-4.3336
-4.32127
-4.30803
-4.28793
-4.25733
-4.22091
-4.19025
-4.1717
-4.16877
-4.18164
-4.21273
-4.26315
-4.31986
-4.37368
-4.41388
-4.43363
-4.43242
-4.41789
-4.40335
-4.40155
-4.41405
-4.43557
-4.45963
-4.47753
-4.49161
-4.49461
-4.48166
-4.448
-4.39171
-4.31964
-4.24279
-4.17373
-4.12687
-4.10689
-4.11528
-4.14474
-4.17974
-4.20697
-4.21112
-4.18509
-4.13087
-4.06536
-4.01843
-4.01337
-4.05728
-4.13661
-4.22652
-4.30989
-4.37731
-4.4256
-4.45741
-4.47491
-4.47567
-4.45602
-4.41502
-4.35723
-4.29203
-4.23278
-4.19186
-4.1736
-4.17197
-4.1773
-4.1805
-4.18095
-4.18292
-4.18803
-4.1936
-4.19935
-4.21032
-4.22696
-4.25321
-4.28818
-4.3287
-4.3702
-4.4034
-4.42531
-4.43319
-4.42938
-4.41501
-4.3909
-4.35448
-4.30269
-4.23166
-4.15105
-4.08082
-4.05011
-4.07098
-4.12408
-4.18295
-4.23274
-4.26868
-4.29678
-4.31169
-4.30912
-4.28056
-4.23311
-4.17933
-4.13975
-4.12754
-4.14985
-4.19921
-4.25762
-4.31065
-4.35729
-4.39337
-4.41461
-4.41442
-4.39081
-4.34552
-4.28815
-4.22213
-4.15596
-4.09787
-4.05461
-4.02815
-4.01728
-4.01475
-4.01635
-4.01818
-4.02017
-4.02675
-4.04393
-4.07871
-4.13129
-4.20312
-4.28242
-4.35472
-4.40898
-4.43957
-4.4476
-4.44043
-4.4229
-4.40099
-4.37728
-4.35179
-4.32388
-4.29559
-4.26523
-4.23257
-4.19456
-4.15169
-4.10737
-4.06944
-4.05161
-4.06319
-4.10701
-4.17803
-4.26427
-4.34939
-4.41702
-4.4569
-4.46383
-4.44215
-4.40308
-4.35656
-4.31583
-4.28509
-4.27126
-4.27622
-4.29923
-4.33253
-4.36608
-4.3918
-4.40396
-4.40742
-4.41026
-4.41426
-4.41283
-4.40144
-4.38316
-4.37447
-4.38981
-4.42228
-4.46522
-4.50541
-4.5353
-4.55444
-4.56701
-4.57891
-4.59321
-4.60861
-4.61517
-4.61023
-4.59838
-4.58233
-4.56854
-4.55623
-4.54069
-4.51632
-4.4835
-4.44681
-4.41401
-4.39378
-4.38771
-4.39313
-4.40164
-4.41093
-4.41751
-4.42481
-4.43366
-4.44873
-4.47327
-4.50682
-4.54452
-4.57549
-4.58984
-4.5798
-4.53757
-4.46417
-4.37446
-4.28977
-4.23064
-4.20389
-4.2081
-4.2411
-4.29746
-4.36738
-4.42925
-4.4695
-4.47823
-4.46555
-4.4459
-4.43239
-4.43269
-4.44786
-4.47637
-4.50604
-4.53051
-4.54094
-4.53281
-4.50321
-4.45604
-4.39571
-4.3343
-4.27896
-4.2309
-4.19055
-4.15791
-4.13336
-4.11839
-4.11736
-4.12626
-4.13937
-4.15028
-4.16237
-4.1825
-4.20564
-4.21741
-4.20812
-4.17766
-4.14065
-4.11492
-4.11102
-4.12737
-4.14986
-4.16794
-4.17601
-4.1755
-4.16841
-4.16332
-4.1632
-4.17124
-4.18605
-4.20477
-4.22539
-4.2477
-4.26693
-4.2821
-4.28298
-4.27125
-4.25428
-4.24532
-4.24987
-4.26335
-4.27454
-4.28599
-4.2995
-4.31306
-4.32311
-4.32841
-4.33036
-4.33602
-4.35074
-4.37627
-4.40768
-4.43737
-4.45826
-4.46808
-4.4713
-4.47152
-4.47952
-4.5013
-4.53156
-4.56265
-4.5774
-4.57038
-4.54446
-4.50768
-4.46773
-4.42903
-4.39287
-4.35658
-4.3151
-4.26588
-4.21375
-4.16906
-4.14141
-4.13733
-4.15295
-4.17767
-4.20134
-4.21437
-4.21835
-4.21862
-4.22517
-4.23802
-4.24292
-4.22772
-4.18455
-4.12785
-4.08543
-4.07567
-4.09076
-4.11496
-4.13294
-4.14077
-4.14171
-4.14314
-4.153
-4.17458
-4.20435
-4.23488
-4.25884
-4.26716
-4.26006
-4.23855
-4.21236
-4.18706
-4.17416
-4.17653
-4.19143
-4.21093
-4.22454
-4.23147
-4.23396
-4.23555
-4.23501
-4.23138
-4.22748
-4.22802
-4.23321
-4.24464
-4.2601
-4.2797
-4.29764
-4.30784
-4.31028
-4.30678
-4.30613
-4.31774
-4.33943
-4.36037
-4.36335
-4.34211
-4.30495
-4.26658
-4.23154
-4.20289
-4.18298
-4.16825
-4.15779
-4.15401
-4.15868
-4.17168
-4.19158
-4.21943
-4.25514
-4.29634
-4.33792
-4.3724
-4.3977
-4.40775
-4.40027
-4.37107
-4.32112
-4.25796
-4.19452
-4.14841
-4.14042
-4.18169
-4.25958
-4.34257
-4.40842
-4.44588
-4.45651
-4.44325
-4.41106
-4.36412
-4.31107
-4.2615
-4.22807
-4.22117
-4.24012
-4.27905
-4.32867
-4.37809
-4.41974
-4.45037
-4.46588
-4.46786
-4.45442
-4.43215
-4.40415
-4.37875
-4.36366
-4.36432
-4.38326
-4.41267
-4.44529
-4.4713
-4.4817
-4.46999
-4.43088
-4.36575
-4.29017
-4.22085
-4.16895
-4.13463
-4.12217
-4.12644
-4.15035
-4.18998
-4.23567
-4.27906
-4.30954
-4.32534
-4.32795
-4.32066
-4.30492
-4.2912
-4.28495
-4.28819
-4.29917
-4.31423
-4.32767
-4.3332
-4.324
-4.30502
-4.28429
-4.26907
-4.25747
-4.23845
-4.20879
-4.18112
-4.18581
-4.22341
-4.25679
-4.26574
-4.25825
-4.25119
-4.258
-4.28024
-4.31498
-4.36082
-4.41279
-4.4663
-4.5089
-4.53817
-4.55699
-4.56701
-4.56974
-4.56444
-4.54636
-4.5097
-4.45016
-4.37939
-4.32102
-4.29332
-4.29437
-4.31164
-4.3429
-4.382
-4.42218
-4.45475
-4.47271
-4.47124
-4.45551
-4.43346
-4.40765
-4.37502
-4.33075
-4.27212
-4.20852
-4.15462
-4.11932
-4.099
-4.08978
-4.09736
-4.135
-4.2024
-4.28127
-4.35086
-4.39715
-4.41537
-4.40694
-4.3766
-4.33519
-4.29765
-4.2777
-4.27798
-4.29632
-4.32894
-4.37109
-4.41426
-4.44988
-4.46752
-4.46287
-4.43658
-4.3979
-4.35288
-4.31043
-4.27181
-4.23847
-4.21611
-4.21463
-4.24063
-4.27852
-4.31455
-4.3398
-4.35441
-4.3646
-4.3692
-4.36291
-4.34387
-4.32259
-4.3129
-4.32242
-4.34763
-4.37234
-4.38572
-4.37904
-4.35379
-4.31759
-4.27843
-4.24325
-4.22064
-4.20737
-4.19915
-4.1928
-4.18882
-4.18443
-4.17465
-4.15812
-4.12765
-4.08308
-4.03161
-3.9829
-3.96037
-3.97648
-4.02739
-4.10306
-4.1844
-4.25414
-4.3022
-4.3272
-4.3284
-4.30937
-4.2761
-4.23282
-4.18597
-4.14631
-4.11672
-4.10149
-4.09622
-4.09785
-4.10801
-4.13355
-4.18451
-4.25921
-4.34639
-4.42817
-4.4935
-4.53514
-4.54939
-4.53751
-4.5047
-4.45469
-4.39657
-4.33796
-4.29191
-4.25465
-4.22211
-4.18671
-4.14599
-4.10767
-4.08792
-4.08869
-4.09984
-4.11034
-4.13954
-4.20511
-4.29126
-4.36752
-4.41671
-4.44048
-4.44712
-4.43968
-4.42169
-4.39744
-4.37268
-4.35101
-4.33546
-4.32607
-4.31997
-4.31438
-4.30756
-4.29877
-4.29216
-4.28936
-4.29116
-4.29694
-4.30134
-4.30698
-4.31223
-4.31982
-4.3301
-4.34188
-4.3522
-4.36388
-4.37744
-4.39073
-4.40039
-4.40475
-4.4013
-4.39013
-4.37002
-4.34424
-4.3142
-4.277
-4.23511
-4.1908
-4.15215
-4.12707
-4.12509
-4.14583
-4.18256
-4.22351
-4.26035
-4.28837
-4.30758
-4.32626
-4.34889
-4.37521
-4.40151
-4.42293
-4.43874
-4.44552
-4.44708
-4.44339
-4.43748
-4.42338
-4.39587
-4.35873
-4.32201
-4.29564
-4.28262
-4.27276
-4.25982
-4.23484
-4.19905
-4.15667
-4.12525
-4.11354
-4.12545
-4.14875
-4.17059
-4.17935
-4.17388
-4.15644
-4.13552
-4.11588
-4.10229
-4.09823
-4.10395
-4.11958
-4.14594
-4.17069
-4.18486
-4.17768
-4.14954
-4.11049
-4.08619
-4.09414
-4.12838
-4.16881
-4.2065
-4.24442
-4.28795
-4.33543
-4.37915
-4.41091
-4.42808
-4.43036
-4.42142
-4.41085
-4.40286
-4.39471
-4.3864
-4.38197
-4.38266
-4.38615
-4.3759
-4.33772
-4.27688
-4.22214
-4.2011
-4.21034
-4.23182
-4.25338
-4.27194
-4.28435
-4.2949
-4.30045
-4.30309
-4.30411
-4.30951
-4.31801
-4.32757
-4.33772
-4.3501
-4.36388
-4.38015
-4.39236
-4.39897
-4.39135
-4.37208
-4.33872
-4.3
-4.25787
-4.21677
-4.17935
-4.14611
-4.12151
-4.10862
-4.1163
-4.14278
-4.18819
-4.25004
-4.3203
-4.39031
-4.4466
-4.47966
-4.48795
-4.47551
-4.44862
-4.40997
-4.36787
-4.32538
-4.28977
-4.26895
-4.26366
-4.27216
-4.28548
-4.30121
-4.31624
-4.32681
-4.32838
-4.32038
-4.31018
-4.30295
-4.30695
-4.33244
-4.37503
-4.41978
-4.46019
-4.48962
-4.50464
-4.49982
-4.47127
-4.41993
-4.35336
-4.28318
-4.22042
-4.18056
-4.1678
-4.18048
-4.20848
-4.24057
-4.26431
-4.27226
-4.26327
-4.24535
-4.22903
-4.21859
-4.21379
-4.21698
-4.22459
-4.23327
-4.2392
-4.24471
-4.24899
-4.25581
-4.26087
-4.26046
-4.25483
-4.25101
-4.25292
-4.26599
-4.29508
-4.33537
-4.38105
-4.42573
-4.46235
-4.48695
-4.50724
-4.52478
-4.54425
-4.56471
-4.58809
-4.6061
-4.60904
-4.58935
-4.54343
-4.47392
-4.3927
-4.32079
-4.27748
-4.2715
-4.28725
-4.30379
-4.31444
-4.32235
-4.33315
-4.34856
-4.36046
-4.36521
-4.36856
-4.38469
-4.41998
-4.46841
-4.51879
-4.55896
-4.57841
-4.57079
-4.53872
-4.49458
-4.45689
-4.44172
-4.45343
-4.48595
-4.52307
-4.547
-4.55178
-4.53129
-4.48584
-4.42091
-4.34295
-4.25986
-4.18287
-4.11429
-4.06237
-4.03711
-4.04849
-4.09753
-4.1727
-4.24978
-4.31272
-4.35239
-4.37028
-4.37257
-4.36544
-4.35381
-4.342
-4.33219
-4.32388
-4.31548
-4.31049
-4.29959
-4.2877
-4.27739
-4.27143
-4.27323
-4.28085
-4.28669
-4.28745
-4.28218
-4.26666
-4.24227
-4.21704
-4.19437
-4.17876
-4.16432
-4.14831
-4.13448
-4.12593
-4.12701
-4.14018
-4.16408
-4.19932
-4.237
-4.26974
-4.29576
-4.3124
-4.32326
-4.33092
-4.341
-4.35705
-4.37564
-4.39037
-4.39981
-4.40397
-4.40405
-4.40511
-4.40708
-4.41336
-4.41832
-4.4212
-4.41421
-4.39651
-4.36652
-4.33062
-4.29525
-4.26759
-4.2515
-4.25015
-4.26482
-4.29561
-4.33679
-4.37678
-4.40511
-4.42051
-4.42108
-4.41367
-4.40333
-4.39504
-4.38383
-4.3639
-4.33043
-4.28879
-4.2472
-4.22473
-4.22795
-4.2484
-4.26934
-4.27867
-4.27153
-4.25036
-4.21676
-4.17796
-4.14635
-4.13375
-4.14228
-4.16048
-4.17053
-4.16228
-4.14099
-4.11577
-4.09839
-4.08746
-4.08261
-4.0834
-4.08655
-4.09302
-4.10545
-4.12168
-4.14111
-4.15865
-4.17274
-4.17708
-4.17445
-4.16203
-4.14808
-4.1446
-4.15978
-4.19039
-4.2299
-4.26753
-4.29754
-4.3173
-4.32639
-4.3254
-4.32462
-4.32821
-4.34589
-4.38212
-4.41951
-4.43466
-4.4212
-4.39397
-4.37409
-4.37429
-4.3869
-4.4006
-4.40504
-4.39017
-4.36092
-4.32456
-4.29271
-4.27379
-4.2695
-4.26804
-4.26211
-4.24896
-4.22998
-4.20799
-4.19247
-4.19008
-4.2009
-4.22159
-4.24554
-4.26879
-4.29339
-4.31923
-4.34644
-4.37266
-4.3891
-4.38922
-4.37409
-4.34373
-4.30121
-4.25389
-4.21104
-4.18254
-4.17452
-4.19174
-4.23463
-4.29138
-4.34324
-4.37713
-4.38794
-4.37553
-4.34879
-4.31753
-4.29307
-4.28201
-4.28432
-4.29355
-4.30533
-4.30959
-4.30566
-4.29612
-4.28905
-4.28475
-4.28391
-4.28083
-4.27449
-4.26833
-4.26536
-4.26264
-4.25806
-4.24945
-4.23783
-4.23183
-4.23467
-4.24886
-4.27473
-4.29905
-4.31101
-4.29959
-4.26386
-4.21059
-4.15521
-4.10961
-4.07741
-4.05503
-4.04649
-4.05771
-4.09204
-4.14783
-4.21526
-4.28157
-4.33285
-4.36005
-4.36134
-4.33989
-4.30204
-4.25973
-4.22456
-4.20834
-4.21161
-4.23076
-4.25878
-4.28881
-4.31263
-4.32363
-4.31961
-4.3019
-4.27795
-4.26188
-4.26138
-4.2769
-4.2998
-4.32554
-4.34979
-4.37298
-4.39651
-4.42741
-4.46358
-4.50346
-4.53891
-4.56446
-4.57295
-4.56353
-4.53493
-4.48817
-4.42852
-4.35931
-4.29049
-4.23203
-4.18208
-4.14427
-4.13045
-4.1549
-4.20459
-4.25179
-4.28767
-4.30891
-4.32248
-4.33158
-4.33501
-4.33573
-4.33592
-4.33554
-4.32719
-4.30969
-4.28459
-4.25713
-4.23959
-4.24158
-4.26193
-4.29577
-4.33318
-4.36043
-4.37594
-4.37868
-4.37339
-4.36238
-4.34773
-4.33369
-4.323
-4.31901
-4.31734
-4.31773
-4.31553
-4.31381
-4.31187
-4.31466
-4.32355
-4.33662
-4.35187
-4.36276
-4.36327
-4.35305
-4.33932
-4.32844
-4.31682
-4.29517
-4.25746
-4.21164
-4.17683
-4.16892
-4.18307
-4.20805
-4.22911
-4.24263
-4.25932
-4.28468
-4.31883
-4.35161
-4.37431
-4.3858
-4.38674
-4.38432
-4.38203
-4.3817
-4.38287
-4.38569
-4.38501
-4.37618
-4.35779
-4.33038
-4.29472
-4.25325
-4.21371
-4.17976
-4.15281
-4.13913
-4.13831
-4.14842
-4.16387
-4.18017
-4.19585
-4.22021
-4.26218
-4.32066
-4.38487
-4.44476
-4.48943
-4.51229
-4.5137
-4.49896
-4.4767
-4.4549
-4.44091
-4.43964
-4.4426
-4.44162
-4.42929
-4.39986
-4.35949
-4.31178
-4.26933
-4.24287
-4.2363
-4.25166
-4.28455
-4.32842
-4.37384
-4.41277
-4.43411
-4.43389
-4.41562
-4.39139
-4.36923
-4.35432
-4.35301
-4.36634
-4.38643
-4.40236
-4.40347
-4.39144
-4.37164
-4.35388
-4.34182
-4.33359
-4.3292
-4.32828
-4.32761
-4.32745
-4.33413
-4.34583
-4.35722
-4.36134
-4.35478
-4.33842
-4.31747
-4.30412
-4.30531
-4.32178
-4.34527
-4.36329
-4.35968
-4.32466
-4.26465
-4.19928
-4.16338
-4.18005
-4.23754
-4.29687
-4.33878
-4.35968
-4.36114
-4.34781
-4.32652
-4.30177
-4.28833
-4.29102
-4.30935
-4.33677
-4.36042
-4.3709
-4.36101
-4.33213
-4.28936
-4.24243
-4.20941
-4.2042
-4.22851
-4.27056
-4.30687
-4.32845
-4.32911
-4.31939
-4.30402
-4.28788
-4.27198
-4.26183
-4.26132
-4.2715
-4.29184
-4.3215
-4.35704
-4.38907
-4.41129
-4.41332
-4.39122
-4.35236
-4.31118
-4.2774
-4.26107
-4.26331
-4.27775
-4.29314
-4.28979
-4.25731
-4.19406
-4.10115
-3.99933
-3.92258
-3.89714
-3.91908
-3.96888
-4.02603
-4.07833
-4.11951
-4.15827
-4.20701
-4.26325
-4.31609
-4.35361
-4.37405
-4.37084
-4.34814
-4.31134
-4.27031
-4.23819
-4.22749
-4.24813
-4.29103
-4.3428
-4.38947
-4.41901
-4.43301
-4.43578
-4.4358
-4.43498
-4.43436
-4.43455
-4.43668
-4.4388
-4.44165
-4.45074
-4.46484
-4.48388
-4.4967
-4.49918
-4.48942
-4.47055
-4.44629
-4.42122
-4.40075
-4.38706
-4.37786
-4.37211
-4.36994
-4.36586
-4.35539
-4.33354
-4.30088
-4.26448
-4.22875
-4.19877
-4.178
-4.17098
-4.18181
-4.20477
-4.22676
-4.23582
-4.22237
-4.19155
-4.15414
-4.11868
-4.09031
-4.06666
-4.04638
-4.0284
-4.01205
-3.99973
-3.99201
-3.98535
-3.98443
-3.99589
-4.03218
-4.09624
-4.17477
-4.25102
-4.31811
-4.36744
-4.39479
-4.40143
-4.39675
-4.38922
-4.39432
-4.41616
-4.45339
-4.49934
-4.54165
-4.5659
-4.56073
-4.52434
-4.46288
-4.39271
-4.33916
-4.31165
-4.30585
-4.31648
-4.331
-4.33161
-4.31391
-4.27295
-4.21993
-4.17717
-4.16731
-4.19918
-4.26074
-4.33127
-4.3853
-4.41173
-4.41267
-4.39653
-4.37508
-4.35843
-4.35635
-4.37162
-4.40143
-4.44163
-4.48587
-4.5263
-4.55302
-4.56599
-4.55978
-4.53657
-4.49402
-4.4346
-4.36422
-4.29056
-4.22128
-4.16233
-4.11612
-4.08465
-4.07126
-4.07741
-4.09784
-4.11768
-4.12799
-4.1251
-4.11092
-4.09412
-4.08148
-4.08409
-4.10256
-4.13465
-4.17208
-4.20786
-4.24334
-4.28329
-4.32938
-4.38077
-4.43538
-4.48955
-4.53839
-4.57955
-4.60327
-4.6006
-4.57227
-4.52484
-4.4716
-4.42053
-4.37467
-4.33335
-4.29503
-4.26385
-4.24409
-4.24144
-4.25918
-4.29229
-4.32799
-4.35564
-4.36767
-4.36161
-4.34081
-4.31546
-4.28461
-4.2506
-4.20973
-4.1708
-4.15101
-4.16139
-4.20306
-4.26077
-4.32082
-4.3691
-4.40282
-4.4235
-4.44134
-4.45589
-4.46929
-4.48127
-4.49326
-4.50797
-4.51415
-4.50483
-4.47514
-4.42819
-4.37088
-4.31093
-4.25208
-4.19509
-4.13444
-4.06634
-3.98712
-3.90754
-3.84564
-3.82616
-3.87022
-3.97749
-4.11323
-4.24292
-4.34406
-4.41176
-4.44725
-4.45799
-4.44885
-4.42682
-4.39343
-4.35365
-4.31496
-4.28341
-4.26194
-4.25034
-4.2404
-4.22165
-4.18148
-4.12032
-4.04998
-3.99474
-3.98201
-4.02036
-4.10441
-4.21339
-4.32229
-4.41472
-4.47962
-4.50802
-4.50287
-4.47014
-4.41959
-4.3609
-4.30503
-4.26281
-4.24126
-4.24557
-4.27081
-4.31259
-4.35725
-4.39438
-4.41005
-4.39753
-4.35567
-4.29712
-4.2326
-4.1739
-4.13461
-4.12174
-4.13421
-4.16821
-4.21802
-4.27841
-4.34769
-4.42349
-4.49642
-4.55642
-4.58657
-4.58068
-4.53603
-4.46386
-4.38197
-4.30658
-4.25055
-4.21619
-4.20168
-4.20551
-4.22464
-4.25398
-4.28999
-4.32846
-4.36249
-4.38824
-4.39526
-4.38431
-4.35891
-4.32839
-4.30496
-4.30016
-4.31357
-4.33615
-4.35808
-4.36805
-4.35858
-4.32722
-4.28242
-4.2358
-4.19681
-4.17614
-4.17122
-4.17537
-4.17886
-4.17953
-4.18002
-4.18446
-4.1986
-4.22217
-4.24903
-4.27978
-4.30567
-4.3236
-4.32896
-4.32643
-4.31802
-4.31309
-4.31371
-4.32291
-4.33719
-4.36101
-4.39143
-4.42668
-4.46319
-4.49001
-4.49774
-4.48318
-4.447
-4.39477
-4.33893
-4.28962
-4.25246
-4.2254
-4.19891
-4.17415
-4.16156
-4.17463
-4.21342
-4.26078
-4.30184
-4.32859
-4.33519
-4.32305
-4.29333
-4.25392
-4.21477
-4.18648
-4.17911
-4.1962
-4.23485
-4.28411
-4.33805
-4.38814
-4.42986
-4.45963
-4.4774
-4.48189
-4.47373
-4.4538
-4.42492
-4.39073
-4.35641
-4.32366
-4.29317
-4.26036
-4.21784
-4.16212
-4.09282
-4.02077
-3.96425
-3.94495
-3.97162
-4.03143
-4.1059
-4.17696
-4.23139
-4.26691
-4.28488
-4.28827
-4.28845
-4.29584
-4.31802
-4.35043
-4.3832
-4.39569
-4.38703
-4.35931
-4.32396
-4.29292
-4.273
-4.2604
-4.25698
-4.26019
-4.26791
-4.27622
-4.28286
-4.28643
-4.2886
-4.29265
-4.30073
-4.31689
-4.34744
-4.39226
-4.44154
-4.48369
-4.50524
-4.49904
-4.46821
-4.42028
-4.36529
-4.30744
-4.23846
-4.16123
-4.09036
-4.05288
-4.06546
-4.12255
-4.20551
-4.29411
-4.37267
-4.4369
-4.48285
-4.50857
-4.51662
-4.50349
-4.47273
-4.42876
-4.38461
-4.3454
-4.31057
-4.27632
-4.24327
-4.22196
-4.21523
-4.22218
-4.23367
-4.24549
-4.25622
-4.27148
-4.29056
-4.31129
-4.33144
-4.34448
-4.35496
-4.36721
-4.39252
-4.43184
-4.48079
-4.52832
-4.56284
-4.57882
-4.57668
-4.56124
-4.53607
-4.50515
-4.47745
-4.46834
-4.48549
-4.51836
-4.5418
-4.53876
-4.50563
-4.45212
-4.39897
-4.35542
-4.31782
-4.28112
-4.24534
-4.21457
-4.19295
-4.17714
-4.16384
-4.16324
-4.20488
-4.29323
-4.39903
-4.48927
-4.55436
-4.5933
-4.60513
-4.59313
-4.55965
-4.51596
-4.46999
-4.43624
-4.42367
-4.43542
-4.46164
-4.48864
-4.504
-4.50514
-4.49227
-4.47187
-4.44031
-4.39432
-4.33906
-4.28619
-4.24117
-4.2095
-4.19061
-4.1863
-4.19525
-4.20939
-4.22489
-4.23671
-4.24583
-4.26215
-4.29627
-4.35443
-4.4341
-4.5239
-4.60742
-4.67523
-4.72024
-4.73705
-4.72334
-4.67997
-4.61714
-4.54773
-4.48399
-4.43087
-4.38605
-4.3477
-4.32029
-4.30678
-4.31023
-4.32621
-4.34825
-4.36937
-4.38117
-4.38192
-4.37419
-4.36355
-4.35527
-4.35096
-4.35246
-4.36404
-4.38671
-4.41579
-4.44564
-4.46888
-4.48006
-4.48436
-4.48055
-4.4734
-4.46697
-4.45556
-4.44071
-4.42467
-4.40774
-4.39137
-4.3782
-4.37155
-4.37553
-4.39049
-4.41346
-4.43359
-4.44656
-4.4482
-4.43704
-4.41651
-4.38801
-4.35577
-4.32421
-4.29628
-4.27537
-4.25775
-4.2477
-4.23971
-4.22922
-4.21184
-4.18722
-4.15614
-4.12898
-4.11002
-4.10147
-4.10275
-4.11383
-4.13795
-4.17315
-4.21226
-4.24161
-4.24985
-4.2357
-4.20648
-4.18403
-4.19088
-4.2325
-4.28601
-4.3284
-4.35216
-4.35885
-4.34744
-4.32409
-4.29839
-4.28502
-4.29063
-4.31105
-4.33285
-4.34788
-4.35388
-4.3557
-4.35041
-4.33667
-4.31421
-4.28712
-4.27381
-4.28659
-4.32209
-4.36314
-4.39758
-4.41761
-4.42009
-4.40821
-4.38675
-4.36405
-4.34571
-4.33562
-4.33618
-4.34296
-4.34814
-4.34835
-4.34313
-4.34166
-4.34893
-4.36736
-4.39315
-4.42185
-4.45235
-4.48159
-4.50436
-4.51548
-4.51138
-4.4938
-4.46307
-4.41981
-4.36096
-4.29019
-4.22125
-4.1726
-4.14878
-4.15208
-4.17844
-4.22618
-4.28261
-4.34013
-4.38924
-4.42723
-4.44897
-4.44788
-4.42314
-4.38114
-4.33184
-4.29057
-4.26774
-4.26202
-4.26236
-4.25973
-4.25513
-4.25807
-4.27602
-4.31322
-4.36578
-4.42341
-4.47328
-4.50326
-4.49894
-4.45813
-4.39177
-4.31986
-4.26699
-4.24824
-4.2648
-4.31431
-4.38429
-4.45771
-4.51397
-4.53789
-4.51846
-4.46013
-4.37875
-4.29837
-4.23257
-4.18959
-4.17135
-4.17885
-4.20752
-4.25108
-4.30644
-4.3648
-4.41948
-4.46166
-4.48527
-4.48867
-4.46903
-4.43006
-4.37622
-4.31518
-4.25312
-4.19257
-4.13328
-4.07486
-4.02497
-3.99836
-4.00464
-4.03594
-4.07301
-4.10349
-4.12883
-4.15773
-4.1935
-4.22803
-4.25086
-4.25743
-4.25001
-4.2373
-4.22913
-4.23632
-4.26223
-4.30612
-4.35633
-4.40316
-4.43708
-4.4511
-4.44029
-4.40597
-4.35623
-4.30888
-4.27675
-4.27332
-4.30086
-4.34733
-4.40447
-4.45827
-4.4992
-4.52775
-4.54661
-4.5594
-4.56762
-4.57233
-4.57658
-4.58586
-4.59928
-4.61101
-4.61275
-4.59624
-4.55444
-4.49092
-4.41542
-4.34795
-4.30157
-4.28152
-4.28641
-4.30879
-4.34256
-4.38232
-4.41887
-4.44482
-4.45597
-4.4475
-4.42058
-4.373
-4.31371
-4.2555
-4.21073
-4.18937
-4.19153
-4.20651
-4.22392
-4.23541
-4.23577
-4.22382
-4.20502
-4.18197
-4.1665
-4.16665
-4.18645
-4.2163
-4.24571
-4.26389
-4.26985
-4.26673
-4.26
-4.25319
-4.24545
-4.23341
-4.21491
-4.18823
-4.15972
-4.14458
-4.15431
-4.19422
-4.25612
-4.32526
-4.38848
-4.44
-4.47427
-4.49179
-4.49248
-4.47118
-4.42594
-4.36679
-4.3022
-4.24443
-4.20161
-4.17319
-4.15992
-4.16309
-4.18691
-4.22596
-4.27181
-4.31484
-4.3465
-4.36782
-4.37949
-4.38249
-4.38062
-4.37789
-4.38378
-4.40209
-4.43168
-4.46652
-4.49374
-4.5048
-4.4954
-4.46447
-4.42092
-4.37071
-4.32667
-4.30715
-4.32896
-4.38673
-4.45646
-4.51227
-4.54381
-4.55216
-4.5431
-4.52954
-4.5221
-4.53087
-4.55154
-4.57113
-4.57883
-4.57426
-4.55533
-4.5307
-4.50269
-4.47987
-4.46357
-4.44936
-4.43273
-4.40772
-4.37687
-4.35065
-4.33674
-4.33037
-4.3243
-4.31458
-4.29832
-4.26904
-4.22918
-4.18257
-4.14258
-4.11744
-4.11568
-4.14284
-4.19142
-4.24846
-4.29386
-4.31649
-4.31711
-4.30505
-4.29393
-4.28794
-4.28312
-4.2807
-4.27993
-4.27878
-4.27354
-4.2639
-4.25566
-4.2586
-4.28137
-4.32139
-4.37101
-4.42541
-4.4886
-4.56309
-4.63063
-4.66726
-4.66104
-4.6111
-4.53955
-4.48122
-4.45757
-4.46005
-4.46751
-4.46989
-4.4674
-4.46048
-4.45412
-4.45275
-4.45287
-4.44778
-4.42959
-4.39982
-4.36106
-4.32921
-4.31161
-4.3098
-4.32369
-4.35185
-4.38221
-4.40634
-4.41473
-4.40695
-4.37628
-4.32774
-4.26882
-4.21565
-4.18298
-4.17439
-4.18308
-4.19919
-4.2142
-4.22875
-4.2454
-4.26632
-4.29196
-4.31872
-4.34249
-4.35832
-4.36257
-4.35531
-4.34361
-4.32818
-4.31236
-4.29938
-4.28832
-4.28171
-4.28273
-4.30005
-4.33868
-4.39018
-4.44634
-4.49872
-4.53605
-4.55362
-4.54975
-4.53466
-4.51214
-4.48791
-4.46515
-4.44117
-4.41349
-4.38522
-4.37103
-4.37551
-4.39065
-4.39841
-4.3932
-4.3849
-4.38914
-4.40991
-4.44224
-4.47383
-4.49356
-4.4885
-4.4528
-4.39495
-4.33484
-4.30029
-4.29382
-4.29651
-4.28685
-4.26042
-4.23339
-4.22534
-4.24574
-4.29031
-4.34431
-4.39102
-4.42121
-4.43959
-4.45649
-4.47183
-4.48582
-4.48872
-4.47834
-4.44736
-4.40028
-4.34769
-4.29665
-4.25854
-4.23491
-4.22484
-4.22399
-4.22886
-4.2416
-4.26531
-4.3003
-4.34226
-4.39352
-4.4458
-4.4924
-4.5248
-4.53748
-4.5317
-4.51087
-4.48755
-4.46479
-4.44301
-4.41659
-4.38571
-4.34699
-4.3012
-4.25548
-4.21828
-4.20161
-4.21132
-4.23905
-4.26608
-4.27264
-4.25786
-4.23679
-4.22779
-4.24687
-4.29528
-4.36375
-4.43611
-4.49411
-4.53111
-4.54789
-4.54614
-4.52996
-4.5067
-4.4766
-4.44083
-4.40544
-4.37695
-4.36295
-4.36144
-4.36603
-4.37059
-4.36783
-4.35805
-4.35085
-4.35188
-4.36475
-4.3941
-4.43612
-4.48562
-4.5369
-4.58329
-4.6191
-4.64254
-4.65287
-4.65181
-4.64105
-4.62373
-4.60358
-4.57757
-4.54646
-4.51182
-4.47793
-4.45213
-4.43684
-4.43263
-4.43545
-4.4388
-4.43927
-4.42657
-4.39958
-4.35973
-4.31506
-4.27281
-4.23896
-4.21207
-4.1863
-4.15627
-4.1265
-4.11035
-4.11856
-4.14871
-4.18641
-4.22611
-4.26694
-4.30702
-4.33983
-4.36415
-4.38979
-4.42135
-4.45862
-4.49317
-4.52583
-4.5549
-4.57575
-4.58507
-4.57934
-4.55411
-4.51728
-4.47814
-4.44801
-4.43374
-4.426
-4.41831
-4.40386
-4.38464
-4.36253
-4.34236
-4.32674
-4.31593
-4.30409
-4.29023
-4.27313
-4.26033
-4.2598
-4.27155
-4.29107
-4.31142
-4.32542
-4.32983
-4.3243
-4.31082
-4.28383
-4.24151
-4.18723
-4.14043
-4.12535
-4.14162
-4.1763
-4.21285
-4.24914
-4.27678
-4.2875
-4.27827
-4.2526
-4.21789
-4.18881
-4.17378
-4.17275
-4.18628
-4.21504
-4.25626
-4.3027
-4.3475
-4.38155
-4.39484
-4.3876
-4.359
-4.31701
-4.2684
-4.22689
-4.2033
-4.19504
-4.1977
-4.19645
-4.18647
-4.16507
-4.1485
-4.15089
-4.18497
-4.24164
-4.30212
-4.35049
-4.37611
-4.38467
-4.38323
-4.3775
-4.37027
-4.35613
-4.33291
-4.30265
-4.26433
-4.22297
-4.18037
-4.1426
-4.11015
-4.08795
-4.0801
-4.08003
-4.08516
-4.09807
-4.12782
-4.18062
-4.25046
-4.32827
-4.39565
-4.44387
-4.46684
-4.46248
-4.43179
-4.38805
-4.35085
-4.33929
-4.35479
-4.38908
-4.43202
-4.47187
-4.5011
-4.51446
-4.51106
-4.49479
-4.47359
-4.45938
-4.45944
-4.46995
-4.48198
-4.48524
-4.48093
-4.46568
-4.44797
-4.43153
-4.41938
-4.4085
-4.3969
-4.38169
-4.37036
-4.37144
-4.3871
-4.4133
-4.43807
-4.45858
-4.47376
-4.48846
-4.50075
-4.50584
-4.49871
-4.47446
-4.43534
-4.39321
-4.36713
-4.36306
-4.37801
-4.40111
-4.42457
-4.44886
-4.47205
-4.49653
-4.51663
-4.52959
-4.53022
-4.51679
-4.48853
-4.44931
-4.40667
-4.36876
-4.34013
-4.32406
-4.32059
-4.32622
-4.33611
-4.34413
-4.34741
-4.35077
-4.35921
-4.37133
-4.39133
-4.41549
-4.44138
-4.46141
-4.46197
-4.43195
-4.36114
-4.25417
-4.14034
-4.07522
-4.09033
-4.16676
-4.267
-4.35948
-4.42303
-4.44223
-4.41167
-4.3417
-4.2582
-4.1907
-4.15043
-4.12233
-4.08745
-4.04029
-3.99372
-3.96705
-3.97939
-4.03771
-4.12277
-4.21346
-4.29715
-4.37439
-4.4403
-4.49179
-4.5244
-4.54059
-4.54178
-4.53757
-4.53652
-4.54003
-4.54976
-4.55821
-4.56115
-4.55144
-4.52084
-4.4716
-4.40228
-4.32173
-4.24091
-4.17212
-4.12661
-4.1061
-4.10562
-4.11452
-4.12876
-4.14792
-4.17239
-4.20373
-4.23847
-4.26876
-4.2825
-4.27534
-4.24716
-4.20711
-4.16767
-4.14915
-4.16251
-4.20633
-4.26461
-4.32456
-4.37605
-4.41769
-4.4506
-4.47744
-4.49841
-4.50683
-4.49674
-4.46606
-4.4144
-4.35048
-4.28322
-4.21311
-4.14311
-4.08079
-4.04004
-4.03478
-4.06505
-4.11415
-4.16456
-4.21189
-4.26013
-4.3107
-4.36076
-4.3994
-4.41559
-4.40733
-4.37591
-4.32986
-4.28237
-4.24809
-4.23973
-4.2605
-4.30586
-4.37261
-4.45022
-4.52692
-4.5904
-4.6316
-4.64837
-4.63822
-4.6057
-4.56036
-4.50647
-4.45437
-4.40661
-4.36566
-4.32844
-4.29283
-4.25683
-4.2263
-4.20765
-4.21209
-4.24025
-4.28145
-4.32362
-4.35484
-4.36683
-4.35894
-4.33944
-4.3174
-4.30203
-4.30392
-4.3304
-4.37702
-4.42847
-4.47303
-4.49947
-4.50512
-4.48442
-4.44167
-4.38329
-4.32186
-4.27209
-4.24015
-4.22551
-4.22404
-4.2342
-4.25984
-4.29583
-4.34034
-4.38444
-4.42111
-4.44279
-4.45179
-4.44649
-4.42817
-4.39656
-4.35044
-4.295
-4.24145
-4.20973
-4.21117
-4.24618
-4.30169
-4.35985
-4.40668
-4.43544
-4.45119
-4.45645
-4.45557
-4.44945
-4.4369
-4.41572
-4.38774
-4.35361
-4.31718
-4.27908
-4.247
-4.2246
-4.21744
-4.21651
-4.21053
-4.19673
-4.17945
-4.17765
-4.2022
-4.25056
-4.31083
-4.36412
-4.40331
-4.42728
-4.44499
-4.457
-4.462
-4.45658
-4.43946
-4.42159
-4.42118
-4.44174
-4.48013
-4.5195
-4.5496
-4.5652
-4.56034
-4.53201
-4.48238
-4.4176
-4.34406
-4.27625
-4.21984
-4.17924
-4.15521
-4.13999
-4.12462
-4.10458
-4.07763
-4.04419
-4.005
-3.96494
-3.92886
-3.90949
-3.9164
-3.95636
-4.01626
-4.0747
-4.11448
-4.13747
-4.1651
-4.20202
-4.23283
-4.25222
-4.26392
-4.27449
-4.28543
-4.29895
-4.31009
-4.32082
-4.32574
-4.32461
-4.3202
-4.31747
-4.31725
-4.31675
-4.30949
-4.29331
-4.26757
-4.23689
-4.20551
-4.17959
-4.16344
-4.15995
-4.16868
-4.19171
-4.2245
-4.26335
-4.30326
-4.33927
-4.37117
-4.3954
-4.40877
-4.40868
-4.39645
-4.37752
-4.36008
-4.34825
-4.34414
-4.34508
-4.34367
-4.33071
-4.30625
-4.27162
-4.23141
-4.19623
-4.17143
-4.16298
-4.16906
-4.19439
-4.23156
-4.27124
-4.30365
-4.32218
-4.32444
-4.31207
-4.29201
-4.27674
-4.27201
-4.26901
-4.25125
-4.21236
-4.15799
-4.10283
-4.05571
-4.02966
-4.03008
-4.05679
-4.10256
-4.16189
-4.23027
-4.30551
-4.37663
-4.43679
-4.47786
-4.4975
-4.50167
-4.50029
-4.48925
-4.45926
-4.40787
-4.33979
-4.27126
-4.21748
-4.18413
-4.16938
-4.16857
-4.17906
-4.20266
-4.24301
-4.30347
-4.37029
-4.42783
-4.46256
-4.47117
-4.45576
-4.41758
-4.36297
-4.3011
-4.24132
-4.20041
-4.18216
-4.1854
-4.20406
-4.23444
-4.27211
-4.31299
-4.34947
-4.36603
-4.35788
-4.32268
-4.27468
-4.23504
-4.21184
-4.19798
-4.17742
-4.15412
-4.13929
-4.14551
-4.16889
-4.1913
-4.20098
-4.1984
-4.19648
-4.21165
-4.24566
-4.28932
-4.32679
-4.34608
-4.34373
-4.32756
-4.29798
-4.26405
-4.23083
-4.20741
-4.20635
-4.23037
-4.27525
-4.32739
-4.37163
-4.4013
-4.4149
-4.41393
-4.39981
-4.37753
-4.35208
-4.33017
-4.32068
-4.33011
-4.35759
-4.39997
-4.45309
-4.51049
-4.56661
-4.61241
-4.64406
-4.66169
-4.66527
-4.66057
-4.6457
-4.61855
-4.577
-4.52628
-4.47908
-4.45577
-4.46297
-4.48434
-4.50117
-4.49729
-4.47142
-4.42838
-4.37554
-4.32088
-4.27184
-4.23174
-4.20934
-4.20872
-4.23447
-4.27849
-4.33384
-4.3866
-4.43054
-4.45829
-4.46526
-4.45021
-4.42028
-4.38074
-4.34166
-4.31114
-4.29677
-4.30001
-4.31475
-4.33386
-4.34842
-4.35026
-4.32537
-4.27148
-4.1942
-4.12946
-4.12414
-4.18217
-4.27127
-4.35311
-4.40811
-4.43531
-4.44314
-4.44491
-4.44782
-4.45428
-4.46472
-4.47609
-4.4908
-4.50412
-4.51353
-4.51405
-4.50501
-4.48786
-4.46722
-4.44665
-4.43071
-4.42425
-4.42364
-4.41851
-4.39945
-4.37647
-4.36328
-4.37275
-4.40358
-4.44691
-4.4923
-4.53704
-4.57231
-4.59683
-4.60937
-4.61148
-4.59967
-4.57112
-4.52474
-4.46133
-4.38645
-4.32373
-4.29633
-4.30373
-4.33275
-4.37128
-4.41282
-4.45118
-4.47488
-4.47429
-4.45005
-4.40856
-4.36334
-4.32677
-4.31301
-4.32511
-4.36492
-4.42533
-4.49443
-4.55659
-4.59915
-4.61501
-4.60254
-4.5651
-4.50821
-4.43882
-4.36653
-4.30678
-4.26704
-4.24829
-4.23651
-4.21979
-4.19529
-4.1648
-4.14509
-4.151
-4.19136
-4.26215
-4.34131
-4.41185
-4.4634
-4.49708
-4.52588
-4.55998
-4.60252
-4.64107
-4.65545
-4.63766
-4.58552
-4.50577
-4.41181
-4.31707
-4.24156
-4.2006
-4.2046
-4.24808
-4.31747
-4.39303
-4.45807
-4.50211
-4.51994
-4.51025
-4.48079
-4.4396
-4.39628
-4.36271
-4.33718
-4.31382
-4.28612
-4.25075
-4.22053
-4.20962
-4.22255
-4.2485
-4.27222
-4.28786
-4.29063
-4.28306
-4.26678
-4.24108
-4.20303
-4.15316
-4.09407
-4.03961
-3.99911
-3.97652
-3.96836
-3.97232
-3.99192
-4.02845
-4.07647
-4.13379
-4.19804
-4.26268
-4.32458
-4.37686
-4.41299
-4.43128
-4.43476
-4.4278
-4.41898
-4.41169
-4.40785
-4.40882
-4.41517
-4.42689
-4.4464
-4.47604
-4.5085
-4.54349
-4.58117
-4.62121
-4.66024
-4.69033
-4.70088
-4.68254
-4.63786
-4.57653
-4.51511
-4.47015
-4.44786
-4.44779
-4.46334
-4.48293
-4.49607
-4.49525
-4.47805
-4.44518
-4.40527
-4.36269
-4.32256
-4.28464
-4.2449
-4.20084
-4.15405
-4.11228
-4.08114
-4.06858
-4.08272
-4.12401
-4.186
-4.2569
-4.3235
-4.37906
-4.41615
-4.43803
-4.44931
-4.46876
-4.5066
-4.56527
-4.63541
-4.70426
-4.75479
-4.77964
-4.7813
-4.76499
-4.73744
-4.70507
-4.66441
-4.61227
-4.54808
-4.47825
-4.41022
-4.35208
-4.30726
-4.28063
-4.27984
-4.30318
-4.34027
-4.38058
-4.41902
-4.45657
-4.49636
-4.53601
-4.57061
-4.59299
-4.59725
-4.59087
-4.57213
-4.54451
-4.50524
-4.45237
-4.3909
-4.32903
-4.2771
-4.24156
-4.22983
-4.23894
-4.26398
-4.29594
-4.326
-4.34554
-4.35045
-4.33881
-4.31597
-4.286
-4.25693
-4.231
-4.20722
-4.18859
-4.17091
-4.15852
-4.15427
-4.16536
-4.19641
-4.2446
-4.30027
-4.35385
-4.3949
-4.42401
-4.44263
-4.45112
-4.45081
-4.44228
-4.42929
-4.40844
-4.3758
-4.33097
-4.27177
-4.20428
-4.13696
-4.0854
-4.0645
-4.08249
-4.13304
-4.20173
-4.27684
-4.34817
-4.40686
-4.44229
-4.45078
-4.4363
-4.409
-4.38037
-4.35584
-4.33617
-4.32079
-4.30718
-4.30083
-4.3047
-4.31917
-4.34588
-4.37979
-4.41938
-4.454
-4.48043
-4.49198
-4.48891
-4.47718
-4.46033
-4.44039
-4.41734
-4.38939
-4.35118
-4.30241
-4.2445
-4.18379
-4.12879
-4.0837
-4.0531
-4.03955
-4.0488
-4.07915
-4.12215
-4.17195
-4.22208
-4.2679
-4.30665
-4.33752
-4.35782
-4.36926
-4.37548
-4.3736
-4.36229
-4.34282
-4.32048
-4.30243
-4.29352
-4.29549
-4.31133
-4.33606
-4.36546
-4.39226
-4.41928
-4.44491
-4.47396
-4.50902
-4.54724
-4.58646
-4.61679
-4.63168
-4.62277
-4.58861
-4.52588
-4.43592
-4.32797
-4.21361
-4.1116
-4.03589
-3.99449
-3.9914
-4.02774
-4.09846
-4.19001
-4.28202
-4.3616
-4.41893
-4.45439
-4.47198
-4.47435
-4.46049
-4.43371
-4.39784
-4.36304
-4.33129
-4.30203
-4.26868
-4.23075
-4.19057
-4.15392
-4.12612
-4.10623
-4.08755
-4.06789
-4.04807
-4.0413
-4.05691
-4.09499
-4.14754
-4.20472
-4.25596
-4.30133
-4.33468
-4.35201
-4.34966
-4.33366
-4.30798
-4.27818
-4.2506
-4.2271
-4.2157
-4.21307
-4.21639
-4.21876
-4.21605
-4.21165
-4.20996
-4.2095
-4.20379
-4.18622
-4.15535
-4.11496
-4.07499
-4.05737
-4.07364
-4.13114
-4.22016
-4.32483
-4.42675
-4.51032
-4.5644
-4.58908
-4.58523
-4.56187
-4.52963
-4.4947
-4.46917
-4.45644
-4.45929
-4.47061
-4.47679
-4.47207
-4.45677
-4.43667
-4.4162
-4.39417
-4.36905
-4.33591
-4.2987
-4.26469
-4.23691
-4.21625
-4.19981
-4.18481
-4.171
-4.16282
-4.16795
-4.18993
-4.22946
-4.27992
-4.33541
-4.38492
-4.4218
-4.44035
-4.44024
-4.42144
-4.39636
-4.36913
-4.3474
-4.33497
-4.32639
-4.31677
-4.31074
-4.31569
-4.34293
-4.39001
-4.44453
-4.48919
-4.50955
-4.49955
-4.45856
-4.39291
-4.30971
-4.22541
-4.16013
-4.1297
-4.14223
-4.19269
-4.25817
-4.31978
-4.36363
-4.38399
-4.38283
-4.36987
-4.35713
-4.35667
-4.37991
-4.42586
-4.4817
-4.53376
-4.57049
-4.57897
-4.5595
-4.51319
-4.44627
-4.36589
-4.27276
-4.18375
-4.11425
-4.07463
-4.06585
-4.07623
-4.09717
-4.12103
-4.15132
-4.18759
-4.22154
-4.24698
-4.25613
-4.25557
-4.25097
-4.25211
-4.27
-4.30718
-4.35989
-4.42036
-4.47995
-4.53232
-4.5723
-4.59948
-4.60966
-4.60238
-4.57725
-4.53905
-4.49123
-4.44052
-4.39243
-4.35423
-4.3325
-4.32476
-4.32609
-4.32809
-4.33188
-4.33513
-4.33826
-4.33859
-4.33883
-4.33776
-4.33769
-4.34578
-4.364
-4.39269
-4.42575
-4.45111
-4.46038
-4.45132
-4.43048
-4.40755
-4.39137
-4.385
-4.38765
-4.38884
-4.38357
-4.36097
-4.31654
-4.25647
-4.19827
-4.16314
-4.16069
-4.18791
-4.23158
-4.27913
-4.31787
-4.34521
-4.35702
-4.35805
-4.35228
-4.34524
-4.33348
-4.31262
-4.27604
-4.23
-4.18547
-4.15707
-4.14886
-4.16012
-4.18342
-4.20835
-4.2329
-4.25036
-4.25413
-4.23833
-4.20596
-4.17006
-4.15576
-4.16883
-4.19518
-4.21624
-4.2231
-4.21965
-4.20948
-4.20403
-4.21559
-4.24449
-4.2889
-4.33566
-4.38067
-4.42073
-4.45723
-4.49169
-4.5238
-4.55317
-4.57709
-4.59519
-4.6061
-4.61023
-4.60643
-4.59605
-4.57906
-4.55454
-4.51975
-4.47339
-4.41353
-4.34857
-4.28576
-4.24069
-4.21747
-4.21435
-4.22197
-4.23247
-4.24347
-4.25587
-4.26817
-4.28067
-4.29226
-4.30321
-4.31016
-4.30652
-4.29466
-4.27477
-4.25103
-4.2235
-4.19234
-4.15998
-4.13969
-4.15219
-4.19559
-4.26405
-4.344
-4.42119
-4.4822
-4.51731
-4.5289
-4.52512
-4.52036
-4.52094
-4.53291
-4.55418
-4.57427
-4.59088
-4.60075
-4.6061
-4.60528
-4.60081
-4.59224
-4.57542
-4.54764
-4.50558
-4.44681
-4.38073
-4.31116
-4.24789
-4.19464
-4.15473
-4.12757
-4.11836
-4.13097
-4.15868
-4.19152
-4.21781
-4.22861
-4.22778
-4.22657
-4.23551
-4.25128
-4.26604
-4.27253
-4.27081
-4.26441
-4.25741
-4.2566
-4.26513
-4.28129
-4.30925
-4.34257
-4.37831
-4.41065
-4.43487
-4.44394
-4.43519
-4.40746
-4.36139
-4.2981
-4.22573
-4.15087
-4.09397
-4.06807
-4.07173
-4.09975
-4.14648
-4.20372
-4.26539
-4.32269
-4.36819
-4.39825
-4.41625
-4.42358
-4.422
-4.41647
-4.40881
-4.4044
-4.40304
-4.40089
-4.39825
-4.39367
-4.38988
-4.38698
-4.38812
-4.39848
-4.421
-4.45851
-4.5083
-4.56755
-4.62948
-4.68926
-4.73767
-4.76805
-4.77523
-4.76114
-4.73026
-4.68641
-4.63395
-4.57501
-4.51323
-4.46093
-4.42772
-4.40985
-4.39054
-4.36282
-4.33253
-4.30902
-4.29767
-4.29774
-4.30209
-4.30578
-4.30134
-4.29065
-4.27961
-4.26954
-4.259
-4.24906
-4.2468
-4.2572
-4.28688
-4.32612
-4.36729
-4.39848
-4.41413
-4.41285
-4.39558
-4.37629
-4.36572
-4.35644
-4.33497
-4.29442
-4.24163
-4.18602
-4.1365
-4.0955
-4.06684
-4.06082
-4.08313
-4.12672
-4.18142
-4.23436
-4.27463
-4.29782
-4.30047
-4.2817
-4.24771
-4.2083
-4.17854
-4.15968
-4.14232
-4.12487
-4.10959
-4.10606
-4.12096
-4.14854
-4.17559
-4.18782
-4.17807
-4.15115
-4.112
-4.07477
-4.05077
-4.04787
-4.06225
-4.09028
-4.11981
-4.15121
-4.18083
-4.21224
-4.24464
-4.28087
-4.32485
-4.37574
-4.42975
-4.47626
-4.50694
-4.50875
-4.47928
-4.4226
-4.34915
-4.27841
-4.21844
-4.17264
-4.15066
-4.16174
-4.21044
-4.28343
-4.36438
-4.44189
-4.51568
-4.58006
-4.62436
-4.6422
-4.63367
-4.60776
-4.57531
-4.54696
-4.52759
-4.52142
-4.52822
-4.54173
-4.55972
-4.57337
-4.57589
-4.56139
-4.53558
-4.50955
-4.4988
-4.5129
-4.54459
-4.58012
-4.60761
-4.61888
-4.60848
-4.5807
-4.54935
-4.52524
-4.51703
-4.52288
-4.54249
-4.56196
-4.57341
-4.57229
-4.55765
-4.53157
-4.49756
-4.4608
-4.42692
-4.3943
-4.35907
-4.31837
-4.27435
-4.23635
-4.21308
-4.212
-4.23457
-4.27694
-4.32895
-4.3802
-4.41788
-4.43916
-4.44373
-4.43189
-4.40724
-4.37618
-4.35088
-4.34061
-4.34538
-4.35298
-4.35649
-4.35393
-4.34521
-4.33041
-4.30718
-4.27595
-4.24076
-4.20112
-4.16023
-4.12749
-4.11851
-4.14292
-4.20036
-4.27724
-4.3632
-4.45005
-4.52761
-4.58802
-4.62143
-4.62356
-4.59574
-4.54137
-4.47094
-4.39702
-4.32665
-4.26976
-4.23266
-4.22275
-4.23998
-4.27476
-4.31543
-4.35152
-4.37554
-4.38472
-4.38101
-4.36529
-4.34715
-4.33678
-4.33724
-4.34095
-4.33845
-4.32962
-4.3173
-4.30438
-4.29384
-4.28524
-4.27803
-4.26911
-4.25548
-4.23794
-4.22243
-4.20935
-4.20349
-4.20902
-4.22358
-4.2355
-4.22995
-4.19983
-4.15223
-4.10812
-4.07427
-4.06023
-4.06544
-4.08
-4.09291
-4.096
-4.08991
-4.0758
-4.07432
-4.106
-4.16775
-4.24115
-4.30734
-4.3604
-4.40082
-4.42643
-4.4392
-4.43881
-4.43083
-4.41029
-4.38187
-4.34698
-4.30835
-4.26911
-4.23279
-4.19913
-4.17357
-4.16054
-4.16303
-4.18026
-4.20952
-4.24622
-4.28588
-4.32587
-4.36253
-4.39057
-4.40269
-4.39485
-4.36758
-4.32656
-4.27771
-4.23416
-4.20177
-4.18886
-4.196
-4.21751
-4.24243
-4.25831
-4.2571
-4.23271
-4.18618
-4.12456
-4.06501
-4.0269
-4.01702
-4.03164
-4.0607
-4.09961
-4.14686
-4.20696
-4.28287
-4.37138
-4.46006
-4.53019
-4.57146
-4.57913
-4.55869
-4.52088
-4.47608
-4.42517
-4.36779
-4.30154
-4.22959
-4.17037
-4.1459
-4.15753
-4.19072
-4.22595
-4.24743
-4.24943
-4.23301
-4.19826
-4.15305
-4.10665
-4.07659
-4.08186
-4.13056
-4.21086
-4.30004
-4.38063
-4.44426
-4.48738
-4.5089
-4.50889
-4.49373
-4.46695
-4.43644
-4.40866
-4.38639
-4.36646
-4.34394
-4.32032
-4.30411
-4.31158
-4.34334
-4.3848
-4.41607
-4.42189
-4.40301
-4.37206
-4.34113
-4.31629
-4.29642
-4.27564
-4.25472
-4.24529
-4.25552
-4.28856
-4.33935
-4.39203
-4.42907
-4.4346
-4.40401
-4.34872
-4.29749
-4.27789
-4.29951
-4.34357
-4.39011
-4.42974
-4.46095
-4.48171
-4.48496
-4.47096
-4.44255
-4.41352
-4.3987
-4.40622
-4.42618
-4.44487
-4.4512
-4.44256
-4.42176
-4.3936
-4.36692
-4.34652
-4.33677
-4.3326
-4.32234
-4.29889
-4.25592
-4.19751
-4.135
-4.08595
-4.06135
-4.05614
-4.05754
-4.06458
-4.0791
-4.10567
-4.14166
-4.18091
-4.21654
-4.24441
-4.27197
-4.30652
-4.34524
-4.3842
-4.41344
-4.42976
-4.43319
-4.42596
-4.41506
-4.40346
-4.39685
-4.39883
-4.4091
-4.42364
-4.4351
-4.43733
-4.42525
-4.39564
-4.35675
-4.31206
-4.27172
-4.24618
-4.24446
-4.26724
-4.31068
-4.35447
-4.38655
-4.4013
-4.39887
-4.38301
-4.36443
-4.34812
-4.34016
-4.33988
-4.34432
-4.34819
-4.35614
-4.37056
-4.38764
-4.39806
-4.3946
-4.39183
-4.40379
-4.43778
-4.47822
-4.50708
-4.51723
-4.506
-4.47662
-4.43104
-4.3714
-4.30282
-4.23291
-4.17178
-4.12661
-4.10579
-4.11067
-4.13979
-4.18961
-4.25289
-4.31984
-4.3797
-4.42556
-4.45526
-4.47347
-4.48415
-4.48936
-4.48702
-4.474
-4.44535
-4.39887
-4.33077
-4.24448
-4.14589
-4.04557
-3.96048
-3.89559
-3.85998
-3.8583
-3.89181
-3.94769
-4.00599
-4.05119
-4.08111
-4.10219
-4.12103
-4.14798
-4.184
-4.23241
-4.28836
-4.34772
-4.40521
-4.45748
-4.50193
-4.53381
-4.54828
-4.54385
-4.52012
-4.47995
-4.43219
-4.39027
-4.36686
-4.36498
-4.38399
-4.41326
-4.44023
-4.45582
-4.44977
-4.42664
-4.39645
-4.36679
-4.34368
-4.32959
-4.31769
-4.30085
-4.27712
-4.25179
-4.2337
-4.23107
-4.24021
-4.25582
-4.27371
-4.28951
-4.29869
-4.30077
-4.3015
-4.30218
-4.30677
-4.31138
-4.31236
-4.30971
-4.30959
-4.3213
-4.3513
-4.39192
-4.42797
-4.44951
-4.45155
-4.44363
-4.4334
-4.42324
-4.41361
-4.40924
-4.41797
-4.43823
-4.473
-4.51035
-4.53719
-4.54234
-4.52189
-4.47665
-4.41689
-4.35283
-4.29277
-4.24127
-4.20182
-4.17835
-4.17471
-4.19489
-4.24185
-4.31215
-4.39736
-4.48331
-4.55528
-4.60243
-4.61725
-4.60487
-4.57094
-4.52869
-4.4862
-4.4442
-4.40294
-4.36596
-4.34121
-4.3396
-4.35734
-4.38938
-4.42697
-4.46472
-4.49852
-4.52256
-4.53233
-4.52583
-4.5054
-4.47947
-4.45912
-4.44215
-4.42311
-4.39396
-4.35725
-4.31509
-4.26632
-4.20562
-4.139
-4.08086
-4.04672
-4.03872
-4.05638
-4.10438
-4.17216
-4.2405
-4.29317
-4.327
-4.34206
-4.34636
-4.34639
-4.34782
-4.35301
-4.35726
-4.35567
-4.35113
-4.34342
-4.34095
-4.34577
-4.35683
-4.37078
-4.38138
-4.38661
-4.38407
-4.37767
-4.37274
-4.37305
-4.38299
-4.39931
-4.42061
-4.44064
-4.45727
-4.46483
-4.46028
-4.44192
-4.41315
-4.38034
-4.34634
-4.32083
-4.31004
-4.31945
-4.35311
-4.40153
-4.44634
-4.48135
-4.50899
-4.53496
-4.55443
-4.55754
-4.53722
-4.49857
-4.44968
-4.39778
-4.34716
-4.29085
-4.23106
-4.17222
-4.12629
-4.09956
-4.09447
-4.10706
-4.13343
-4.16709
-4.20401
-4.23199
-4.24855
-4.24444
-4.22845
-4.20963
-4.19775
-4.20258
-4.22238
-4.24969
-4.27463
-4.29105
-4.29805
-4.2978
-4.29357
-4.28859
-4.28414
-4.28123
-4.2846
-4.29587
-4.31769
-4.3411
-4.35765
-4.35831
-4.3426
-4.31334
-4.27435
-4.22673
-4.18133
-4.14547
-4.12461
-4.1266
-4.15098
-4.19068
-4.23739
-4.28232
-4.31912
-4.34247
-4.35347
-4.35315
-4.35082
-4.35205
-4.36537
-4.39344
-4.43142
-4.47436
-4.51684
-4.54982
-4.56706
-4.56532
-4.53947
-4.49767
-4.4464
-4.39448
-4.3468
-4.30987
-4.28652
-4.28806
-4.30967
-4.33914
-4.36473
-4.37633
-4.3674
-4.33896
-4.30007
-4.25999
-4.22819
-4.20894
-4.19491
-4.17647
-4.15339
-4.13137
-4.11843
-4.11884
-4.13221
-4.15733
-4.18663
-4.21202
-4.23159
-4.24587
-4.25655
-4.26247
-4.26599
-4.26121
-4.24731
-4.21982
-4.1772
-4.1193
-4.0534
-3.98815
-3.93541
-3.90476
-3.8976
-3.90943
-3.94061
-3.98619
-4.04334
-4.09969
-4.15307
-4.19708
-4.23534
-4.26956
-4.296
-4.31994
-4.34186
-4.3662
-4.39496
-4.42684
-4.46096
-4.49434
-4.521
-4.53304
-4.53095
-4.51522
-4.49613
-4.48405
-4.47689
-4.46516
-4.42998
-4.36977
-4.29771
-4.2393
-4.21111
-4.21079
-4.22573
-4.24323
-4.2597
-4.27619
-4.29799
-4.31855
-4.33092
-4.33389
-4.33279
-4.32728
-4.31637
-4.30001
-4.28189
-4.26374
-4.24744
-4.23754
-4.24215
-4.26238
-4.29825
-4.34393
-4.39226
-4.44285
-4.49175
-4.53747
-4.57031
-4.58726
-4.5845
-4.56202
-4.51827
-4.46146
-4.40163
-4.34296
-4.29045
-4.25542
-4.24339
-4.25292
-4.26531
-4.26372
-4.24775
-4.22717
-4.21953
-4.23094
-4.26245
-4.30914
-4.36994
-4.43082
-4.48464
-4.52651
-4.55158
-4.55977
-4.55112
-4.52391
-4.4827
-4.43081
-4.37464
-4.32023
-4.26894
-4.21683
-4.16117
-4.10627
-4.05731
-4.02162
-4.00247
-4.00338
-4.03007
-4.08003
-4.14039
-4.19994
-4.24106
-4.25823
-4.2566
-4.24476
-4.23327
-4.22901
-4.23386
-4.24829
-4.26744
-4.28868
-4.31155
-4.33377
-4.35356
-4.37283
-4.39142
-4.40857
-4.42187
-4.42811
-4.42341
-4.40451
-4.37158
-4.3258
-4.27211
-4.21972
-4.17505
-4.14423
-4.13016
-4.12652
-4.1297
-4.13291
-4.13252
-4.1334
-4.13946
-4.15826
-4.18367
-4.2065
-4.21546
-4.21031
-4.19573
-4.1823
-4.1803
-4.18894
-4.20805
-4.23993
-4.2834
-4.33576
-4.3867
-4.42954
-4.46271
-4.49291
-4.53931
-4.60115
-4.66288
-4.70579
-4.71997
-4.70857
-4.68043
-4.64116
-4.59959
-4.56288
-4.52963
-4.50091
-4.46902
-4.42723
-4.37478
-4.31734
-4.26872
-4.24333
-4.24006
-4.25104
-4.26468
-4.27942
-4.29585
-4.31517
-4.33464
-4.34351
-4.32631
-4.27666
-4.20428
-4.13597
-4.09742
-4.09132
-4.10145
-4.11446
-4.12649
-4.13554
-4.13942
-4.14165
-4.15123
-4.18295
-4.24166
-4.31664
-4.38862
-4.4449
-4.47519
-4.48479
-4.48409
-4.48008
-4.47039
-4.45176
-4.4194
-4.3787
-4.33093
-4.28109
-4.23199
-4.19479
-4.1784
-4.1953
-4.24551
-4.3095
-4.36254
-4.39043
-4.39024
-4.36929
-4.33876
-4.30595
-4.26915
-4.23838
-4.22964
-4.25035
-4.28469
-4.32384
-4.36064
-4.39449
-4.42078
-4.43666
-4.43785
-4.42344
-4.39745
-4.36743
-4.34602
-4.34463
-4.36734
-4.40245
-4.43731
-4.45748
-4.45888
-4.44495
-4.42242
-4.39772
-4.37001
-4.3406
-4.31462
-4.29642
-4.2841
-4.27551
-4.26873
-4.25995
-4.24813
-4.23102
-4.21546
-4.20941
-4.22012
-4.24752
-4.28826
-4.33867
-4.38897
-4.42456
-4.44269
-4.43549
-4.40582
-4.36412
-4.32358
-4.29379
-4.28075
-4.28425
-4.29187
-4.29393
-4.28519
-4.26227
-4.22765
-4.18803
-4.15298
-4.14331
-4.16869
-4.22049
-4.28144
-4.3315
-4.36154
-4.36937
-4.35728
-4.33219
-4.29902
-4.26483
-4.23597
-4.22252
-4.22717
-4.24974
-4.27942
-4.30421
-4.31485
-4.30586
-4.28347
-4.26404
-4.27628
-4.32957
-4.4003
-4.45947
-4.49238
-4.4948
-4.47008
-4.42775
-4.37139
-4.31011
-4.2514
-4.20731
-4.1864
-4.18935
-4.21389
-4.25159
-4.29158
-4.32345
-4.34427
-4.34975
-4.33271
-4.29203
-4.23141
-4.16658
-4.12557
-4.12027
-4.15771
-4.22631
-4.30283
-4.37632
-4.4359
-4.4778
-4.50203
-4.50852
-4.4925
-4.45389
-4.39569
-4.32523
-4.25182
-4.18659
-4.13276
-4.09338
-4.06189
-4.04347
-4.04049
-4.05623
-4.0881
-4.12935
-4.17062
-4.20512
-4.23293
-4.25379
-4.26806
-4.2763
-4.28001
-4.27804
-4.27471
-4.2668
-4.25456
-4.23136
-4.2001
-4.16347
-4.12367
-4.08064
-4.03949
-4.01694
-4.02963
-4.08676
-4.17865
-4.28523
-4.38448
-4.46187
-4.51229
-4.53455
-4.52804
-4.49961
-4.46509
-4.43297
-4.41397
-4.41175
-4.4129
-4.40883
-4.3953
-4.38103
-4.37564
-4.37794
-4.37974
-4.37842
-4.37135
-4.36401
-4.35815
-4.35648
-4.36098
-4.37
-4.38024
-4.38634
-4.38376
-4.36832
-4.34129
-4.30573
-4.26744
-4.22591
-4.18151
-4.13684
-4.09302
-4.05416
-4.01918
-3.99252
-3.98023
-3.99355
-4.04093
-4.11975
-4.21388
-4.30467
-4.38097
-4.4385
-4.48065
-4.5109
-4.52905
-4.52996
-4.51351
-4.47666
-4.42941
-4.3781
-4.33376
-4.3013
-4.28288
-4.27521
-4.2768
-4.28749
-4.30823
-4.33823
-4.37223
-4.40807
-4.43865
-4.46334
-4.47555
-4.47398
-4.46117
-4.44069
-4.42068
-4.40717
-4.40037
-4.39865
-4.39972
-4.39547
-4.38607
-4.37249
-4.35344
-4.33381
-4.31596
-4.29973
-4.28208
-4.2571
-4.2221
-4.17994
-4.1348
-4.0956
-4.07309
-4.06911
-4.08122
-4.10261
-4.13026
-4.16158
-4.1949
-4.2286
-4.2553
-4.27281
-4.27657
-4.27096
-4.26609
-4.26502
-4.27308
-4.28373
-4.29639
-4.30587
-4.31338
-4.3146
-4.30543
-4.27887
-4.23563
-4.17757
-4.11717
-4.06562
-4.04145
-4.05666
-4.11721
-4.21115
-4.31704
-4.41427
-4.48992
-4.53955
-4.56682
-4.57513
-4.56905
-4.55147
-4.5287
-4.50305
-4.47306
-4.4364
-4.38938
-4.33343
-4.27912
-4.24296
-4.23598
-4.25068
-4.27483
-4.29574
-4.30974
-4.32144
-4.33619
-4.35628
-4.37899
-4.39885
-4.41142
-4.41601
-4.41474
-4.41131
-4.40917
-4.403
-4.39169
-4.37253
-4.35128
-4.33052
-4.3163
-4.31341
-4.32633
-4.3573
-4.39877
-4.43946
-4.46806
-4.48235
-4.4756
-4.44482
-4.39363
-4.32938
-4.26436
-4.21493
-4.19633
-4.20818
-4.24222
-4.28053
-4.31021
-4.32632
-4.33346
-4.33434
-4.3389
-4.34991
-4.37038
-4.39046
-4.40091
-4.40068
-4.38925
-4.36949
-4.34588
-4.32046
-4.29763
-4.27715
-4.25722
-4.24052
-4.22932
-4.22389
-4.22466
-4.22776
-4.23227
-4.23596
-4.23991
-4.24757
-4.26022
-4.2743
-4.28518
-4.28836
-4.28575
-4.27698
-4.26415
-4.24476
-4.22221
-4.19201
-4.15491
-4.11018
-4.06644
-4.0333
-4.02223
-4.03624
-4.06802
-4.10981
-4.15607
-4.20455
-4.25344
-4.29952
-4.33833
-4.36373
-4.37355
-4.36578
-4.3391
-4.2985
-4.2498
-4.20118
-4.17063
-4.16707
-4.19461
-4.23964
-4.28722
-4.31861
-4.32386
-4.30173
-4.25917
-4.20844
-4.16397
-4.13694
-4.13285
-4.15816
-4.20574
-4.26366
-4.31734
-4.36286
-4.3983
-4.42613
-4.44638
-4.46192
-4.46689
-4.46098
-4.44132
-4.4121
-4.37953
-4.35257
-4.33779
-4.33537
-4.33771
-4.33582
-4.32734
-4.31063
-4.28842
-4.26756
-4.25366
-4.25659
-4.28121
-4.32487
-4.37718
-4.42813
-4.46598
-4.47573
-4.45148
-4.3871
-4.29006
-4.17527
-4.07163
-3.99449
-3.94828
-3.91975
-3.89878
-3.88096
-3.8719
-3.89198
-3.95806
-4.06649
-4.18674
-4.29129
-4.36889
-4.41289
-4.42347
-4.40865
-4.37469
-4.33144
-4.28269
-4.23618
-4.19591
-4.16989
-4.1626
-4.17225
-4.19141
-4.21257
-4.22766
-4.22979
-4.21533
-4.18228
-4.13824
-4.09301
-4.05464
-4.02222
-3.99133
-3.96321
-3.94644
-3.9513
-3.98234
-4.03759
-4.10337
-4.16769
-4.21791
-4.2481
-4.25905
-4.25133
-4.2348
-4.21725
-4.21276
-4.22596
-4.25896
-4.30157
-4.34321
-4.37457
-4.388
-4.38368
-4.36698
-4.34289
-4.31424
-4.28787
-4.27143
-4.26392
-4.26618
-4.27917
-4.29858
-4.31843
-4.3351
-4.35248
-4.37526
-4.40307
-4.42933
-4.44522
-4.44717
-4.43475
-4.41609
-4.39442
-4.37901
-4.37751
-4.396
-4.4241
-4.44475
-4.44835
-4.42822
-4.38978
-4.33669
-4.27403
-4.20984
-4.15769
-4.1291
-4.12557
-4.1401
-4.15977
-4.17856
-4.19308
-4.21023
-4.2342
-4.26743
-4.30961
-4.35073
-4.38716
-4.41675
-4.44244
-4.4597
-4.46296
-4.44482
-4.40857
-4.37194
-4.34638
-4.32951
-4.31523
-4.29956
-4.28268
-4.26961
-4.26487
-4.27047
-4.28044
-4.28614
-4.28021
-4.26304
-4.24653
-4.23575
-4.24017
-4.2634
-4.29187
-4.31703
-4.32657
-4.32109
-4.30004
-4.26834
-4.23644
-4.20822
-4.18334
-4.1562
-4.13225
-4.11867
-4.12208
-4.14456
-4.17943
-4.21832
-4.24554
-4.2528
-4.24264
-4.22717
-4.22106
-4.23294
-4.26538
-4.30782
-4.35483
-4.39969
-4.43506
-4.45879
-4.46852
-4.46537
-4.46067
-4.46306
-4.47956
-4.50255
-4.52051
-4.51776
-4.48889
-4.43739
-4.368
-4.29248
-4.22259
-4.16726
-4.13968
-4.14609
-4.18202
-4.23486
-4.28859
-4.33261
-4.35933
-4.3615
-4.34191
-4.30284
-4.25792
-4.21407
-4.18432
-4.17661
-4.19387
-4.23386
-4.28137
-4.31907
-4.33597
-4.33391
-4.32219
-4.31587
-4.32036
-4.33552
-4.35618
-4.36641
-4.36936
-4.36634
-4.36149
-4.35422
-4.34335
-4.32429
-4.29869
-4.27067
-4.25429
-4.25697
-4.28141
-4.31964
-4.35613
-4.38131
-4.38661
-4.37054
-4.33884
-4.29762
-4.26058
-4.24003
-4.23883
-4.25471
-4.2805
-4.30537
-4.32691
-4.34069
-4.35048
-4.35281
-4.34324
-4.32079
-4.28719
-4.24637
-4.20708
-4.17526
-4.15268
-4.13338
-4.11787
-4.10324
-4.09202
-4.08428
-4.07951
-4.07312
-4.06662
-4.0601
-4.05396
-4.04884
-4.04448
-4.04151
-4.04337
-4.05528
-4.08212
-4.12508
-4.17666
-4.22774
-4.26907
-4.29972
-4.32182
-4.33786
-4.34732
-4.35002
-4.34247
-4.31963
-4.28335
-4.2403
-4.20446
-4.18781
-4.19106
-4.20215
-4.21985
-4.24279
-4.27357
-4.3058
-4.3324
-4.34808
-4.3502
-4.34037
-4.32337
-4.31142
-4.30987
-4.31912
-4.33615
-4.3522
-4.36371
-4.36786
-4.36814
-4.36423
-4.35755
-4.34478
-4.3294
-4.31016
-4.29195
-4.27881
-4.27801
-4.29343
-4.33286
-4.3904
-4.45773
-4.5218
-4.57026
-4.59324
-4.59063
-4.56069
-4.51101
-4.44915
-4.3844
-4.33316
-4.30316
-4.29218
-4.29402
-4.30726
-4.33392
-4.37287
-4.42036
-4.46746
-4.50937
-4.54134
-4.57041
-4.59974
-4.63161
-4.668
-4.70572
-4.73527
-4.74461
-4.72552
-4.67852
-4.60995
-4.53427
-4.47104
-4.43298
-4.41588
-4.41265
-4.41826
-4.42737
-4.43553
-4.43807
-4.43686
-4.43392
-4.42952
-4.42358
-4.41403
-4.40174
-4.39569
-4.40602
-4.42999
-4.46106
-4.4943
-4.52403
-4.54459
-4.54879
-4.53252
-4.49926
-4.45589
-4.40949
-4.36362
-4.31453
-4.26478
-4.22335
-4.19833
-4.19454
-4.20876
-4.23587
-4.27216
-4.31443
-4.36058
-4.40596
-4.44529
-4.47389
-4.4808
-4.46761
-4.43511
-4.39165
-4.35074
-4.31986
-4.29983
-4.28961
-4.28367
-4.28192
-4.28836
-4.29472
-4.29207
-4.27933
-4.2615
-4.25302
-4.25791
-4.26944
-4.2784
-4.27217
-4.25079
-4.21938
-4.17902
-4.14028
-4.11501
-4.10706
-4.12414
-4.15675
-4.20345
-4.26262
-4.32612
-4.37422
-4.38564
-4.3531
-4.28125
-4.18542
-4.08493
-4.00733
-3.98335
-4.02434
-4.10878
-4.20523
-4.28627
-4.34073
-4.36718
-4.36254
-4.3364
-4.30096
-4.27131
-4.2587
-4.26922
-4.29918
-4.33557
-4.36793
-4.38874
-4.39338
-4.38365
-4.36453
-4.33793
-4.31068
-4.28775
-4.27034
-4.25616
-4.23701
-4.21152
-4.18486
-4.17024
-4.1809
-4.21887
-4.27801
-4.34351
-4.39662
-4.42096
-4.41036
-4.36903
-4.31356
-4.26354
-4.23528
-4.22851
-4.236
-4.25222
-4.27129
-4.28961
-4.30672
-4.32475
-4.34981
-4.382
-4.42118
-4.46191
-4.48904
-4.49392
-4.47859
-4.45314
-4.42489
-4.40055
-4.37808
-4.35483
-4.3306
-4.30363
-4.27709
-4.25339
-4.22929
-4.20247
-4.16646
-4.12553
-4.0813
-4.03922
-4.00868
-3.99275
-3.99333
-4.00573
-4.0193
-4.02576
-4.02462
-4.01694
-4.01279
-4.018
-4.03635
-4.06878
-4.10579
-4.1391
-4.16133
-4.17275
-4.1748
-4.17446
-4.18117
-4.19916
-4.22579
-4.25465
-4.2828
-4.30735
-4.32695
-4.33896
-4.34293
-4.34284
-4.3447
-4.35636
-4.38445
-4.42759
-4.47815
-4.52167
-4.54597
-4.54495
-4.51808
-4.47128
-4.41724
-4.36878
-4.33218
-4.30617
-4.28948
-4.28843
-4.31273
-4.35436
-4.395
-4.41716
-4.41833
-4.41598
-4.42262
-4.43725
-4.44828
-4.44813
-4.43955
-4.42767
-4.4176
-4.40136
-4.37308
-4.32312
-4.26011
-4.20357
-4.18089
-4.19819
-4.23668
-4.27785
-4.31461
-4.34929
-4.37876
-4.40578
-4.43264
-4.46564
-4.51208
-4.56842
-4.62232
-4.66284
-4.6792
-4.66977
-4.63487
-4.58265
-4.51818
-4.45444
-4.4018
-4.37068
-4.37132
-4.39806
-4.43282
-4.45241
-4.45351
-4.44222
-4.4286
-4.4208
-4.41689
-4.41063
-4.39488
-4.3667
-4.33069
-4.29021
-4.2504
-4.2145
-4.18538
-4.16196
-4.14646
-4.14034
-4.14921
-4.17986
-4.23124
-4.29296
-4.35065
-4.39353
-4.41718
-4.42586
-4.42387
-4.41263
-4.39869
-4.3893
-4.39417
-4.41146
-4.43892
-4.46461
-4.48032
-4.47901
-4.45829
-4.42238
-4.37546
-4.32355
-4.27461
-4.2349
-4.21058
-4.20236
-4.20743
-4.2176
-4.23011
-4.23852
-4.23659
-4.22873
-4.21144
-4.18717
-4.15674
-4.12354
-4.09254
-4.07424
-4.08181
-4.12316
-4.19744
-4.29219
-4.38678
-4.45721
-4.49625
-4.50242
-4.48078
-4.43845
-4.38752
-4.33685
-4.2982
-4.2763
-4.27419
-4.2879
-4.30929
-4.32491
-4.3311
-4.33191
-4.33009
-4.3268
-4.32736
-4.3335
-4.34826
-4.37247
-4.40722
-4.45299
-4.50563
-4.55324
-4.58629
-4.59422
-4.57402
-4.52928
-4.47503
-4.42681
-4.39952
-4.39124
-4.39717
-4.40981
-4.42199
-4.42896
-4.42445
-4.40668
-4.37334
-4.32527
-4.26834
-4.21538
-4.17685
-4.16074
-4.17351
-4.2156
-4.27461
-4.32643
-4.34708
-4.32797
-4.27745
-4.2103
-4.14703
-4.10309
-4.08494
-4.08972
-4.11284
-4.1519
-4.20266
-4.25827
-4.31032
-4.3474
-4.36103
-4.34984
-4.31805
-4.27845
-4.24016
-4.20964
-4.18399
-4.15953
-4.13122
-4.10038
-4.08005
-4.08648
-4.1236
-4.18135
-4.24142
-4.29772
-4.35156
-4.40967
-4.47579
-4.54481
-4.60774
-4.6571
-4.68781
-4.69413
-4.67638
-4.63721
-4.58401
-4.52817
-4.47802
-4.43586
-4.40341
-4.38425
-4.37808
-4.38009
-4.38618
-4.39482
-4.40411
-4.41178
-4.41523
-4.41246
-4.40332
-4.39089
-4.38463
-4.38802
-4.40313
-4.42509
-4.44062
-4.44384
-4.43842
-4.42916
-4.42138
-4.41887
-4.42082
-4.42612
-4.43414
-4.44162
-4.44239
-4.43158
-4.40792
-4.37457
-4.33168
-4.28342
-4.23617
-4.20041
-4.182
-4.18426
-4.19865
-4.21058
-4.21651
-4.23371
-4.27749
-4.33333
-4.36407
-4.34969
-4.29131
-4.20849
-4.12833
-4.07763
-4.07192
-4.10657
-4.16413
-4.21888
-4.25235
-4.2603
-4.24717
-4.22802
-4.21444
-4.21267
-4.21961
-4.23051
-4.23674
-4.23039
-4.21224
-4.18113
-4.14895
-4.12863
-4.12405
-4.13167
-4.15128
-4.18957
-4.2542
-4.33837
-4.42042
-4.48332
-4.51874
-4.52537
-4.50506
-4.46402
-4.41204
-4.3617
-4.32396
-4.30382
-4.29874
-4.30573
-4.3146
-4.3168
-4.30356
-4.27729
-4.24882
-4.23391
-4.24109
-4.26588
-4.29806
-4.33519
-4.37536
-4.41491
-4.45156
-4.48167
-4.50448
-4.52111
-4.53724
-4.55319
-4.56507
-4.56347
-4.5477
-4.5185
-4.48192
-4.44196
-4.40526
-4.37718
-4.3669
-4.3682
-4.37384
-4.37525
-4.36032
-4.32729
-4.27858
-4.22725
-4.18324
-4.15992
-4.16201
-4.18654
-4.23076
-4.28398
-4.33749
-4.38352
-4.41826
-4.43433
-4.42922
-4.40459
-4.36958
-4.3343
-4.30747
-4.29107
-4.28533
-4.28319
-4.28777
-4.29823
-4.31722
-4.34893
-4.38756
-4.43194
-4.47393
-4.50531
-4.52655
-4.5277
-4.51191
-4.48006
-4.43998
-4.39686
-4.35762
-4.32539
-4.29909
-4.27334
-4.24194
-4.20725
-4.17166
-4.14669
-4.14169
-4.1542
-4.17778
-4.20866
-4.23921
-4.26352
-4.2794
-4.28389
-4.28635
-4.30079
-4.33424
-4.38125
-4.43044
-4.47101
-4.49894
-4.5125
-4.51718
-4.51986
-4.52187
-4.51953
-4.50351
-4.47369
-4.44278
-4.42095
-4.40185
-4.378
-4.3475
-4.31856
-4.29806
-4.28627
-4.27608
-4.26638
-4.25529
-4.24692
-4.24331
-4.24428
-4.24782
-4.25314
-4.26089
-4.27433
-4.29464
-4.32317
-4.35696
-4.39083
-4.42002
-4.44277
-4.45876
-4.4648
-4.46029
-4.44292
-4.41506
-4.3822
-4.35463
-4.34319
-4.34508
-4.35392
-4.35429
-4.34448
-4.32567
-4.30338
-4.27739
-4.24361
-4.20081
-4.1539
-4.10627
-4.07358
-4.06684
-4.08685
-4.11397
-4.1296
-4.1285
-4.11823
-4.10788
-4.10374
-4.10609
-4.10919
-4.11432
-4.11907
-4.1262
-4.14376
-4.17407
-4.21457
-4.2557
-4.28511
-4.29573
-4.28414
-4.2535
-4.20802
-4.16657
-4.14333
-4.14442
-4.15856
-4.1712
-4.17765
-4.17763
-4.17451
-4.16974
-4.16546
-4.15948
-4.15181
-4.14262
-4.13794
-4.1415
-4.14892
-4.16118
-4.19077
-4.23756
-4.29094
-4.33321
-4.35516
-4.36055
-4.36005
-4.35665
-4.34537
-4.33162
-4.32924
-4.34376
-4.35948
-4.36437
-4.34878
-4.31301
-4.26382
-4.2124
-4.17023
-4.13669
-4.10417
-4.07322
-4.05722
-4.07022
-4.11213
-4.17516
-4.24837
-4.32085
-4.38923
-4.44614
-4.48987
-4.51947
-4.53948
-4.55493
-4.56839
-4.58237
-4.59487
-4.59814
-4.58714
-4.558
-4.50809
-4.43588
-4.34691
-4.24749
-4.15443
-4.09801
-4.09073
-4.11375
-4.14647
-4.18124
-4.21928
-4.25679
-4.29277
-4.3245
-4.355
-4.38551
-4.41269
-4.43759
-4.45321
-4.45498
-4.44108
-4.41589
-4.39147
-4.38162
-4.38873
-4.4078
-4.4293
-4.45119
-4.47512
-4.50034
-4.51608
-4.50932
-4.47023
-4.3956
-4.29241
-4.17798
-4.07644
-4.00747
-3.98083
-3.99489
-4.03268
-4.07197
-4.10788
-4.14144
-4.17279
-4.20477
-4.23322
-4.25496
-4.27186
-4.28899
-4.31737
-4.35818
-4.41507
-4.48346
-4.55256
-4.60714
-4.63812
-4.63822
-4.61104
-4.56738
-4.51726
-4.47151
-4.43253
-4.39273
-4.34862
-4.30478
-4.27434
-4.26184
-4.26644
-4.28535
-4.31453
-4.3491
-4.38256
-4.40655
-4.41847
-4.41537
-4.39659
-4.36797
-4.33679
-4.30773
-4.28117
-4.25395
-4.21968
-4.17546
-4.13373
-4.11415
-4.1259
-4.16198
-4.20792
-4.25273
-4.29202
-4.32619
-4.35422
-4.37139
-4.3785
-4.37501
-4.36564
-4.35934
-4.36119
-4.3728
-4.38459
-4.38419
-4.36765
-4.33903
-4.30397
-4.2712
-4.25148
-4.25161
-4.2651
-4.28394
-4.29547
-4.29598
-4.28757
-4.27767
-4.27703
-4.28873
-4.30968
-4.32535
-4.3268
-4.31295
-4.28825
-4.25943
-4.23285
-4.21361
-4.20726
-4.21745
-4.2349
-4.25663
-4.28064
-4.30709
-4.33852
-4.37469
-4.40785
-4.42599
-4.42353
-4.40185
-4.37047
-4.33486
-4.30204
-4.28196
-4.27924
-4.294
-4.31884
-4.34112
-4.34997
-4.34081
-4.31861
-4.2936
-4.28212
-4.29337
-4.32232
-4.36416
-4.40831
-4.44858
-4.47327
-4.47852
-4.46453
-4.43932
-4.41402
-4.39328
-4.36894
-4.32909
-4.27414
-4.21981
-4.18451
-4.17947
-4.20099
-4.242
-4.29704
-4.35965
-4.42239
-4.47382
-4.50413
-4.50747
-4.48573
-4.44401
-4.39019
-4.33271
-4.27979
-4.2406
-4.21887
-4.21694
-4.2297
-4.24831
-4.26988
-4.2938
-4.32455
-4.35309
-4.37103
-4.36841
-4.33997
-4.29299
-4.24764
-4.21552
-4.19765
-4.189
-4.19284
-4.21379
-4.24749
-4.27939
-4.30225
-4.3174
-4.3295
-4.33764
-4.3344
-4.31776
-4.29203
-4.26116
-4.23645
-4.22718
-4.23751
-4.26565
-4.3034
-4.34615
-4.38649
-4.42228
-4.44836
-4.46207
-4.4603
-4.44144
-4.40704
-4.36147
-4.31018
-4.25777
-4.21445
-4.18871
-4.18243
-4.19168
-4.20308
-4.20764
-4.20047
-4.18508
-4.17841
-4.19435
-4.23088
-4.27902
-4.32412
-4.35543
-4.37529
-4.38676
-4.38879
-4.38395
-4.3737
-4.36113
-4.35474
-4.36216
-4.38486
-4.41685
-4.4411
-4.4422
-4.41853
-4.37808
-4.33178
-4.29033
-4.26387
-4.25666
-4.26999
-4.29443
-4.31916
-4.33379
-4.33802
-4.33261
-4.32101
-4.30718
-4.29395
-4.28638
-4.27875
-4.26759
-4.24759
-4.21746
-4.18081
-4.14389
-4.11715
-4.10397
-4.10418
-4.11362
-4.13183
-4.15746
-4.18908
-4.22097
-4.25043
-4.27293
-4.28774
-4.29587
-4.29917
-4.3008
-4.30233
-4.30308
-4.30164
-4.29736
-4.29042
-4.28466
-4.27896
-4.27783
-4.28063
-4.28478
-4.2887
-4.29311
-4.30033
-4.30868
-4.31374
-4.31651
-4.31718
-4.32168
-4.3325
-4.35243
-4.38156
-4.41427
-4.43852
-4.4484
-4.43893
-4.40261
-4.34605
-4.2795
-4.21936
-4.17581
-4.15063
-4.14466
-4.15428
-4.17231
-4.19414
-4.21465
-4.23014
-4.24774
-4.27808
-4.32457
-4.37583
-4.4213
-4.45739
-4.48896
-4.51726
-4.53843
-4.54967
-4.54887
-4.5309
-4.49831
-4.45122
-4.39614
-4.33804
-4.28141
-4.23538
-4.20232
-4.18501
-4.1819
-4.1869
-4.19355
-4.20009
-4.2115
-4.22855
-4.25145
-4.27945
-4.30824
-4.33507
-4.35563
-4.36518
-4.35934
-4.33973
-4.31156
-4.29062
-4.28871
-4.3122
-4.35581
-4.40376
-4.44225
-4.46527
-4.47125
-4.46603
-4.45521
-4.44439
-4.43391
-4.42444
-4.4183
-4.4142
-4.41148
-4.40801
-4.39846
-4.37832
-4.34907
-4.31787
-4.28963
-4.27065
-4.25915
-4.25265
-4.24931
-4.25463
-4.27133
-4.29983
-4.3374
-4.37575
-4.40277
-4.41027
-4.40039
-4.37436
-4.34621
-4.32435
-4.31845
-4.32888
-4.3514
-4.3732
-4.38645
-4.38417
-4.365
-4.33721
-4.31325
-4.30583
-4.31297
-4.32727
-4.34165
-4.35134
-4.35857
-4.36604
-4.37364
-4.38493
-4.40282
-4.42853
-4.45934
-4.4898
-4.51161
-4.52079
-4.51373
-4.4937
-4.46466
-4.43853
-4.4266
-4.43113
-4.44735
-4.46614
-4.47747
-4.47212
-4.4462
-4.40235
-4.34948
-4.29768
-4.25892
-4.23808
-4.23167
-4.23674
-4.24977
-4.26403
-4.27279
-4.27235
-4.26938
-4.27315
-4.28946
-4.31481
-4.3348
-4.3427
-4.339
-4.331
-4.33227
-4.35199
-4.3911
-4.43755
-4.46925
-4.46788
-4.42641
-4.35112
-4.25632
-4.16743
-4.10898
-4.1023
-4.15092
-4.23371
-4.31906
-4.38208
-4.41283
-4.41797
-4.41265
-4.41035
-4.41943
-4.44147
-4.4686
-4.49217
-4.5067
-4.50851
-4.49977
-4.48002
-4.4508
-4.4151
-4.38403
-4.36478
-4.36635
-4.39291
-4.44386
-4.51644
-4.59731
-4.67087
-4.72098
-4.74245
-4.73405
-4.70273
-4.65452
-4.59769
-4.54103
-4.50033
-4.48036
-4.479
-4.48421
-4.4906
-4.50001
-4.51018
-4.52191
-4.52918
-4.52749
-4.51754
-4.49723
-4.46927
-4.4382
-4.40139
-4.35291
-4.29503
-4.23401
-4.17677
-4.13721
-4.12383
-4.13317
-4.15678
-4.18158
-4.19881
-4.20682
-4.20584
-4.19545
-4.17639
-4.1511
-4.12287
-4.09926
-4.08968
-4.11098
-4.16742
-4.24817
-4.33153
-4.39948
-4.44509
-4.46919
-4.47121
-4.45521
-4.4233
-4.38105
-4.33776
-4.30671
-4.29312
-4.30004
-4.32015
-4.3443
-4.36482
-4.37693
-4.3802
-4.37302
-4.35166
-4.31107
-4.25326
-4.19182
-4.1384
-4.10346
-4.08707
-4.09067
-4.10243
-4.1224
-4.14996
-4.19162
-4.24791
-4.31486
-4.38319
-4.44668
-4.49345
-4.51884
-4.52354
-4.5073
-4.48502
-4.46052
-4.43543
-4.40749
-4.37513
-4.34491
-4.32219
-4.31193
-4.3155
-4.32963
-4.34973
-4.36565
-4.37473
-4.37449
-4.36473
-4.34944
-4.33724
-4.3332
-4.34044
-4.3667
-4.40728
-4.45536
-4.50295
-4.54839
-4.5902
-4.62431
-4.64768
-4.65401
-4.63681
-4.59851
-4.53801
-4.45872
-4.36416
-4.26152
-4.17248
-4.11465
-4.09651
-4.11861
-4.16614
-4.21397
-4.24379
-4.25376
-4.25046
-4.24469
-4.24006
-4.23666
-4.2297
-4.21921
-4.20721
-4.20047
-4.19687
-4.19572
-4.19162
-4.17965
-4.1601
-4.13564
-4.11552
-4.10824
-4.11367
-4.11635
-4.10682
-4.08391
-4.06367
-4.0622
-4.09431
-4.15725
-4.23486
-4.30718
-4.35991
-4.38706
-4.38791
-4.36518
-4.33574
-4.32039
-4.32756
-4.34502
-4.35395
-4.34369
-4.31228
-4.26984
-4.23669
-4.22854
-4.25233
-4.29597
-4.34238
-4.37793
-4.39304
-4.38548
-4.35533
-4.30474
-4.24698
-4.20321
-4.19339
-4.21972
-4.27047
-4.32226
-4.36095
-4.37918
-4.37708
-4.36627
-4.35017
-4.32934
-4.30866
-4.29039
-4.27844
-4.27846
-4.28644
-4.30136
-4.3167
-4.3308
-4.33633
-4.32759
-4.3026
-4.26498
-4.23489
-4.23233
-4.26688
-4.33195
-4.40496
-4.46295
-4.49266
-4.48483
-4.4428
-4.37366
-4.28799
-4.19913
-4.12012
-4.05729
-4.01981
-4.00753
-4.02348
-4.06161
-4.11364
-4.16953
-4.2251
-4.28208
-4.33315
-4.37363
-4.39794
-4.40338
-4.38664
-4.35801
-4.33436
-4.32786
-4.33186
-4.34613
-4.39157
-4.4624
-4.51721
-4.52757
-4.502
-4.45615
-4.40936
-4.37988
-4.3689
-4.3684
-4.36364
-4.35295
-4.33824
-4.31894
-4.29491
-4.26492
-4.2283
-4.19253
-4.16886
-4.17369
-4.21119
-4.2592
-4.29786
-4.31297
-4.30999
-4.29905
-4.27423
-4.23279
-4.17833
-4.1301
-4.09914
-4.10346
-4.15261
-4.22669
-4.28708
-4.32073
-4.33119
-4.33222
-4.33455
-4.34357
-4.36136
-4.38272
-4.39309
-4.38558
-4.34807
-4.28273
-4.20709
-4.15166
-4.14008
-4.16971
-4.2215
-4.27691
-4.33187
-4.38364
-4.42766
-4.45907
-4.47532
-4.4713
-4.45203
-4.42439
-4.39442
-4.36886
-4.3529
-4.34782
-4.34759
-4.34549
-4.33638
-4.31584
-4.28594
-4.25898
-4.23821
-4.23344
-4.24821
-4.28015
-4.32126
-4.36577
-4.40863
-4.44092
-4.45393
-4.44151
-4.40183
-4.34534
-4.28814
-4.24682
-4.22279
-4.2096
-4.19337
-4.16886
-4.13796
-4.10845
-4.08834
-4.0821
-4.09893
-4.13662
-4.19201
-4.25578
-4.31893
-4.3755
-4.42268
-4.45513
-4.47195
-4.46809
-4.44419
-4.40035
-4.33768
-4.26115
-4.17611
-4.1
-4.05236
-4.04113
-4.06033
-4.09149
-4.12666
-4.16475
-4.20392
-4.23622
-4.25022
-4.24148
-4.2174
-4.18958
-4.17025
-4.16166
-4.15929
-4.1593
-4.16259
-4.17002
-4.18812
-4.21474
-4.24699
-4.27413
-4.29275
-4.29954
-4.28859
-4.25781
-4.20895
-4.15712
-4.13509
-4.16521
-4.23161
-4.29298
-4.32567
-4.32764
-4.30487
-4.26873
-4.23314
-4.20794
-4.19402
-4.18165
-4.1631
-4.14036
-4.12352
-4.12474
-4.14953
-4.19094
-4.2374
-4.28452
-4.32612
-4.36103
-4.38264
-4.38914
-4.37565
-4.34424
-4.3028
-4.26097
-4.22759
-4.21397
-4.21854
-4.24138
-4.26997
-4.29819
-4.31755
-4.32638
-4.32483
-4.30935
-4.28013
-4.23717
-4.18265
-4.1268
-4.07522
-4.0361
-4.0151
-4.01449
-4.03388
-4.07155
-4.12374
-4.18406
-4.24448
-4.29829
-4.34064
-4.36464
-4.36703
-4.34584
-4.30829
-4.27024
-4.2439
-4.22941
-4.22676
-4.22959
-4.23655
-4.23915
-4.24097
-4.23742
-4.22978
-4.22245
-4.22129
-4.22574
-4.22755
-4.21684
-4.19458
-4.16535
-4.14214
-4.13498
-4.15027
-4.18562
-4.23372
-4.28401
-4.32548
-4.35094
-4.36271
-4.36741
-4.36786
-4.36134
-4.34425
-4.32036
-4.30001
-4.29207
-4.29477
-4.30293
-4.30499
-4.29404
-4.26755
-4.23354
-4.20212
-4.18293
-4.17965
-4.19056
-4.20501
-4.2211
-4.23863
-4.25847
-4.27751
-4.29732
-4.31731
-4.33464
-4.34577
-4.34465
-4.33176
-4.30872
-4.28617
-4.27566
-4.28382
-4.31383
-4.36084
-4.4095
-4.44573
-4.46148
-4.45318
-4.43027
-4.40249
-4.37872
-4.3571
-4.32984
-4.29787
-4.26373
-4.23437
-4.2185
-4.22541
-4.25785
-4.30147
-4.33808
-4.35393
-4.34679
-4.32684
-4.3073
-4.30014
-4.30169
-4.30757
-4.31265
-4.31287
-4.31006
-4.30381
-4.29254
-4.27988
-4.26268
-4.2405
-4.21342
-4.17546
-4.12981
-4.07785
-4.02628
-3.98482
-3.97179
-3.99322
-4.04247
-4.10817
-4.17968
-4.24843
-4.30665
-4.34677
-4.36708
-4.36641
-4.35001
-4.32421
-4.29624
-4.27251
-4.25776
-4.26029
-4.27535
-4.2897
-4.28856
-4.26993
-4.24156
-4.22001
-4.21369
-4.22164
-4.23782
-4.25815
-4.28408
-4.32408
-4.37873
-4.43901
-4.49421
-4.53408
-4.55411
-4.55484
-4.54268
-4.52306
-4.49947
-4.4758
-4.45118
-4.42729
-4.39985
-4.36854
-4.33401
-4.30424
-4.28344
-4.27318
-4.26834
-4.2613
-4.2525
-4.24539
-4.25156
-4.2768
-4.32308
-4.38308
-4.44854
-4.50559
-4.53593
-4.53337
-4.49332
-4.42294
-4.34174
-4.2715
-4.22452
-4.20603
-4.20983
-4.23202
-4.27175
-4.32007
-4.36464
-4.39257
-4.39724
-4.37681
-4.34119
-4.3002
-4.26583
-4.2402
-4.22774
-4.22515
-4.23107
-4.24504
-4.27068
-4.3092
-4.36227
-4.42257
-4.47164
-4.49486
-4.48153
-4.43421
-4.36403
-4.28312
-4.20272
-4.13331
-4.09358
-4.09705
-4.13745
-4.19513
-4.24802
-4.28662
-4.31304
-4.33514
-4.35757
-4.37573
-4.38401
-4.38181
-4.37538
-4.37075
-4.37016
-4.37206
-4.37101
-4.36414
-4.354
-4.34633
-4.34603
-4.35307
-4.35962
-4.36121
-4.35798
-4.35635
-4.36339
-4.38173
-4.40781
-4.437
-4.46281
-4.4761
-4.47394
-4.46405
-4.46268
-4.48868
-4.53825
-4.58424
-4.6047
-4.59271
-4.55711
-4.50828
-4.45723
-4.41059
-4.37215
-4.34145
-4.31986
-4.30639
-4.29228
-4.26591
-4.22293
-4.16653
-4.11207
-4.07907
-4.07534
-4.09374
-4.12481
-4.16077
-4.20572
-4.25743
-4.31387
-4.36763
-4.40452
-4.41878
-4.406
-4.37164
-4.3285
-4.28784
-4.25978
-4.24873
-4.25252
-4.27015
-4.28959
-4.3007
-4.30241
-4.29201
-4.27688
-4.26889
-4.27861
-4.30458
-4.3406
-4.37729
-4.40625
-4.42057
-4.41613
-4.39186
-4.34503
-4.28484
-4.21906
-4.15762
-4.10644
-4.06873
-4.04705
-4.04241
-4.05664
-4.09076
-4.14395
-4.20641
-4.26074
-4.29411
-4.29728
-4.27783
-4.24917
-4.23032
-4.22544
-4.22753
-4.23502
-4.25296
-4.28313
-4.31849
-4.34433
-4.34921
-4.3342
-4.2991
-4.25141
-4.19903
-4.1521
-4.12422
-4.12487
-4.15482
-4.20562
-4.26297
-4.31747
-4.35842
-4.3823
-4.38701
-4.3722
-4.34493
-4.31319
-4.29022
-4.27807
-4.27018
-4.26476
-4.25921
-4.25178
-4.24224
-4.22782
-4.20859
-4.18909
-4.17671
-4.1825
-4.21681
-4.27313
-4.33736
-4.3979
-4.45232
-4.49652
-4.53084
-4.55387
-4.55379
-4.52679
-4.4788
-4.42556
-4.38306
-4.36109
-4.35576
-4.36245
-4.38106
-4.41182
-4.45478
-4.50492
-4.55664
-4.60723
-4.64275
-4.65418
-4.63999
-4.60194
-4.54379
-4.478
-4.4121
-4.34832
-4.28375
-4.21772
-4.16285
-4.13905
-4.15197
-4.18353
-4.21885
-4.24657
-4.26415
-4.2785
-4.29399
-4.31876
-4.35144
-4.38865
-4.42076
-4.44371
-4.45669
-4.46205
-4.46722
-4.47475
-4.48194
-4.4795
-4.4641
-4.43854
-4.40575
-4.36669
-4.32228
-4.26867
-4.20519
-4.14047
-4.09467
-4.087
-4.11755
-4.17573
-4.24094
-4.29688
-4.33453
-4.34992
-4.34546
-4.32294
-4.28884
-4.25268
-4.22505
-4.21883
-4.24229
-4.29077
-4.35394
-4.41428
-4.46262
-4.49126
-4.49846
-4.478
-4.43526
-4.37702
-4.32113
-4.28135
-4.26228
-4.26016
-4.25648
-4.24466
-4.22633
-4.21038
-4.20806
-4.22799
-4.27014
-4.32547
-4.37803
-4.4186
-4.43923
-4.44048
-4.42325
-4.38913
-4.3424
-4.28948
-4.24166
-4.2069
-4.18579
-4.17936
-4.1873
-4.20865
-4.24015
-4.27448
-4.30496
-4.32979
-4.34676
-4.3581
-4.36218
-4.36094
-4.35636
-4.35432
-4.34765
-4.33737
-4.3217
-4.30882
-4.30174
-4.30455
-4.31086
-4.31288
-4.3028
-4.27553
-4.22896
-4.16914
-4.10744
-4.06309
-4.04992
-4.06322
-4.0842
-4.09904
-4.11013
-4.12771
-4.15479
-4.18943
-4.22358
-4.25083
-4.26289
-4.26342
-4.25662
-4.25075
-4.25297
-4.27101
-4.30914
-4.36552
-4.43116
-4.49309
-4.54349
-4.57732
-4.58947
-4.57853
-4.53818
-4.47345
-4.40218
-4.34548
-4.29895
-4.24422
-4.18625
-4.14355
-4.13948
-4.18063
-4.24384
-4.30044
-4.33364
-4.33798
-4.32054
-4.29319
-4.26988
-4.25341
-4.23854
-4.21111
-4.17446
-4.13814
-4.11459
-4.10588
-4.11313
-4.12977
-4.14987
-4.16592
-4.17317
-4.16988
-4.14893
-4.11209
-4.06506
-4.02358
-3.99841
-3.991
-3.99652
-4.01581
-4.04692
-4.09388
-4.1502
-4.20177
-4.23303
-4.24074
-4.22992
-4.21508
-4.21111
-4.22816
-4.26778
-4.31884
-4.36825
-4.40285
-4.41068
-4.38858
-4.34145
-4.28418
-4.23424
-4.20159
-4.18958
-4.18902
-4.196
-4.21295
-4.2366
-4.26956
-4.30425
-4.3332
-4.34944
-4.35096
-4.34029
-4.32517
-4.30842
-4.29329
-4.27456
-4.24614
-4.20638
-4.15909
-4.11333
-4.0861
-4.09004
-4.12781
-4.19294
-4.27201
-4.34742
-4.40889
-4.44671
-4.46355
-4.46721
-4.46339
-4.45731
-4.44661
-4.4251
-4.39094
-4.3396
-4.27555
-4.21065
-4.16916
-4.1598
-4.18391
-4.22622
-4.27357
-4.31685
-4.34961
-4.36616
-4.36688
-4.35218
-4.3281
-4.29524
-4.25206
-4.20412
-4.16922
-4.16609
-4.19719
-4.24381
-4.2857
-4.31576
-4.33061
-4.32882
-4.31008
-4.27587
-4.22726
-4.17331
-4.12947
-4.10079
-4.09078
-4.10985
-4.17407
-4.27062
-4.36223
-4.41968
-4.45325
-4.48588
-4.54112
-4.61148
-4.66383
-4.68471
-4.68294
-4.66747
-4.64738
-4.62208
-4.59606
-4.57184
-4.55284
-4.54537
-4.55534
-4.58078
-4.61033
-4.62615
-4.62469
-4.60949
-4.5877
-4.56549
-4.54269
-4.51374
-4.47351
-4.42464
-4.37229
-4.32987
-4.30659
-4.30265
-4.30841
-4.31907
-4.33021
-4.34769
-4.36949
-4.39541
-4.41815
-4.4335
-4.43925
-4.43512
-4.41743
-4.38533
-4.34636
-4.30852
-4.28107
-4.26581
-4.26123
-4.25531
-4.23595
-4.19722
-4.14444
-4.08693
-4.04398
-4.03967
-4.0851
-4.17552
-4.28108
-4.37276
-4.43417
-4.46452
-4.4671
-4.44939
-4.4259
-4.4028
-4.38609
-4.3732
-4.35795
-4.33854
-4.3117
-4.27301
-4.22157
-4.16287
-4.11583
-4.09573
-4.1121
-4.15885
-4.22235
-4.28778
-4.34525
-4.39139
-4.42172
-4.43446
-4.42926
-4.40915
-4.37992
-4.35292
-4.33823
-4.3373
-4.34443
-4.35037
-4.3477
-4.33942
-4.33479
-4.33346
-4.33434
-4.33003
-4.32336
-4.31866
-4.31739
-4.32007
-4.32602
-4.3317
-4.33064
-4.32258
-4.31518
-4.31409
-4.32256
-4.33421
-4.34296
-4.35166
-4.36499
-4.37834
-4.38944
-4.39537
-4.39855
-4.39267
-4.36928
-4.32455
-4.25814
-4.17841
-4.09959
-4.03653
-3.9974
-3.98496
-3.99237
-4.01717
-4.05568
-4.10299
-4.14811
-4.18228
-4.19941
-4.19864
-4.18932
-4.1796
-4.17117
-4.16225
-4.15032
-4.13808
-4.12754
-4.12226
-4.12595
-4.14184
-4.17338
-4.21259
-4.25311
-4.28607
-4.30915
-4.32506
-4.34411
-4.37159
-4.40946
-4.4513
-4.49266
-4.53001
-4.55442
-4.56017
-4.54331
-4.50062
-4.43653
-4.35771
-4.27487
-4.20343
-4.15125
-4.12591
-4.13785
-4.18263
-4.25848
-4.35302
-4.45025
-4.53179
-4.58765
-4.61135
-4.60794
-4.58488
-4.55309
-4.52143
-4.50147
-4.50276
-4.53495
-4.5917
-4.65215
-4.69316
-4.70249
-4.68031
-4.63594
-4.57324
-4.50024
-4.42324
-4.35754
-4.31701
-4.30637
-4.31937
-4.3484
-4.3871
-4.42913
-4.46323
-4.48529
-4.48858
-4.47357
-4.44226
-4.39594
-4.33593
-4.26563
-4.19131
-4.13293
-4.10509
-4.11212
-4.13437
-4.15163
-4.1546
-4.14729
-4.14008
-4.13535
-4.13303
-4.13952
-4.16628
-4.22251
-4.29655
-4.36586
-4.40809
-4.41611
-4.39931
-4.37056
-4.34075
-4.3192
-4.30574
-4.29859
-4.2919
-4.27664
-4.25052
-4.21064
-4.16401
-4.12512
-4.11705
-4.14699
-4.20025
-4.25826
-4.30702
-4.33975
-4.357
-4.35992
-4.35628
-4.34934
-4.3376
-4.32199
-4.30688
-4.30183
-4.31723
-4.34975
-4.38266
-4.40005
-4.40543
-4.39993
-4.38847
-4.37122
-4.35053
-4.32276
-4.28674
-4.2389
-4.19148
-4.15551
-4.14364
-4.15674
-4.18407
-4.21207
-4.22632
-4.22552
-4.21357
-4.19835
-4.18904
-4.1865
-4.18828
-4.19293
-4.20419
-4.22746
-4.26306
-4.30193
-4.34126
-4.37669
-4.40611
-4.42526
-4.43178
-4.42702
-4.41872
-4.41876
-4.43053
-4.44598
-4.46169
-4.46856
-4.47054
-4.47238
-4.47936
-4.49086
-4.5062
-4.52149
-4.53361
-4.53773
-4.54005
-4.54667
-4.55789
-4.56481
-4.56039
-4.53484
-4.4934
-4.44344
-4.40372
-4.38407
-4.38567
-4.39885
-4.41075
-4.41056
-4.39341
-4.36208
-4.32139
-4.27878
-4.24266
-4.21904
-4.21395
-4.22846
-4.26478
-4.31721
-4.37742
-4.4345
-4.48131
-4.50754
-4.50926
-4.48919
-4.45515
-4.42252
-4.41091
-4.42648
-4.45744
-4.49169
-4.51603
-4.5258
-4.51677
-4.48938
-4.45143
-4.41206
-4.38801
-4.37938
-4.38473
-4.39751
-4.41492
-4.43912
-4.46598
-4.49152
-4.51256
-4.52818
-4.53404
-4.53262
-4.52306
-4.50929
-4.49908
-4.49034
-4.47338
-4.44602
-4.41157
-4.37707
-4.35181
-4.33332
-4.31663
-4.30055
-4.28235
-4.26753
-4.25875
-4.26061
-4.27154
-4.29154
-4.3138
-4.33035
-4.33693
-4.32913
-4.30314
-4.2654
-4.22124
-4.17903
-4.14695
-4.12892
-4.12686
-4.13856
-4.1533
-4.16893
-4.18662
-4.20745
-4.23645
-4.26921
-4.30149
-4.33106
-4.35303
-4.36803
-4.38071
-4.38908
-4.38669
-4.36597
-4.32514
-4.27063
-4.21984
-4.18525
-4.17339
-4.18308
-4.21094
-4.25265
-4.30151
-4.35028
-4.38415
-4.39417
-4.37107
-4.32475
-4.27064
-4.22455
-4.19177
-4.16454
-4.13907
-4.11685
-4.10303
-4.10758
-4.13292
-4.17677
-4.23377
-4.29312
-4.35009
-4.39857
-4.4372
-4.46237
-4.47041
-4.46463
-4.44505
-4.41884
-4.39091
-4.36605
-4.34837
-4.33453
-4.31981
-4.2967
-4.26556
-4.23267
-4.2012
-4.16821
-4.13228
-4.10282
-4.09682
-4.12473
-4.18264
-4.25594
-4.32834
-4.37795
-4.39119
-4.36076
-4.2948
-4.21493
-4.146
-4.11149
-4.12084
-4.16812
-4.2346
-4.29949
-4.34772
-4.37762
-4.39327
-4.39935
-4.39568
-4.37889
-4.35243
-4.32078
-4.30228
-4.30583
-4.33035
-4.36625
-4.40712
-4.44731
-4.48077
-4.50197
-4.51223
-4.52253
-4.54445
-4.5736
-4.59423
-4.59514
-4.57232
-4.52784
-4.45833
-4.36648
-4.25431
-4.13009
-4.01515
-3.92642
-3.86936
-3.8423
-3.84914
-3.90372
-3.99568
-4.10429
-4.20406
-4.28202
-4.33078
-4.35255
-4.34953
-4.3288
-4.30042
-4.27112
-4.24304
-4.20943
-4.17058
-4.14148
-4.14604
-4.18294
-4.2321
-4.26599
-4.27274
-4.25639
-4.23537
-4.22707
-4.24017
-4.26419
-4.28882
-4.31212
-4.33477
-4.36008
-4.38412
-4.40015
-4.41075
-4.41589
-4.42801
-4.45544
-4.49945
-4.5517
-4.60138
-4.63571
-4.64389
-4.62253
-4.57908
-4.52884
-4.48834
-4.45985
-4.43519
-4.39969
-4.34614
-4.27691
-4.20879
-4.16502
-4.16235
-4.19522
-4.24649
-4.30595
-4.3644
-4.41407
-4.45172
-4.47303
-4.48001
-4.47517
-4.46109
-4.43706
-4.40343
-4.3596
-4.30776
-4.24628
-4.1893
-4.15321
-4.15316
-4.18953
-4.25317
-4.3272
-4.39535
-4.44398
-4.46709
-4.46405
-4.439
-4.39946
-4.34981
-4.29575
-4.25007
-4.2285
-4.2352
-4.25723
-4.2801
-4.29064
-4.29212
-4.29637
-4.31117
-4.33656
-4.36477
-4.38518
-4.39337
-4.38718
-4.37181
-4.35247
-4.33221
-4.3138
-4.30081
-4.3002
-4.314
-4.33284
-4.34086
-4.32085
-4.26199
-4.17294
-4.07081
-3.97382
-3.90041
-3.85677
-3.84663
-3.86229
-3.89578
-3.93804
-3.98696
-4.04031
-4.09802
-4.15118
-4.19373
-4.22263
-4.2396
-4.25082
-4.25792
-4.26303
-4.26086
-4.25092
-4.23824
-4.23177
-4.24311
-4.27815
-4.32992
-4.37645
-4.39768
-4.38442
-4.34311
-4.29963
-4.2816
-4.29951
-4.34056
-4.38571
-4.41909
-4.43496
-4.43184
-4.41251
-4.38502
-4.36374
-4.357
-4.37126
-4.39733
-4.42863
-4.45398
-4.46669
-4.45858
-4.43337
-4.39895
-4.3619
-4.32843
-4.3013
-4.27591
-4.25767
-4.25586
-4.27569
-4.30762
-4.33909
-4.34925
-4.32278
-4.25696
-4.17347
-4.11133
-4.09893
-4.1344
-4.19073
-4.24774
-4.29332
-4.32476
-4.34775
-4.36658
-4.37557
-4.37485
-4.36278
-4.35262
-4.35918
-4.37971
-4.40261
-4.41623
-4.40694
-4.37044
-4.30767
-4.22406
-4.12683
-4.0344
-3.97313
-3.9529
-3.96866
-4.00122
-4.03901
-4.07603
-4.1133
-4.15101
-4.18745
-4.21139
-4.22086
-4.21184
-4.1869
-4.15064
-4.1071
-4.06436
-4.03353
-4.02789
-4.05397
-4.11424
-4.19892
-4.29194
-4.37319
-4.42818
-4.45003
-4.44553
-4.42674
-4.40683
-4.3875
-4.36529
-4.3345
-4.29454
-4.24735
-4.19945
-4.16098
-4.14161
-4.14362
-4.16294
-4.19742
-4.24194
-4.28988
-4.33026
-4.35657
-4.36753
-4.36793
-4.36288
-4.35669
-4.35413
-4.35695
-4.36435
-4.37186
-4.37922
-4.38614
-4.39622
-4.41372
-4.43364
-4.45416
-4.4702
-4.48157
-4.48462
-4.48063
-4.47081
-4.46339
-4.45962
-4.45817
-4.45412
-4.44528
-4.42775
-4.39777
-4.35594
-4.29995
-4.23939
-4.1913
-4.1696
-4.17848
-4.2117
-4.2586
-4.30845
-4.34984
-4.37534
-4.3767
-4.3447
-4.27183
-4.15905
-4.02909
-3.92293
-3.8773
-3.88735
-3.93517
-4.00444
-4.08671
-4.1703
-4.24305
-4.29212
-4.3137
-4.30952
-4.2895
-4.26708
-4.25119
-4.24525
-4.24754
-4.25185
-4.25344
-4.24972
-4.24521
-4.24523
-4.25587
-4.27704
-4.30126
-4.31992
-4.32264
-4.30254
-4.25814
-4.19593
-4.12853
-4.06591
-4.01632
-3.99163
-4.00432
-4.06249
-4.15667
-4.26139
-4.35805
-4.42485
-4.45991
-4.46466
-4.44557
-4.4193
-4.40138
-4.40127
-4.42064
-4.45291
-4.48635
-4.50713
-4.50708
-4.48661
-4.4502
-4.40794
-4.37419
-4.3567
-4.35498
-4.35471
-4.35028
-4.34054
-4.32148
-4.29719
-4.2714
-4.24573
-4.2235
-4.20436
-4.19056
-4.18485
-4.19264
-4.21363
-4.23884
-4.25674
-4.26346
-4.26011
-4.24838
-4.2409
-4.24279
-4.25231
-4.26625
-4.27613
-4.27814
-4.27376
-4.26486
-4.25648
-4.25521
-4.26956
-4.30542
-4.36072
-4.4192
-4.4662
-4.48909
-4.48432
-4.45839
-4.42974
-4.40977
-4.39476
-4.37415
-4.34955
-4.32752
-4.30764
-4.28909
-4.27801
-4.28233
-4.30073
-4.33083
-4.35894
-4.36578
-4.33133
-4.26339
-4.23212
-4.28678
-4.36304
-4.39671
-4.38458
-4.34638
-4.30263
-4.26182
-4.2261
-4.19111
-4.15311
-4.11538
-4.07847
-4.0477
-4.03113
-4.02607
-4.03217
-4.04707
-4.07179
-4.11001
-4.16179
-4.22611
-4.29408
-4.35732
-4.41024
-4.45082
-4.4707
-4.46403
-4.42812
-4.36934
-4.30274
-4.24677
-4.20772
-4.18221
-4.15999
-4.1308
-4.0944
-4.06066
-4.03514
-4.02343
-4.02145
-4.02505
-4.03672
-4.05741
-4.08364
-4.11147
-4.13496
-4.15117
-4.15824
-4.15977
-4.16319
-4.17216
-4.19142
-4.22706
-4.27684
-4.33329
-4.38388
-4.41658
-4.42363
-4.40828
-4.37647
-4.34647
-4.33024
-4.33153
-4.33973
-4.34676
-4.34858
-4.34703
-4.33957
-4.32616
-4.30984
-4.29859
-4.30287
-4.32403
-4.35165
-4.37214
-4.3746
-4.3575
-4.32651
-4.2922
-4.26128
-4.23673
-4.21845
-4.2044
-4.19146
-4.1724
-4.14615
-4.11663
-4.09302
-4.08623
-4.09784
-4.12596
-4.16237
-4.20487
-4.24854
-4.28258
-4.29647
-4.28632
-4.26
-4.23094
-4.20654
-4.18517
-4.16147
-4.13166
-4.10034
-4.07601
-4.06837
-4.08432
-4.12081
-4.17264
-4.23333
-4.30165
-4.37229
-4.44389
-4.50533
-4.55151
-4.57511
-4.56882
-4.53201
-4.47152
-4.39867
-4.33009
-4.28163
-4.26067
-4.26664
-4.29324
-4.32465
-4.35679
-4.38228
