2.48448
2.44956
2.39595
2.32924
2.26057
2.19921
2.14493
2.09342
2.04572
2.00837
1.98791
1.98661
2.00151
2.0252
2.04762
2.05918
2.05396
2.03143
1.9957
1.95336
1.91151
1.87655
1.85398
1.84828
1.86158
1.89201
1.9342
1.98169
2.02872
2.07092
2.10592
2.1344
2.15853
2.17761
2.18647
2.18059
2.16154
2.13664
2.11425
2.09945
2.09245
2.09014
2.08993
2.09299
2.10198
2.11377
2.11799
2.10476
2.07205
2.02785
1.98835
1.97138
1.98622
2.02727
2.0786
2.12518
2.16054
2.18616
2.20386
2.21068
2.20273
2.1808
2.15054
2.11889
2.09052
2.0664
2.04518
2.02492
2.004
1.98238
1.96224
1.94651
1.93693
1.93366
1.93563
1.94097
1.94782
1.95568
1.96583
1.97971
1.99633
2.01175
2.02218
2.02682
2.02736
2.02576
2.02356
2.02165
2.01968
2.01655
2.01225
2.00846
2.00718
2.00912
2.01312
2.01647
2.01616
2.01024
1.99914
1.98572
1.97397
1.96664
1.96344
1.96184
1.96011
1.95889
1.95952
1.9616
1.96339
1.96428
1.96686
1.97683
1.99849
2.02839
2.05626
2.07355
2.07901
2.07734
2.07456
2.07387
2.07412
2.07212
2.06636
2.05832
2.0513
2.04849
2.05125
2.0586
2.0681
2.07707
2.08263
2.08172
2.07278
2.05692
2.03668
2.01462
1.99417
1.98199
1.98744
2.01733
2.06933
2.13169
2.18938
2.23028
2.24745
2.23866
2.20514
2.15042
2.07974
2.00018
1.92176
1.85787
1.82283
1.82586
1.86239
1.91453
1.96469
2.00415
2.03012
2.04128
2.0372
2.01985
1.99415
1.96628
1.94085
1.92074
1.91079
1.918
1.94277
1.97485
2.0031
2.02459
2.04246
2.05899
2.07262
2.08048
2.08077
2.0733
2.05977
2.04376
2.02912
2.01764
2.00888
2.00255
1.99995
2.00308
2.01288
2.02801
2.04522
2.06087
2.07276
2.08071
2.08533
2.08622
2.08181
2.0713
2.0567
2.04269
2.03466
2.0365
2.04911
2.06987
2.09367
2.11464
2.12725
2.12708
2.11263
2.08719
2.05801
2.03264
2.01596
2.00921
2.01029
2.01498
2.01928
2.02203
2.02484
2.03
2.03907
2.05263
2.06973
2.08705
2.09928
2.1012
2.09214
2.07899
2.07016
2.0646
2.05511
2.04203
2.03719
2.05026
2.07252
2.08551
2.08267
2.07553
2.07972
2.09493
2.1075
2.10785
2.0953
2.07356
2.04776
2.02399
2.00877
2.00767
2.02315
2.05309
2.0912
2.12944
2.16101
2.18178
2.18954
2.18232
2.15821
2.11805
2.07004
2.0309
2.01678
2.02959
2.05553
2.07825
2.09079
2.09595
2.09996
2.10711
2.1186
2.13296
2.14627
2.15276
2.14682
2.12532
2.08939
2.04572
2.00674
1.98652
1.99157
2.01583
2.04688
2.07445
2.09317
2.10154
2.10017
2.09045
2.07338
2.04904
2.01965
1.99414
1.98441
1.993
2.01038
2.02494
2.03045
2.02552
2.01161
1.99363
1.97971
1.97573
1.97893
1.97928
1.96778
1.94421
1.9194
1.90664
1.90763
1.91315
1.91578
1.91461
1.91192
1.90957
1.90796
1.90686
1.90641
1.90707
1.90957
1.91434
1.91978
1.92216
1.91813
1.90724
1.89307
1.88254
1.88237
1.89532
1.92048
1.95648
2.00196
2.0526
2.10001
2.13485
2.15097
2.14742
2.12839
2.10256
2.08105
2.07309
2.0807
2.09776
2.11492
2.12496
2.12422
2.11133
2.08672
2.0528
2.01262
1.96708
1.91627
1.86505
1.82458
1.80601
1.81325
1.84186
1.88304
1.9279
1.9694
2.00296
2.02658
2.04049
2.04601
2.0442
2.03534
2.02003
2.00062
1.98161
1.96869
1.96691
1.9782
1.99945
2.02317
2.04141
2.04956
2.04742
2.03778
2.02418
2.00915
1.99354
1.97727
1.96117
1.94789
1.9409
1.94242
1.9517
1.96437
1.97346
1.97332
1.964
1.95101
1.94056
1.9355
1.93502
1.93691
1.93979
1.94373
1.94948
1.95806
1.97096
1.99002
2.01577
2.04546
2.0728
2.09073
2.09549
2.08864
2.07614
2.06481
2.05886
2.05863
2.06143
2.06369
2.06399
2.06551
2.07393
2.0896
2.10457
2.11051
2.10462
2.08726
2.05866
2.01965
1.9747
1.93145
1.89678
1.87451
1.86535
1.86695
1.87501
1.88547
1.89571
1.90533
1.91652
1.93194
1.95227
1.97681
2.00448
2.03363
2.06162
2.08498
2.10017
2.10513
2.10022
2.08767
2.0701
2.04974
2.029
2.01061
1.99689
1.98918
1.98804
1.99317
2.00251
2.01131
2.0133
2.00373
1.98369
1.96231
1.95121
1.95362
1.96205
1.96684
1.963
1.95108
1.93555
1.92236
1.91617
1.91834
1.9272
1.93953
1.95206
1.96328
1.97522
1.99245
2.0181
2.05101
2.08688
2.12127
2.15069
2.17203
2.18212
2.17913
2.16515
2.14676
2.13147
2.12293
2.11981
2.1184
2.11585
2.11142
2.1053
2.09673
2.0837
2.06362
2.03466
1.99676
1.95236
1.90574
1.8626
1.82968
1.81124
1.80542
1.80704
1.81235
1.82009
1.83024
1.84228
1.85394
1.86241
1.86692
1.86997
1.87617
1.88988
1.91337
1.94655
1.98658
2.02653
2.05614
2.06587
2.05176
2.01964
1.98575
1.96734
1.96909
1.984
2.00462
2.0284
2.05634
2.08926
2.12441
2.15575
2.17803
2.18947
2.19084
2.18283
2.16507
2.1376
2.10284
2.06577
2.03211
2.00587
1.98872
1.98086
1.98108
1.9861
1.99111
1.9917
1.98553
1.97293
1.95767
1.94745
1.95081
1.96934
1.99453
2.0146
2.02268
2.01852
2.00568
1.98825
1.9693
1.95112
1.93588
1.92569
1.92234
1.92694
1.94002
1.96142
1.98931
2.01913
2.04403
2.05764
2.05707
2.04408
2.02379
2.00209
1.98358
1.97065
1.96322
1.9594
1.95746
1.9578
1.96251
1.97353
1.99153
2.01527
2.04131
2.06406
2.07721
2.0759
2.05874
2.02955
1.99739
1.97255
1.95989
1.95709
1.95928
1.96256
1.96322
1.9568
1.93913
1.90885
1.86991
1.83109
1.80055
1.78007
1.76669
1.75944
1.76203
1.77823
1.80543
1.83447
1.85614
1.8667
1.86881
1.8694
1.87806
1.90438
1.94933
2.00039
2.04165
2.06443
2.06731
2.05233
2.02312
1.98439
1.94106
1.89737
1.85738
1.82635
1.81008
1.81114
1.82461
1.83869
1.84212
1.83199
1.816
1.80835
1.82164
1.85928
1.91475
1.97659
2.03336
2.07635
2.10099
2.10808
2.10301
2.09114
2.07295
2.04491
2.00554
1.96096
1.92481
1.9101
1.91862
1.94084
1.96599
1.98899
2.00993
2.03128
2.05579
2.08462
2.11592
2.14515
2.16692
2.17686
2.17378
2.16094
2.14475
2.12934
2.11274
2.09005
2.05937
2.02491
1.99658
1.98391
1.98702
1.99728
2.00734
2.01547
2.02205
2.02601
2.02537
2.0194
2.00941
1.9985
1.99031
1.98606
1.98268
1.97572
1.96509
1.9574
1.96115
1.97946
2.00821
2.03949
2.06618
2.08426
2.09229
2.08962
2.076
2.05264
2.02288
1.99147
1.96255
1.93851
1.92046
1.90976
1.90798
1.9156
1.93108
1.95147
1.97394
1.9972
2.02128
2.04595
2.06992
2.09176
2.11047
2.12442
2.13029
2.12439
2.10565
2.07718
2.04421
2.01051
1.97779
1.94819
1.92585
1.91527
1.91787
1.93017
1.94552
1.95828
1.96836
1.98264
2.00964
2.05016
2.09526
2.13373
2.15887
2.16929
2.16719
2.15602
2.13783
2.1106
2.07075
2.02114
1.97613
1.95179
1.94923
1.95694
1.9657
1.97364
1.98198
1.98977
1.99435
1.9965
2.00057
2.00808
2.01583
2.02088
2.02285
2.02193
2.01738
2.0087
1.99714
1.98538
1.97601
1.97016
1.96679
1.96288
1.95587
1.94574
1.93406
1.92169
1.90856
1.89554
1.8856
1.88243
1.88863
1.90517
1.93077
1.96079
1.98783
2.0048
2.00854
2.00146
1.99073
1.98492
1.98856
1.99885
2.00762
2.00689
1.9943
1.9765
1.96754
1.97926
2.01057
2.0491
2.08272
2.10675
2.1229
2.13478
2.14481
2.15393
2.16207
2.16817
2.17057
2.16835
2.16242
2.15468
2.14581
2.13506
2.12267
2.11051
2.09857
2.08362
2.06263
2.03654
2.01044
1.99092
1.98211
1.98321
1.99029
2.00036
2.01242
2.02525
2.03581
2.04022
2.0367
2.02682
2.01424
2.00265
1.99489
1.99327
1.99989
2.01544
2.03728
2.05931
2.07461
2.07859
2.07025
2.05083
2.02237
1.98766
1.9506
1.9159
1.88797
1.86958
1.86133
1.86176
1.86756
1.87495
1.88323
1.8967
1.9209
1.95497
1.98988
2.01555
2.02804
2.03009
2.02701
2.02231
2.01608
2.00785
2.00102
2.00232
2.01395
2.0283
2.03454
2.02754
2.00964
1.98757
1.96888
1.95929
1.96127
1.97326
1.99028
2.0057
2.01346
2.01036
1.99786
1.98279
1.97521
1.98251
2.00409
2.03208
2.05779
2.0776
2.09298
2.10621
2.11764
2.12611
2.13028
2.1287
2.11928
2.10024
2.07281
2.0436
2.02292
2.01913
2.03283
2.0562
2.0787
2.09272
2.09462
2.08456
2.06585
2.04331
2.02065
1.99968
1.98415
1.98241
1.99851
2.02361
2.04492
2.05588
2.05631
2.04957
2.04057
2.03407
2.03293
2.03675
2.0425
2.04731
2.05143
2.05857
2.0729
2.09503
2.12034
2.14117
2.1506
2.1453
2.12671
2.10038
2.07245
2.04602
2.02189
2.00178
1.9885
1.98289
1.98165
1.97879
1.96873
1.94869
1.91927
1.88387
1.84766
1.81652
1.7953
1.78581
1.78677
1.79617
1.81286
1.83543
1.86129
1.88821
1.91556
1.94299
1.96896
1.99125
2.00793
2.01697
2.01548
2.00132
1.97755
1.95529
1.94783
1.95832
1.97848
1.99921
2.01652
2.02923
2.03593
2.03569
2.02967
2.0209
2.01266
2.00605
1.99776
1.9824
1.9589
1.93333
1.91493
1.91043
1.92072
1.94078
1.96254
1.97908
1.9871
1.98637
1.97811
1.96377
1.9444
1.9204
1.89463
1.87603
1.87433
1.88962
1.9128
1.93417
1.948
1.95268
1.94869
1.93642
1.91588
1.88822
1.8565
1.82465
1.79684
1.77846
1.77664
1.79693
1.83822
1.89162
1.94449
1.9858
2.00963
2.01644
2.01197
2.00265
1.98994
1.96964
1.93867
1.90254
1.87496
1.86885
1.88724
1.92243
1.9615
1.99296
2.0119
2.02099
2.02659
2.0334
2.04186
2.04935
2.05234
2.04742
2.03204
2.00596
1.97294
1.94045
1.91633
1.90389
1.90007
1.89832
1.89377
1.88643
1.88009
1.87801
1.88026
1.88492
1.8908
1.89872
1.91086
1.92863
1.9511
1.97512
1.99695
2.01449
2.02843
2.04173
2.05733
2.07478
2.08873
2.09093
2.07511
2.04223
2.00274
1.97099
1.95604
1.96039
1.98231
2.01481
2.04702
2.06934
2.07669
2.06877
2.0489
2.02236
1.99427
1.96766
1.9427
1.91745
1.88959
1.85849
1.82607
1.79568
1.76982
1.74918
1.73451
1.73008
1.74326
1.77736
1.8256
1.87489
1.91374
1.93614
1.94062
1.92862
1.90458
1.87625
1.8526
1.83967
1.83883
1.84864
1.86658
1.88974
1.91461
1.93694
1.95196
1.95559
1.94661
1.92886
1.91093
1.9017
1.90472
1.91706
1.93388
1.9524
1.97164
1.99089
2.00988
2.0299
2.05357
2.08217
2.11322
2.14126
2.1608
2.16858
2.16396
2.14827
2.124
2.09363
2.059
2.02146
1.98296
1.94598
1.91127
1.87734
1.84412
1.8166
1.80423
1.8161
1.8541
1.90985
1.9697
2.02245
2.06303
2.09155
2.11017
2.12029
2.12137
2.11207
2.09251
2.06611
2.03957
2.02076
2.01501
2.02222
2.03729
2.05387
2.06845
2.08141
2.09412
2.10565
2.11285
2.11289
2.10504
2.09062
2.07162
2.0493
2.02399
1.99717
1.97287
1.95526
1.94455
1.93764
1.93263
1.93075
1.93411
1.94355
1.95812
1.97493
1.98904
1.99577
1.99318
1.98217
1.96472
1.94311
1.92129
1.90642
1.90618
1.92171
1.94436
1.96273
1.97174
1.97174
1.96324
1.94773
1.93094
1.91923
1.91398
1.91309
1.91634
1.92537
1.94019
1.95854
1.9776
1.99502
2.0097
2.0233
2.03984
2.06105
2.08296
2.09881
2.10426
2.09884
2.08486
2.06572
2.0446
2.02405
2.00572
1.98907
1.97127
1.9505
1.9304
1.91994
1.92681
1.95144
1.98818
2.03028
2.07226
2.1094
2.13721
2.15195
2.15166
2.1371
2.11269
2.0867
2.06866
2.06434
2.07281
2.08837
2.1044
2.11561
2.1181
2.10897
2.08673
2.05292
2.0131
1.97572
1.94903
1.93843
1.94569
1.96871
2.00152
2.03594
2.0646
2.08305
2.09022
2.08786
2.07957
2.06984
2.06324
2.06306
2.06916
2.07644
2.0774
2.06867
2.05598
2.048
2.04487
2.04032
2.0321
2.02384
2.02065
2.02455
2.03231
2.03727
2.03316
2.01666
1.98865
1.95552
1.92875
1.9197
1.93183
1.95786
1.98584
2.00822
2.02513
2.04039
2.05475
2.06364
2.06147
2.04759
2.02845
2.01276
2.00302
1.99481
1.98459
1.97374
1.96561
1.96179
1.96069
1.95787
1.94758
1.92571
1.89339
1.85929
1.83701
1.83604
1.85513
1.88707
1.92674
1.97063
2.01313
2.04755
2.06905
2.07545
2.06743
2.0494
2.02951
2.01713
2.01874
2.03567
2.06425
2.09715
2.12579
2.14375
2.14891
2.14323
2.13097
2.11643
2.10196
2.08687
2.06908
2.04881
2.0305
2.02053
2.02335
2.03865
2.06133
2.08361
2.09814
2.10031
2.08903
2.06661
2.03808
2.00895
1.98271
1.96023
1.94084
1.92382
1.9094
1.89859
1.89303
1.89504
1.9062
1.92462
1.94486
1.96155
1.97379
1.98651
2.00648
2.03507
2.06596
2.09066
2.10508
2.11126
2.11458
2.11927
2.12579
2.13161
2.13411
2.1326
2.12884
2.12641
2.12901
2.13816
2.15219
2.16694
2.17747
2.17987
2.17318
2.16023
2.14585
2.13323
2.12239
2.11163
2.09968
2.0869
2.07566
2.0696
2.07127
2.07906
2.08725
2.08958
2.08265
2.06731
2.04795
2.03011
2.01726
2.00864
1.99991
1.9862
1.9656
1.94132
1.92008
1.90741
1.90516
1.91404
1.93537
1.96807
2.00628
2.04206
2.06876
2.08222
2.08172
2.07183
2.06185
2.06015
2.06848
2.08272
2.09785
2.11079
2.11987
2.12268
2.11495
2.09271
2.05559
2.00764
1.95632
1.91058
1.87875
1.86593
1.87202
1.89135
1.91468
1.93202
1.93468
1.91732
1.88149
1.83843
1.80695
1.80398
1.83386
1.88674
1.94717
2.00285
2.0475
2.07989
2.10141
2.11307
2.11368
2.10087
2.07385
2.03512
1.99126
1.95146
1.92398
1.9118
1.91111
1.91436
1.91599
1.91589
1.9168
1.9196
1.92342
1.92826
1.93547
1.94697
1.96427
1.98728
2.01389
2.04065
2.06348
2.07869
2.08455
2.08191
2.07273
2.05757
2.03429
1.99956
1.95221
1.89736
1.84975
1.82888
1.84248
1.87838
1.91802
1.95081
1.97538
1.99341
2.00364
2.00112
1.98229
1.95016
1.91461
1.88813
1.8808
1.89627
1.92917
1.96791
2.00346
2.03365
2.0579
2.07236
2.07243
2.0567
2.02721
1.98796
1.94385
1.89994
1.86132
1.83227
1.81463
1.80678
1.80499
1.80566
1.80667
1.80821
1.8127
1.82405
1.84633
1.88189
1.92927
1.98213
2.03093
2.0672
2.08719
2.09225
2.08667
2.07508
2.06078
2.04517
2.02838
2.01038
1.99151
1.97198
1.95091
1.92668
1.8985
1.86855
1.84297
1.83029
1.8375
1.86662
1.91385
1.97104
2.02768
2.07326
2.09985
2.10447
2.09002
2.06368
2.03338
2.00552
1.98503
1.97581
1.97952
1.99455
2.01635
2.03861
2.05534
2.06376
2.06616
2.06756
2.06961
2.06836
2.05996
2.04798
2.0425
2.05141
2.07396
2.10268
2.12947
2.1494
2.16166
2.16934
2.17707
2.18681
2.19596
2.20034
2.19775
2.18935
2.17885
2.16976
2.16195
2.15169
2.13545
2.11327
2.08871
2.06705
2.05316
2.04922
2.05292
2.0593
2.06489
2.06938
2.07394
2.08015
2.0904
2.10736
2.13093
2.15677
2.17801
2.18788
2.18068
2.15262
2.10429
2.0442
1.98785
1.94893
1.9316
1.9342
1.9556
1.99357
2.04008
2.08212
2.10825
2.11437
2.10532
2.09133
2.08192
2.08212
2.09253
2.11033
2.13031
2.14662
2.15417
2.14925
2.13023
2.09858
2.05917
2.01833
1.98094
1.94879
1.92169
1.89923
1.88216
1.87248
1.8716
1.87773
1.88606
1.89333
1.9017
1.91501
1.93054
1.93888
1.93249
1.91239
1.88813
1.87178
1.87009
1.88068
1.89557
1.90742
1.91291
1.91247
1.90885
1.90556
1.90558
1.91034
1.91951
1.93178
1.94583
1.9606
1.97423
1.98303
1.98301
1.97408
1.96267
1.95741
1.96114
1.96952
1.97769
1.98502
1.99302
2.00156
2.00835
2.01159
2.01269
2.01626
2.02668
2.0443
2.06544
2.08503
2.09916
2.10631
2.10786
2.10811
2.11314
2.12726
2.14833
2.16784
2.17707
2.17219
2.15492
2.13019
2.10336
2.07776
2.05386
2.02966
2.002
1.9693
1.93434
1.90425
1.88643
1.88401
1.89442
1.91099
1.92637
1.93566
1.93852
1.9391
1.94306
1.95113
1.95549
1.94525
1.91678
1.8796
1.85152
1.84441
1.85487
1.87079
1.88288
1.8883
1.88923
1.89059
1.89727
1.91146
1.9315
1.95246
1.96823
1.97417
1.96894
1.9548
1.93664
1.92058
1.91239
1.91487
1.92561
1.9383
1.94747
1.95179
1.95315
1.9533
1.95224
1.94982
1.94762
1.94779
1.95144
1.95896
1.97018
1.98344
1.9955
2.00291
2.00433
2.002
2.00157
2.00891
2.02387
2.03761
2.0393
2.02504
2.00018
1.97359
1.95083
1.93295
1.91916
1.90884
1.90217
1.90016
1.90337
1.91143
1.9242
1.94236
1.96607
1.99343
2.02094
2.04483
2.0617
2.0685
2.0626
2.04253
2.00923
1.96723
1.92484
1.89401
1.88849
1.91559
1.9669
2.02283
2.06693
2.0924
2.09939
2.09055
2.06879
2.0375
2.00184
1.9691
1.94712
1.94171
1.95434
1.98089
2.01397
2.04661
2.07417
2.09409
2.10494
2.10615
2.0982
2.08286
2.06379
2.04646
2.0366
2.03774
2.04976
2.06926
2.09081
2.10804
2.11497
2.10686
2.08078
2.03808
1.98719
1.94048
1.90578
1.88431
1.8753
1.87885
1.89509
1.92161
1.95237
1.98028
2.0003
2.01064
2.01198
2.00651
1.99763
1.9893
1.98503
1.98668
1.9938
2.00374
2.01229
2.01497
2.00914
1.99639
1.98227
1.97182
1.96408
1.9522
1.93203
1.91379
1.91692
1.94106
1.96341
1.96948
1.9641
1.9599
1.96454
1.97856
2.00091
2.03107
2.06632
2.10108
2.12999
2.15071
2.16376
2.17075
2.17286
2.16973
2.15818
2.13343
2.09414
2.04778
2.00938
1.99071
1.991
2.00302
2.02315
2.04932
2.0764
2.09821
2.10989
2.10951
2.09953
2.08463
2.06722
2.04537
2.01524
1.97586
1.93276
1.89643
1.87319
1.86004
1.8536
1.85886
1.88406
1.92898
1.98185
2.02804
2.0585
2.07055
2.06503
2.04501
2.0172
1.99198
1.97828
1.97857
1.99059
2.01183
2.03963
2.0688
2.09214
2.1034
2.0999
2.08298
2.057
2.02749
1.99889
1.97314
1.95111
1.93662
1.93653
1.95316
1.97881
2.00242
2.01856
2.0286
2.03579
2.03967
2.03627
2.02449
2.01041
2.00385
2.0104
2.0268
2.04377
2.05239
2.04814
2.03141
2.00638
1.97947
1.95671
1.94114
1.93199
1.92651
1.92247
1.91901
1.91538
1.90947
1.89804
1.87823
1.84922
1.81421
1.78225
1.76643
1.77616
1.8106
1.86054
1.91405
1.96054
1.99308
2.00925
2.01004
1.99786
1.97528
1.94573
1.91429
1.88695
1.86793
1.85798
1.85496
1.85635
1.86273
1.87975
1.91383
1.96433
2.02245
2.07737
2.12092
2.14848
2.15848
2.15147
2.1293
2.09546
2.05581
2.01764
1.98633
1.9621
1.9406
1.9168
1.88935
1.86401
1.85064
1.85175
1.85847
1.86569
1.88496
1.92887
1.98689
2.03773
2.07113
2.08779
2.09161
2.08605
2.07385
2.05779
2.04109
2.02684
2.01678
2.01052
2.00625
2.00211
1.99717
1.99181
1.98751
1.98574
1.98694
1.99019
1.99413
1.99798
2.00199
2.00705
2.0137
2.02146
2.02944
2.03743
2.04577
2.05413
2.06097
2.06427
2.06248
2.05503
2.04243
2.02564
2.00521
1.98102
1.9532
1.92386
1.89779
1.88138
1.87956
1.89297
1.91736
1.94526
1.96961
1.98739
2.0005
2.01316
2.02805
2.04509
2.06232
2.0771
2.08724
2.09206
2.0928
2.09114
2.0869
2.0773
2.05956
2.03501
2.01043
1.99315
1.98437
1.9789
1.97017
1.95382
1.92946
1.90162
1.87936
1.87146
1.87909
1.89482
1.90907
1.91541
1.91187
1.90045
1.8858
1.87271
1.86415
1.86144
1.86566
1.87739
1.89446
1.91085
1.91908
1.91399
1.89524
1.86961
1.85261
1.85801
1.88144
1.90859
1.93352
1.9589
1.98783
2.01928
2.04852
2.07009
2.08103
2.08236
2.07781
2.07127
2.06503
2.0596
2.05467
2.05141
2.05248
2.0555
2.04936
2.02401
1.98357
1.94718
1.93256
1.9387
1.95322
1.96759
1.97946
1.98864
1.99497
1.99837
1.99953
2.00021
2.0025
2.00736
2.01403
2.02131
2.02906
2.03804
2.04818
2.05722
2.06133
2.05715
2.0436
2.02217
1.99596
1.96827
1.94138
1.91643
1.89447
1.87777
1.86989
1.8742
1.89206
1.92253
1.96336
2.0105
2.05686
2.09398
2.11602
2.12165
2.11316
2.09443
2.06937
2.0412
2.01308
1.98934
1.97476
1.97133
1.97659
1.98618
1.99707
2.00738
2.01443
2.01537
2.01034
2.00274
1.99742
2.00069
2.01769
2.04598
2.07671
2.10305
2.12267
2.13328
2.13068
2.11194
2.07802
2.03354
1.98596
1.94453
1.91766
1.90945
1.918
1.93686
1.95774
1.97287
1.97716
1.97066
1.95862
1.94724
1.93998
1.93768
1.93991
1.94518
1.95117
1.95573
1.9586
1.96166
1.9659
1.96907
1.96849
1.96495
1.9622
1.96418
1.9736
1.99189
2.01834
2.04919
2.07877
2.10268
2.11999
2.13281
2.14451
2.1577
2.17305
2.18883
2.20083
2.20309
2.19006
2.15925
2.11301
2.05917
2.01073
1.98176
1.97737
1.98766
1.99858
2.00478
2.00935
2.01665
2.02631
2.03364
2.0362
2.03865
2.0492
2.07223
2.10481
2.13899
2.16587
2.17833
2.17285
2.15118
2.12135
2.09573
2.08522
2.09332
2.11479
2.13923
2.15629
2.15928
2.14571
2.11612
2.07314
2.02127
1.96648
1.91455
1.86954
1.83513
1.81779
1.82518
1.85836
1.90796
1.95935
2.0006
2.02654
2.03807
2.0393
2.03485
2.028
2.02044
2.01329
2.00765
2.00335
1.99872
1.99236
1.98463
1.97766
1.9744
1.9762
1.98108
1.98547
1.98659
1.98246
1.97191
1.95596
1.93874
1.92453
1.91372
1.90359
1.89272
1.8829
1.87729
1.87812
1.88649
1.90303
1.92622
1.95154
1.97417
1.99142
2.00271
2.00925
2.01406
2.02088
2.03137
2.04356
2.05369
2.05957
2.06175
2.0622
2.06291
2.06513
2.06911
2.07343
2.07515
2.07099
2.05899
2.03969
2.01617
1.993
1.97445
1.96333
1.96183
1.972
1.99314
2.02028
2.04653
2.06602
2.07579
2.07637
2.07133
2.06504
2.05942
2.05234
2.03945
2.01785
1.98918
1.96126
1.94538
1.94732
1.96094
1.9744
1.97991
1.97525
1.96093
1.93894
1.91359
1.89262
1.88442
1.89051
1.90243
1.90862
1.90302
1.88813
1.87152
1.85943
1.85325
1.85103
1.85095
1.85285
1.85757
1.86555
1.87627
1.88842
1.9001
1.90899
1.91279
1.91013
1.90176
1.89225
1.88954
1.89925
1.91985
1.94549
1.97078
1.99169
2.00536
2.01132
2.01188
2.01075
2.01285
2.02473
2.04838
2.07289
2.08269
2.07322
2.05457
2.04203
2.04256
2.05167
2.0609
2.06315
2.05425
2.03455
2.00981
1.98868
1.97687
1.97321
1.97213
1.96857
1.96021
1.94756
1.93371
1.92346
1.92117
1.92828
1.94237
1.95894
1.97485
1.99034
2.00747
2.02621
2.04308
2.05344
2.05391
2.04343
2.02289
1.99485
1.9636
1.93504
1.91533
1.90989
1.92208
1.95056
1.98778
2.02266
2.04575
2.05286
2.04509
2.02737
2.00674
1.99043
1.98316
1.985
1.99205
1.9991
2.00204
1.99942
1.99307
1.98725
1.98478
1.98412
1.98206
1.97794
1.97374
1.97125
1.96973
1.96658
1.96044
1.953
1.9481
1.94979
1.95995
1.97639
1.9928
2.00107
1.99446
1.97085
1.93523
1.89812
1.86792
1.84605
1.83133
1.82554
1.83293
1.85611
1.8932
1.93785
1.98134
2.01533
2.03396
2.03513
2.02073
1.9959
1.968
1.94527
1.93425
1.93663
1.94949
1.96817
1.98779
2.00346
2.01099
2.00802
1.99591
1.98065
1.97035
1.97021
1.98006
1.99582
2.01298
2.02894
2.04391
2.06
2.07969
2.10391
2.13049
2.15462
2.17115
2.17671
2.17013
2.15146
2.1212
2.08083
2.03439
1.98861
1.94903
1.91603
1.89023
1.88112
1.89751
1.93053
1.9628
1.98591
2.00078
2.01033
2.0159
2.01808
2.01836
2.01819
2.01702
2.01216
2.0011
1.98446
1.96687
1.95518
1.9553
1.96886
1.99162
2.01565
2.03411
2.04405
2.04609
2.04236
2.03482
2.02506
2.01519
2.00797
2.0049
2.0048
2.00495
2.00379
2.00204
2.00145
2.00341
2.00884
2.01785
2.02832
2.03567
2.03571
2.0285
2.01885
2.01118
2.00364
1.98929
1.96406
1.93332
1.91032
1.90495
1.91528
1.93142
1.94486
1.95459
1.96582
1.98322
2.00578
2.02784
2.04368
2.05123
2.05247
2.05096
2.04943
2.04911
2.05019
2.05167
2.05121
2.04593
2.03397
2.0153
1.99132
1.96438
1.93732
1.91338
1.89571
1.88669
1.88695
1.89429
1.90449
1.91445
1.92521
1.94186
1.96943
2.00802
2.05162
2.09165
2.12092
2.13586
2.1367
2.12678
2.11144
2.0968
2.08788
2.08613
2.0881
2.08744
2.07871
2.0598
2.03208
2.00038
1.97189
1.95334
1.94866
1.95849
1.98042
2.00966
2.04024
2.06549
2.07941
2.07937
2.06779
2.05084
2.03516
2.02562
2.02485
2.03303
2.04632
2.05703
2.05878
2.05107
2.03848
2.02634
2.01769
2.01291
2.01069
2.00957
2.00903
2.00992
2.01387
2.02107
2.02855
2.0315
2.02673
2.01522
2.00186
1.99316
1.99416
2.00534
2.02149
2.0331
2.03029
2.00774
1.96805
1.92428
1.90016
1.91247
1.95038
1.99033
2.01847
2.03211
2.03318
2.0245
2.00971
1.99431
1.98496
1.98635
1.99836
2.01594
2.0316
2.03848
2.03239
2.01293
1.98393
1.95335
1.93185
1.92848
1.94468
1.97199
1.99731
2.01119
2.01264
2.00656
1.99743
1.98687
1.97668
1.97002
1.96947
1.97596
1.98942
2.00919
2.03278
2.05504
2.06924
2.06989
2.05545
2.02986
2.0015
1.97898
1.96739
1.96848
1.979
1.98886
1.98672
1.96557
1.92269
1.86087
1.793
1.74174
1.72448
1.7396
1.7734
1.81199
1.84585
1.87281
1.89865
1.93054
1.96793
2.00326
2.02937
2.0424
2.04077
2.02533
2.0002
1.97265
1.95175
1.94592
1.95928
1.98868
2.02449
2.05571
2.0756
2.08403
2.08548
2.08489
2.08454
2.08453
2.08486
2.08577
2.08719
2.08949
2.09464
2.10425
2.11603
2.12468
2.12603
2.11942
2.10674
2.09087
2.07486
2.06132
2.05149
2.04505
2.04122
2.03927
2.03695
2.02997
2.0153
1.99393
1.96957
1.94595
1.92606
1.91262
1.90835
1.91506
1.93026
1.94512
1.94985
1.94047
1.92003
1.8954
1.87257
1.85395
1.83899
1.82598
1.81369
1.80269
1.79427
1.78842
1.78428
1.78337
1.79182
1.81662
1.85831
1.90996
1.9621
2.00702
2.03971
2.05774
2.06227
2.05845
2.05394
2.05644
2.07069
2.09622
2.12735
2.15545
2.17171
2.16917
2.14481
2.10283
2.05637
2.02037
2.00132
1.99776
2.00483
2.0141
2.01562
2.00271
1.975
1.93986
1.91147
1.9047
1.92594
1.96798
2.01449
2.0503
2.06813
2.06886
2.0583
2.04391
2.03282
2.03062
2.0401
2.06037
2.08767
2.11696
2.14331
2.16253
2.17148
2.16815
2.15196
2.1236
2.08479
2.03868
1.99008
1.9443
1.9051
1.87439
1.85372
1.84499
1.84869
1.86099
1.87422
1.88129
1.87936
1.87022
1.85852
1.85029
1.85133
1.86414
1.88563
1.90998
1.93373
1.95729
1.98312
2.01334
2.04781
2.08421
2.12002
2.15328
2.18062
2.19603
2.19425
2.17506
2.14385
2.10836
2.07431
2.04344
2.01528
1.98994
1.96926
1.95659
1.95543
1.96695
1.98812
2.01201
2.03074
2.03866
2.03452
2.02136
2.00386
1.9844
1.96192
1.93559
1.91025
1.89696
1.90468
1.93246
1.97153
2.01115
2.04313
2.06511
2.07981
2.0911
2.1009
2.10953
2.11763
2.12653
2.13563
2.14024
2.13423
2.11454
2.08284
2.04403
2.00356
1.96473
1.92704
1.887
1.8411
1.78909
1.73655
1.69569
1.68332
1.71309
1.78329
1.87397
1.96072
2.02855
2.07349
2.09755
2.10452
2.09822
2.08213
2.05947
2.03355
2.00816
1.98713
1.97302
1.96518
1.95865
1.94554
1.91895
1.87778
1.8304
1.79379
1.7849
1.81087
1.86699
1.93984
2.01324
2.07455
2.1163
2.13534
2.13221
2.1108
2.0771
2.03788
2.00014
1.97129
1.95753
1.9606
1.97773
2.00426
2.03414
2.05899
2.07003
2.06189
2.03489
1.99486
1.95084
1.91202
1.88572
1.87664
1.88556
1.90922
1.94303
1.984
2.03069
2.08102
2.13004
2.16962
2.19063
2.1866
2.15714
2.10914
2.05455
2.005
1.96755
1.94444
1.93506
1.93741
1.94916
1.96811
1.99182
2.01716
2.04024
2.0565
2.06188
2.05479
2.03756
2.01671
2.0011
1.99729
2.00572
2.02117
2.03569
2.04183
2.03502
2.01481
1.98515
1.95347
1.92819
1.91461
1.91193
1.91459
1.91692
1.91676
1.91608
1.91884
1.92787
1.94287
1.96139
1.98077
1.99823
2.01028
2.01446
2.01167
2.00607
2.00248
2.0037
2.00983
2.02006
2.03473
2.05481
2.07931
2.10365
2.12112
2.12608
2.11596
2.09164
2.05723
2.0196
1.98623
1.96115
1.9424
1.92494
1.90824
1.90016
1.90947
1.93512
1.96709
1.99497
2.0125
2.0172
2.00891
1.9894
1.96293
1.93633
1.91748
1.91256
1.92376
1.94881
1.98256
2.01892
2.05261
2.08012
2.09977
2.11101
2.1137
2.10786
2.09417
2.07452
2.05193
2.02935
2.00822
1.98779
1.96541
1.93736
1.90041
1.85472
1.8067
1.76943
1.75697
1.77454
1.81481
1.86425
1.91112
1.9482
1.97239
1.98387
1.98613
1.98575
1.99048
2.00517
2.02737
2.0479
2.05723
2.05116
2.03248
2.00903
1.98853
1.97455
1.96696
1.96478
1.96712
1.97237
1.978
1.98202
1.9842
1.98596
1.98906
1.99505
2.00643
2.0266
2.05607
2.08922
2.11661
2.13017
2.12604
2.10539
2.07374
2.03728
1.9977
1.95202
1.90033
1.8533
1.82872
1.83751
1.87577
1.93076
1.98932
2.042
2.08421
2.11475
2.1331
2.13826
2.12961
2.1087
2.0801
2.05016
2.02342
1.99979
1.97696
1.95574
1.94123
1.93735
1.94208
1.95014
1.95802
1.96578
1.97535
1.98776
2.00169
2.01411
2.0229
2.02929
2.03807
2.05464
2.08085
2.11308
2.14415
2.16706
2.17791
2.17679
2.1664
2.14952
2.12891
2.11055
2.10438
2.11611
2.13811
2.15424
2.15211
2.12963
2.09456
2.05873
2.02889
2.00372
1.97946
1.95561
1.9353
1.92108
1.91094
1.90188
1.90169
1.92956
1.98894
2.05866
2.11912
2.16312
2.18918
2.19707
2.18816
2.16645
2.13763
2.1081
2.0856
2.07743
2.08505
2.10253
2.12072
2.13187
2.13253
2.12425
2.10984
2.0885
2.05815
2.02141
1.98526
1.95545
1.93413
1.92194
1.91927
1.92473
1.93436
1.94378
1.95106
1.95795
1.96964
1.99289
2.03207
2.08528
2.14473
2.20112
2.24693
2.27703
2.28803
2.27839
2.24958
2.2074
2.16103
2.11853
2.08272
2.05233
2.02677
2.0082
1.99949
2.00149
2.01204
2.02663
2.0399
2.04747
2.04786
2.04302
2.03642
2.0307
2.02733
2.02833
2.03616
2.05126
2.07095
2.09075
2.10644
2.11551
2.11787
2.11564
2.11117
2.10527
2.09737
2.08726
2.07587
2.06428
2.05337
2.04449
2.04025
2.04342
2.05419
2.0691
2.08282
2.09116
2.09216
2.08552
2.07184
2.05253
2.03034
2.0088
1.99048
1.97603
1.96529
1.95799
1.95266
1.94597
1.93458
1.91787
1.89846
1.88066
1.86821
1.86241
1.86276
1.86985
1.88543
1.90888
1.93465
1.95421
1.96041
1.95118
1.93221
1.91736
1.92213
1.94916
1.98431
2.01257
2.02882
2.03338
2.02678
2.01132
1.99399
1.98458
1.98842
2.00173
2.01605
2.02587
2.03048
2.03109
2.02766
2.0185
2.00303
1.98578
1.97701
1.98543
2.00899
2.03726
2.06062
2.07397
2.07573
2.0673
2.0529
2.03767
2.02534
2.01822
2.01758
2.02169
2.02575
2.02609
2.02352
2.02254
2.02759
2.03958
2.05606
2.07479
2.09493
2.11462
2.1299
2.13691
2.13408
2.12206
2.10177
2.07262
2.03369
1.98732
1.94177
1.90823
1.89306
1.89556
1.91343
1.94425
1.98237
2.02031
2.05295
2.07757
2.09136
2.09093
2.07494
2.04675
2.01418
1.98688
1.97186
1.96814
1.96806
1.96611
1.96345
1.96551
1.97768
2.00218
2.03681
2.07543
2.10907
2.12815
2.12527
2.09846
2.05403
2.00631
1.97126
1.95866
1.97041
2.00331
2.04986
2.09839
2.13589
2.15153
2.13928
2.10071
2.04646
1.99157
1.94721
1.91845
1.907
1.9122
1.93131
1.96085
1.99715
2.03596
2.0722
2.10063
2.11687
2.11853
2.10544
2.07936
2.04377
2.00328
1.96201
1.92174
1.88211
1.84347
1.81062
1.79308
1.79767
1.81933
1.84465
1.86487
1.88157
1.90094
1.92478
1.9478
1.96312
1.9677
1.96306
1.95418
1.94824
1.95213
1.9693
1.99795
2.03193
2.06324
2.08505
2.09298
2.08517
2.0626
2.03044
1.99828
1.97717
1.97478
1.99213
2.02412
2.0622
2.09766
2.12505
2.14399
2.15696
2.16579
2.17097
2.17371
2.17685
2.18294
2.19168
2.1995
2.20086
2.19005
2.16339
2.12195
2.07304
2.02806
1.99704
1.98408
1.98734
2.00246
2.02517
2.05117
2.07553
2.09333
2.10087
2.09582
2.07717
2.04596
2.00653
1.96703
1.93709
1.92295
1.92398
1.93396
1.94517
1.95192
1.95165
1.9442
1.93106
1.91599
1.90538
1.90579
1.91889
1.93938
1.95888
1.97131
1.97518
1.9728
1.96791
1.96308
1.95812
1.95059
1.93795
1.92027
1.90207
1.89188
1.89827
1.92437
1.96543
2.01162
2.05366
2.0866
2.10925
2.12123
2.12099
2.10638
2.07723
2.0374
1.99434
1.95593
1.92688
1.90814
1.89949
1.90201
1.91699
1.94261
1.97307
2.00146
2.02326
2.03748
2.04506
2.04726
2.04582
2.0442
2.04742
2.05933
2.07945
2.10257
2.12112
2.12859
2.12192
2.10201
2.07268
2.03951
2.01066
1.99806
2.01199
2.04989
2.09596
2.13387
2.1554
2.16047
2.15433
2.145
2.14085
2.14679
2.16037
2.17343
2.17896
2.17481
2.16259
2.14567
2.128
2.1129
2.10162
2.09245
2.08116
2.06438
2.04392
2.02664
2.01707
2.01282
2.00927
2.0032
1.99175
1.97263
1.94596
1.9154
1.88763
1.87028
1.86951
1.88751
1.92019
1.95761
1.98817
2.00406
2.00478
1.99695
1.98893
1.98424
1.98172
1.98031
1.98
1.97964
1.97694
1.97143
1.96654
1.96871
1.98318
2.00976
2.04324
2.07981
2.12194
2.17068
2.2154
2.24001
2.23516
2.20197
2.15418
2.11551
2.10045
2.10199
2.10706
2.10915
2.10709
2.10258
2.09884
2.09793
2.09821
2.09461
2.08218
2.06053
2.03519
2.01396
2.00172
2.00002
2.00937
2.02764
2.04848
2.06477
2.07157
2.06588
2.04634
2.01418
1.97521
1.93956
1.91688
1.91065
1.91664
1.92717
1.93748
1.94729
1.95838
1.97243
1.98963
2.00787
2.02351
2.03336
2.03609
2.03236
2.02406
2.01347
2.00272
1.99327
1.98559
1.98058
1.98157
1.99362
2.01876
2.05349
2.09124
2.12504
2.14902
2.16003
2.15846
2.1477
2.13249
2.11684
2.10206
2.08638
2.06782
2.04939
2.03963
2.04311
2.05269
2.05736
2.05409
2.04917
2.0516
2.06555
2.0877
2.10996
2.12311
2.11953
2.09584
2.05677
2.01751
1.99489
1.99116
1.99255
1.9854
1.96809
1.95008
1.94442
1.95862
1.98944
2.02573
2.05657
2.0774
2.09047
2.10073
2.11115
2.12028
2.12341
2.11569
2.09514
2.06406
2.02809
1.99407
1.96786
1.9522
1.94558
1.94452
1.94757
1.95616
1.97196
1.99499
2.02417
2.05774
2.09239
2.12305
2.14444
2.1532
2.14935
2.13667
2.12103
2.10625
2.09143
2.07362
2.05172
2.0258
1.99608
1.96531
1.94031
1.9292
1.93577
1.95425
1.97125
1.97552
1.96598
1.95174
1.94615
1.95876
1.99094
2.03617
2.0835
2.12257
2.14754
2.15782
2.15625
2.14647
2.13087
2.1105
2.08676
2.06306
2.04438
2.03454
2.03363
2.03749
2.04033
2.03849
2.03268
2.02727
2.02746
2.03665
2.05571
2.08332
2.11631
2.1504
2.18132
2.20569
2.22132
2.22761
2.22579
2.21832
2.20728
2.19334
2.176
2.15496
2.13167
2.10958
2.09258
2.08269
2.07948
2.08095
2.08399
2.08389
2.07573
2.05744
2.03108
2.0014
1.97343
1.95046
1.93213
1.91475
1.89513
1.87529
1.86413
1.8698
1.88969
1.91492
1.94109
1.96831
1.99523
2.01771
2.03463
2.05142
2.07296
2.09721
2.12075
2.14282
2.1624
2.1768
2.18301
2.17869
2.16298
2.13833
2.11183
2.09196
2.08163
2.07667
2.07114
2.06191
2.04909
2.03486
2.02192
2.01201
2.0047
1.99741
1.98776
1.97667
1.96854
1.96789
1.97582
1.98923
2.0028
2.01193
2.01477
2.01169
2.0025
1.9847
1.95598
1.92011
1.88992
1.87947
1.89061
1.91342
1.9388
1.96258
1.98071
1.98805
1.98189
1.96428
1.94175
1.92237
1.91164
1.91116
1.92048
1.93926
1.96643
1.99829
2.02856
2.05085
2.06072
2.0561
2.03753
2.00874
1.97634
1.94857
1.93194
1.92713
1.9285
1.92796
1.92
1.90564
1.89349
1.89529
1.9173
1.95487
1.99549
2.02723
2.04491
2.05072
2.05007
2.04666
2.04082
2.031
2.01562
1.99423
1.96808
1.9397
1.91171
1.88622
1.8656
1.85231
1.84677
1.84663
1.85005
1.85926
1.8797
1.9149
1.96196
2.01262
2.05774
2.09018
2.10549
2.10208
2.08223
2.05369
2.0293
2.02099
2.03162
2.05508
2.0832
2.10936
2.12844
2.13704
2.13448
2.12343
2.10981
2.10074
2.10068
2.10798
2.1163
2.11988
2.11661
2.10735
2.09494
2.08338
2.07508
2.06853
2.06039
2.05005
2.0416
2.04151
2.05255
2.07012
2.08723
2.10101
2.11244
2.12244
2.13002
2.13271
2.12715
2.11068
2.0846
2.05683
2.03864
2.03623
2.04629
2.06148
2.07742
2.09352
2.11009
2.12621
2.1397
2.14794
2.14846
2.1394
2.12057
2.09452
2.0663
2.04103
2.02214
2.01143
2.00911
2.01307
2.01925
2.0242
2.02709
2.02984
2.03506
2.04415
2.05688
2.07258
2.08964
2.10309
2.10416
2.08363
2.03612
1.96492
1.88976
1.84637
1.85683
1.90797
1.97418
2.03573
2.07779
2.09028
2.07012
2.02368
1.96773
1.92243
1.89557
1.87713
1.85368
1.82244
1.79141
1.77404
1.78327
1.82144
1.87713
1.93668
1.99318
2.04438
2.08841
2.12254
2.14458
2.15467
2.15597
2.15357
2.15227
2.15461
2.16029
2.16632
2.16798
2.16039
2.14019
2.10646
2.06075
2.00736
1.95348
1.90803
1.87809
1.86492
1.86409
1.86992
1.87921
1.89169
1.9085
1.93
1.95356
1.97334
1.9828
1.97793
1.95925
1.93215
1.90647
1.89403
1.90273
1.93123
1.97058
2.01095
2.04618
2.07434
2.09638
2.11408
2.12745
2.13336
2.12704
2.10588
2.07184
2.03014
1.9853
1.93876
1.89159
1.84935
1.82239
1.81928
1.83905
1.87148
1.90558
1.93724
1.9689
2.00292
2.03609
2.06123
2.07233
2.06713
2.04678
2.01589
1.98343
1.96058
1.95481
1.96775
1.99809
2.04248
2.09452
2.14565
2.18777
2.21533
2.22581
2.21935
2.19847
2.16765
2.13213
2.09679
2.06495
2.03755
2.01323
1.9899
1.9668
1.94625
1.93403
1.93658
1.95515
1.98322
2.01102
2.03093
2.03882
2.03416
2.02056
2.00466
1.99412
1.99598
2.01384
2.04431
2.07871
2.10811
2.12613
2.12899
2.11529
2.0866
2.04809
2.00794
1.97466
1.95317
1.94331
1.94253
1.9497
1.96569
1.99029
2.02006
2.04956
2.0737
2.08916
2.09486
2.09123
2.07881
2.05733
2.02669
1.98962
1.95413
1.93209
1.93285
1.95638
1.99338
2.03175
2.06266
2.08274
2.09315
2.09696
2.09658
2.09249
2.08383
2.06971
2.05055
2.028
2.00381
1.97953
1.95784
1.94321
1.93783
1.9372
1.93351
1.92381
1.91351
1.91262
1.92868
1.96122
2.00119
2.03721
2.06304
2.07943
2.09063
2.09914
2.10318
2.09936
2.08806
2.07655
2.07558
2.09019
2.11537
2.14161
2.16148
2.17077
2.16683
2.14804
2.11496
2.07137
2.02356
1.97815
1.94044
1.91367
1.89745
1.8872
1.87725
1.86409
1.84643
1.82414
1.79831
1.77161
1.74837
1.73545
1.74077
1.7671
1.80702
1.84588
1.87229
1.88854
1.90716
1.93147
1.95241
1.96514
1.97284
1.97969
1.98728
1.99539
2.00312
2.00926
2.01254
2.01229
2.00966
2.00754
2.00749
2.00705
2.00211
1.99082
1.97386
1.95311
1.93169
1.91381
1.90284
1.90022
1.90623
1.92068
1.94214
1.96783
1.99464
2.01996
2.04163
2.05758
2.06589
2.06553
2.05737
2.04486
2.03293
2.02555
2.02341
2.02373
2.02188
2.01375
1.99734
1.97375
1.94695
1.92259
1.90576
1.89941
1.90468
1.92116
1.94563
1.97209
1.99429
2.00765
2.00976
2.00152
1.98856
1.97888
1.97602
1.97402
1.96228
1.93585
1.89951
1.86224
1.83163
1.81427
1.81475
1.83245
1.86306
1.90252
1.9482
1.99726
2.04507
2.08547
2.11305
2.12615
2.12903
2.12781
2.12155
2.10266
2.0676
2.02182
1.97603
1.93988
1.91744
1.90751
1.90707
1.91417
1.9297
1.957
1.9966
2.04114
2.07919
2.10264
2.10879
2.09811
2.07256
2.03576
1.99391
1.95537
1.9279
1.91543
1.91729
1.93013
1.95058
1.976
2.00314
2.02655
2.03859
2.03286
2.0094
1.97761
1.95098
1.93551
1.92546
1.91256
1.89693
1.88765
1.8921
1.90708
1.92211
1.92857
1.92645
1.92517
1.93519
1.95836
1.98736
2.01183
2.02459
2.02403
2.01265
1.99394
1.97123
1.94878
1.93317
1.93186
1.94828
1.97819
2.01224
2.04173
2.06181
2.07118
2.07054
2.06143
2.04637
2.02931
2.01521
2.00919
2.01507
2.03359
2.06245
2.09806
2.13673
2.17414
2.20537
2.22678
2.23783
2.24051
2.23678
2.22656
2.20806
2.18006
2.14564
2.11488
2.10006
2.10445
2.11868
2.12899
2.12641
2.10916
2.08047
2.04545
2.00911
1.97572
1.94919
1.93385
1.93384
1.95041
1.98005
2.01604
2.05151
2.0809
2.0997
2.10475
2.09563
2.07538
2.04912
2.02267
2.00212
1.99224
1.99389
2.00402
2.01716
2.02686
2.02647
2.00997
1.97395
1.92344
1.88061
1.87616
1.91574
1.97482
2.02857
2.06513
2.08328
2.08881
2.08999
2.09243
2.09724
2.1036
2.11128
2.12018
2.12905
2.13523
2.13577
2.12954
2.11821
2.10486
2.09205
2.08233
2.07833
2.07812
2.07409
2.06158
2.04567
2.03698
2.04269
2.06254
2.09111
2.12218
2.1511
2.17471
2.19116
2.19992
2.20082
2.19285
2.17411
2.14289
2.09941
2.0496
2.0076
1.98833
1.99345
2.01279
2.03807
2.06597
2.09184
2.10804
2.10845
2.0925
2.06514
2.0349
2.01123
2.00166
2.01003
2.03626
2.07643
2.12269
2.16474
2.1933
2.20338
2.19456
2.1694
2.13137
2.08481
2.03683
1.997
1.97171
1.95921
1.95185
1.94181
1.92548
1.90607
1.89303
1.89738
1.92469
1.97077
2.02383
2.07116
2.10532
2.12728
2.14528
2.16821
2.19667
2.22145
2.23104
2.21867
2.18402
2.13145
2.06852
2.00537
1.95433
1.92703
1.92939
1.95857
2.00462
2.05499
2.09854
2.1278
2.13948
2.13394
2.1144
2.08654
2.05757
2.03368
2.01636
2.00138
1.98281
1.95954
1.93889
1.93143
1.94004
1.95754
1.97435
1.98468
1.98693
1.98198
1.97103
1.9539
1.92883
1.89498
1.85579
1.81929
1.79289
1.77813
1.77269
1.77573
1.7887
1.81245
1.84537
1.88419
1.92601
1.9689
2.01017
2.04522
2.06971
2.0822
2.08453
2.08049
2.07421
2.06885
2.06619
2.06683
2.07076
2.07848
2.09169
2.11094
2.13369
2.15732
2.18193
2.20823
2.23414
2.254
2.26052
2.2486
2.21861
2.17753
2.13649
2.10571
2.09065
2.09121
2.10217
2.11533
2.12348
2.12233
2.11026
2.08845
2.06094
2.03276
2.00651
1.98112
1.95412
1.92465
1.89437
1.86652
1.84556
1.8372
1.84652
1.87425
1.91537
1.96193
2.00633
2.04285
2.06828
2.08278
2.09151
2.10418
2.12941
2.16852
2.21547
2.26056
2.29435
2.31142
2.31223
2.30146
2.284
2.26201
2.23481
2.20055
2.15876
2.11231
2.06676
2.02729
1.99752
1.98108
1.98105
1.99641
2.02112
2.0482
2.07413
2.09967
2.1267
2.15434
2.17801
2.19262
2.19637
2.19091
2.17862
2.1599
2.13322
2.09787
2.05669
2.01545
1.98043
1.95674
1.94771
1.95348
1.97027
1.99197
2.01231
2.02604
2.02961
2.02216
2.00603
1.98575
1.96567
1.94798
1.93283
1.9197
1.90852
1.90026
1.89764
1.90483
1.92512
1.95714
1.99436
2.02927
2.05744
2.07766
2.09017
2.09573
2.09542
2.09044
2.08128
2.06717
2.04622
2.01633
1.97707
1.93147
1.88669
1.85263
1.839
1.85089
1.88469
1.93058
1.98024
2.0281
2.06732
2.09104
2.09671
2.08736
2.06946
2.04998
2.03342
2.02051
2.00975
2.00098
1.99655
1.99913
2.00958
2.02728
2.0508
2.07688
2.10046
2.11698
2.12437
2.12323
2.11572
2.10429
2.09079
2.07542
2.05628
2.03081
1.9979
1.95919
1.91882
1.88155
1.85099
1.82969
1.82075
1.82702
1.84755
1.87722
1.91042
1.94354
1.97428
2.00052
2.02069
2.03463
2.04326
2.04721
2.04595
2.03861
2.02584
2.01085
1.99832
1.99217
1.99429
2.00455
2.02083
2.03952
2.05769
2.0749
2.09249
2.11206
2.13473
2.16011
2.18534
2.20546
2.21508
2.20984
2.18687
2.14495
2.08528
2.01291
1.93719
1.86928
1.81841
1.79011
1.78764
1.81207
1.85951
1.92013
1.98157
2.03391
2.07234
2.09658
2.10851
2.10949
2.10005
2.08179
2.05859
2.03509
2.01382
1.99371
1.97157
1.94588
1.9189
1.89497
1.87694
1.86388
1.85203
1.83852
1.82552
1.8206
1.83121
1.8578
1.89374
1.93125
1.96581
1.99525
2.01718
2.02863
2.02808
2.01711
1.99969
1.98002
1.96134
1.94648
1.93807
1.93662
1.93903
1.94061
1.93931
1.93698
1.93596
1.93524
1.93072
1.91831
1.89672
1.86899
1.84306
1.83051
1.84166
1.87969
1.93903
2.0086
2.07614
2.13135
2.16791
2.18406
2.1821
2.16714
2.14544
2.12327
2.10625
2.09846
2.10037
2.1074
2.11242
2.11018
2.10029
2.08649
2.07254
2.05856
2.04161
2.01982
1.99511
1.97184
1.95332
1.93984
1.92919
1.91909
1.90968
1.90413
1.90695
1.92119
1.94674
1.98048
2.01727
2.05097
2.07586
2.08823
2.08746
2.07593
2.05831
2.04036
2.02678
2.01869
2.01337
2.00786
2.00365
2.00736
2.02531
2.05669
2.09273
2.122
2.13557
2.1289
2.10158
2.05681
2.00124
1.94505
1.90094
1.88066
1.88941
1.92203
1.96567
2.00675
2.03608
2.05005
2.04989
2.04105
2.03236
2.03327
2.04927
2.07919
2.11631
2.15141
2.17539
2.18155
2.16776
2.13669
2.09258
2.03819
1.97681
1.91687
1.87024
1.84433
1.83837
1.84599
1.85985
1.87636
1.89635
1.92013
1.94336
1.95981
1.96672
1.96595
1.96259
1.96375
1.97578
2.00057
2.0352
2.07481
2.11433
2.14945
2.177
2.19492
2.20181
2.19696
2.1807
2.15483
2.12266
2.08824
2.05599
2.03052
2.01523
2.00967
2.00995
2.01229
2.01492
2.01749
2.01977
2.0211
2.02085
2.01964
2.0198
2.02479
2.03724
2.05656
2.078
2.09439
2.10007
2.09393
2.07994
2.06486
2.05468
2.05164
2.0536
2.0555
2.05118
2.0352
2.00548
1.96605
1.92766
1.90374
1.90231
1.92085
1.95026
1.98145
2.00798
2.02591
2.03398
2.03417
2.03043
2.02533
2.01759
2.00317
1.97939
1.94881
1.91943
1.89999
1.89462
1.90182
1.91675
1.93407
1.95003
1.96147
1.96398
1.95354
1.93147
1.90815
1.89842
1.90733
1.92519
1.93953
1.94471
1.9417
1.93544
1.93271
1.93992
1.95959
1.98858
2.02046
2.04996
2.07566
2.09909
2.12176
2.14347
2.16295
2.17899
2.19086
2.19813
2.20048
2.19795
2.19093
2.1796
2.16315
2.13986
2.10824
2.06864
2.02453
1.98297
1.95222
1.93694
1.93485
1.93973
1.94673
1.95436
1.96263
1.97123
1.97967
1.9878
1.99499
1.99892
1.99699
1.98879
1.97603
1.96031
1.94165
1.91987
1.89841
1.88649
1.89413
1.92356
1.96919
2.02269
2.07455
2.11532
2.13943
2.14747
2.14525
2.14098
2.14157
2.14975
2.16341
2.17792
2.18929
2.19597
2.19853
2.19829
2.19591
2.1905
2.17979
2.16107
2.13242
2.09415
2.04949
2.00362
1.96144
1.92584
1.89813
1.87982
1.87338
1.88037
1.89844
1.92043
1.93755
1.94465
1.9439
1.9432
1.94886
1.95977
1.96981
1.97424
1.97279
1.96823
1.96407
1.96353
1.96891
1.98099
1.99913
2.02164
2.04587
2.06803
2.08397
2.09002
2.08399
2.0653
2.03438
1.99239
1.94263
1.89314
1.85551
1.83805
1.84088
1.85977
1.89072
1.92968
1.97109
2.00888
2.03892
2.05986
2.07216
2.07685
2.0757
2.07141
2.06681
2.06347
2.06145
2.05992
2.05785
2.0548
2.05136
2.04913
2.05029
2.05741
2.07282
2.09762
2.13102
2.17042
2.212
2.25125
2.28342
2.30388
2.30946
2.30027
2.27959
2.25106
2.21639
2.1766
2.13511
2.09985
2.07811
2.06629
2.05331
2.03433
2.01354
1.99757
1.9901
1.99035
1.99405
1.9959
1.99284
1.98592
1.97845
1.97194
1.96522
1.95859
1.95659
1.96493
1.98492
2.01188
2.03892
2.06011
2.07095
2.06929
2.05808
2.04563
2.03828
2.03239
2.01827
1.99134
1.95585
1.91918
1.88557
1.85723
1.83843
1.83482
1.84909
1.87834
1.91521
1.951
1.97875
1.99431
1.99588
1.98356
1.96071
1.93495
1.9145
1.90102
1.88964
1.8774
1.86753
1.86588
1.87531
1.89268
1.9099
1.91795
1.91196
1.89341
1.86832
1.84421
1.82822
1.82508
1.83466
1.85244
1.87313
1.89396
1.91441
1.93485
1.95635
1.98071
2.00993
2.04425
2.08036
2.11187
2.13151
2.13322
2.11397
2.07599
2.02753
1.97936
1.93868
1.90845
1.89319
1.90069
1.93314
1.9817
2.03506
2.08744
2.13653
2.17854
2.20757
2.21926
2.21398
2.19681
2.17528
2.15629
2.14398
2.13967
2.14299
2.15229
2.16428
2.17379
2.17536
2.1663
2.1492
2.13216
2.12529
2.13409
2.155
2.17889
2.19711
2.20402
2.19729
2.17928
2.15758
2.14131
2.13573
2.14104
2.1537
2.16708
2.17451
2.17296
2.1628
2.14552
2.12325
2.09925
2.07635
2.05441
2.03062
2.00328
1.97454
1.94972
1.93471
1.93389
1.94894
1.97748
2.01296
2.04702
2.07284
2.08703
2.08937
2.08138
2.06525
2.04515
2.02859
2.02225
2.02512
2.03018
2.03222
2.03031
2.0247
2.01463
1.99925
1.97903
1.95517
1.92854
1.90118
1.87956
1.87389
1.89086
1.92844
1.97939
2.0367
2.09449
2.1468
2.18718
2.20985
2.21147
2.19222
2.15598
2.10923
2.05914
2.01204
1.97361
1.94948
1.94347
1.95476
1.97764
2.00445
2.0286
2.04562
2.05295
2.05008
2.0395
2.02731
2.0205
2.0208
2.02297
2.02109
2.01441
2.00589
1.99799
1.99136
1.98593
1.98102
1.97497
1.96619
1.9551
1.94416
1.93584
1.93204
1.93522
1.94502
1.95326
1.94905
1.92867
1.89806
1.86755
1.84569
1.83673
1.84
1.8498
1.85881
1.86157
1.85611
1.8463
1.84492
1.86574
1.9072
1.95532
1.99945
2.03553
2.06227
2.07945
2.08766
2.08801
2.08138
2.06819
2.04904
2.02538
1.99942
1.97326
1.94835
1.92611
1.90887
1.89968
1.90094
1.91272
1.93243
1.95669
1.98303
2.00928
2.03322
2.05201
2.0611
2.05658
2.0383
2.01005
1.97789
1.94836
1.92737
1.91907
1.92413
1.93876
1.95568
1.96676
1.96575
1.94939
1.91817
1.8778
1.83912
1.81361
1.80672
1.81586
1.83523
1.86107
1.89318
1.93375
1.98446
2.04285
2.10106
2.14842
2.17623
2.18154
2.16782
2.14232
2.11154
2.0779
2.03985
1.99548
1.94793
1.90876
1.89194
1.90019
1.92251
1.94539
1.96001
1.96215
1.9509
1.92794
1.8973
1.86587
1.84462
1.84723
1.8799
1.93352
1.99257
2.04609
2.08871
2.11786
2.13261
2.13351
2.12291
2.10486
2.08442
2.0659
2.05095
2.03776
2.02294
2.00649
1.9957
2.00058
2.02245
2.05059
2.07102
2.07541
2.06373
2.04301
2.02238
2.00643
1.99298
1.97873
1.96518
1.9586
1.96532
1.98734
2.02079
2.05641
2.0817
2.08579
2.0654
2.02845
1.9932
1.97953
1.99313
2.0222
2.05312
2.07994
2.10105
2.11459
2.11756
2.10802
2.08889
2.06944
2.06017
2.06448
2.07707
2.08902
2.09324
2.08728
2.07291
2.05425
2.03616
2.02296
2.01626
2.01317
2.00714
1.9915
1.96315
1.92442
1.88336
1.85106
1.83446
1.83058
1.83192
1.8356
1.84448
1.86179
1.88649
1.91305
1.9361
1.95499
1.97377
1.9965
2.02281
2.04807
2.06727
2.07795
2.08044
2.07663
2.06926
2.06163
2.05712
2.05824
2.06539
2.07588
2.08453
2.08601
2.07715
2.05792
2.03119
2.0017
1.97501
1.95738
1.95523
1.97112
1.99947
2.02926
2.05105
2.06058
2.05836
2.04809
2.0351
2.02453
2.01932
2.01923
2.0219
2.02558
2.03138
2.0414
2.05318
2.05953
2.05752
2.05478
2.06326
2.08591
2.11287
2.13231
2.13877
2.13169
2.11201
2.08131
2.04186
1.99674
1.95044
1.90898
1.87878
1.86439
1.86734
1.88665
1.91956
1.96134
2.00527
2.04456
2.07473
2.09474
2.10678
2.1141
2.11797
2.11681
2.10793
2.08883
2.05724
2.01193
1.95431
1.88858
1.82201
1.76438
1.72244
1.6989
1.69758
1.71971
1.75706
1.79582
1.82635
1.84691
1.86106
1.87413
1.89109
1.91541
1.94769
1.98559
2.02536
2.06379
2.09853
2.12766
2.14892
2.15967
2.15762
2.142
2.11523
2.08349
2.05555
2.03934
2.03859
2.05126
2.07067
2.08834
2.09712
2.09359
2.07898
2.05846
2.03859
2.02389
2.01449
2.00654
1.99552
1.9801
1.96373
1.95237
1.95001
1.95601
1.96701
1.97924
1.98917
1.99458
1.99587
1.99566
1.99671
1.99967
2.00264
2.0031
2.00093
2.00035
2.00816
2.02795
2.05503
2.07905
2.09221
2.09388
2.0888
2.08199
2.07561
2.07031
2.068
2.07241
2.08632
2.10859
2.13328
2.15137
2.1548
2.14027
2.11011
2.07047
2.02817
1.98834
1.954
1.9274
1.91146
1.90943
1.92359
1.9547
2.00115
2.05755
2.11495
2.16333
2.19476
2.20555
2.1971
2.17528
2.14773
2.1196
2.0918
2.0639
2.03844
2.02174
2.01936
2.03108
2.05183
2.07639
2.10146
2.12408
2.14071
2.14783
2.1436
2.12998
2.1132
2.09953
2.08892
2.07582
2.05639
2.03172
2.00401
1.9719
1.93244
1.88854
1.85038
1.82692
1.82098
1.83397
1.86597
1.91054
1.95589
1.99191
2.01437
2.02451
2.02688
2.0269
2.02835
2.03162
2.03424
2.03359
2.02945
2.02452
2.02247
2.02538
2.03255
2.04114
2.04791
2.05079
2.0496
2.04604
2.04306
2.04367
2.04949
2.06006
2.07336
2.0868
2.09759
2.10273
2.09969
2.08785
2.06908
2.0469
2.02515
2.00784
1.99984
2.00632
2.02855
2.06002
2.0904
2.11415
2.13298
2.15008
2.16306
2.16503
2.15189
2.12572
2.09273
2.05843
2.02408
1.98754
1.94809
1.90967
1.87906
1.86134
1.85764
1.86593
1.88321
1.90615
1.93036
1.95002
1.95985
1.95792
1.94706
1.93401
1.9267
1.93022
1.94392
1.96242
1.97935
1.9906
1.99537
1.9952
1.99228
1.98846
1.98529
1.98396
1.9859
1.99361
2.00786
2.02396
2.03459
2.03523
2.02527
2.00606
1.97987
1.94994
1.92048
1.89648
1.88298
1.8836
1.89874
1.925
1.95634
1.98649
2.01062
2.02608
2.03261
2.0325
2.03025
2.03128
2.03995
2.05776
2.08297
2.1118
2.13962
2.1617
2.17369
2.17223
2.15611
2.12794
2.09397
2.05986
2.02807
2.00175
1.98689
1.98761
2.00181
2.02216
2.03972
2.04715
2.04109
2.02283
1.99701
1.9703
1.94951
1.93646
1.92641
1.91411
1.89903
1.88465
1.87563
1.8755
1.88512
1.90206
1.92179
1.93972
1.95317
1.96229
1.9687
1.97326
1.9752
1.97271
1.96345
1.94512
1.91641
1.87791
1.83317
1.78897
1.75341
1.73237
1.72699
1.73518
1.75527
1.78595
1.82344
1.86192
1.8969
1.92694
1.95256
1.97426
1.99229
2.00765
2.02246
2.03889
2.05787
2.07922
2.10206
2.12421
2.14178
2.15051
2.14842
2.13783
2.12521
2.11696
2.11308
2.10515
2.0825
2.04206
1.99404
1.95551
1.93671
1.93629
1.94634
1.95821
1.96849
1.97979
1.99382
2.00732
2.01607
2.01906
2.01802
2.01404
2.00667
1.99587
1.98328
1.97098
1.96063
1.95473
1.9572
1.97089
1.9947
2.02445
2.05656
2.08969
2.12259
2.15226
2.17476
2.18646
2.18482
2.16903
2.14077
2.10421
2.06432
2.02511
1.99051
1.96655
1.95884
1.96488
1.97313
1.97257
1.96163
1.94822
1.94263
1.95013
1.97074
2.00257
2.04189
2.08277
2.11916
2.14687
2.16368
2.16863
2.16176
2.14382
2.11635
2.08206
2.04502
2.00885
1.97405
1.9384
1.90089
1.8641
1.83226
1.80867
1.79591
1.79702
1.81461
1.84761
1.88905
1.92804
1.95535
1.9673
1.96622
1.95833
1.95068
1.94794
1.95127
1.95968
1.97174
1.9862
2.00175
2.01697
2.03087
2.04351
2.05571
2.06744
2.07691
2.08127
2.07803
2.06563
2.04358
2.01296
1.97717
1.94175
1.91237
1.89242
1.88204
1.87911
1.88052
1.88266
1.8829
1.88268
1.88723
1.89976
1.9172
1.93242
1.93899
1.93516
1.92535
1.9172
1.91577
1.92193
1.93568
1.95774
1.98762
2.02203
2.05568
2.08383
2.10545
2.12649
2.15703
2.19855
2.23939
2.26678
2.27574
2.26774
2.24737
2.22049
2.19268
2.1676
2.14614
2.12648
2.10512
2.07816
2.0437
2.00521
1.9725
1.95517
1.95359
1.9605
1.9697
1.97942
1.99048
2.00366
2.01673
2.02223
2.01046
1.97687
1.92832
1.88269
1.85679
1.85241
1.85936
1.86844
1.87616
1.88159
1.88407
1.88546
1.89246
1.91381
1.95274
2.00263
2.05111
2.08752
2.10761
2.11421
2.11395
2.11128
2.10532
2.0926
2.07153
2.04369
2.01205
1.97923
1.9478
1.9224
1.91118
1.92255
1.95591
1.99836
2.03401
2.05291
2.05309
2.03943
2.01928
1.9966
1.97227
1.95207
1.94675
1.95944
1.98273
2.00863
2.03336
2.05532
2.07255
2.08243
2.08292
2.07362
2.0565
2.03669
2.02252
2.02199
2.03683
2.06074
2.08377
2.09751
2.09855
2.08916
2.07445
2.05748
2.0385
2.0186
2.00118
1.98884
1.98123
1.97631
1.97189
1.96593
1.95715
1.94615
1.93618
1.93245
1.93919
1.95745
1.98532
2.01872
2.05174
2.07738
2.08936
2.08467
2.06519
2.0373
2.00967
1.99001
1.98193
1.98345
1.98842
1.98999
1.98376
1.96849
1.9455
1.9186
1.89574
1.88879
1.90551
1.94114
1.98206
2.01574
2.03577
2.04119
2.03414
2.01792
1.99611
1.97302
1.95418
1.94522
1.94923
1.96457
1.98485
2.00178
2.00867
2.00278
1.98726
1.97411
1.98137
2.01608
2.06372
2.10367
2.1247
2.12551
2.10984
2.08202
2.04536
2.0041
1.96517
1.93608
1.92164
1.9233
1.93946
1.96469
1.99134
2.01339
2.02758
2.03083
2.01936
1.99164
1.95143
1.90903
1.87979
1.87676
1.90191
1.94633
1.99774
2.04633
2.08615
2.11448
2.13064
2.13416
2.12378
2.09835
2.05914
2.01127
1.96223
1.91854
1.88316
1.8557
1.83521
1.82263
1.82054
1.83083
1.85218
1.87977
1.90759
1.93129
1.94952
1.96303
1.97265
1.97824
1.97981
1.9785
1.97557
1.9705
1.96113
1.94587
1.92503
1.9003
1.87317
1.84468
1.81816
1.80283
1.8117
1.85069
1.91244
1.98288
2.04885
2.10104
2.13445
2.14808
2.14405
2.12701
2.10381
2.0826
2.07024
2.06795
2.06961
2.0671
2.05818
2.04857
2.04467
2.04611
2.04791
2.04673
2.04272
2.03773
2.03362
2.03211
2.0345
2.04061
2.04774
2.0517
2.04887
2.03778
2.01936
1.99615
1.97032
1.94253
1.91293
1.88255
1.85314
1.82642
1.80361
1.78624
1.77835
1.78724
1.81923
1.87227
1.93522
1.99554
2.0459
2.08466
2.11327
2.13344
2.14523
2.14684
2.13597
2.11252
2.08042
2.04632
2.01646
1.99472
1.98203
1.97702
1.97798
1.9848
1.99853
2.01873
2.0424
2.06599
2.08688
2.10263
2.11077
2.11003
2.10149
2.08844
2.07521
2.06559
2.06137
2.06132
2.06203
2.0601
2.05403
2.04418
2.03188
2.019
2.0071
1.99617
1.98411
1.96755
1.94432
1.91531
1.88492
1.85949
1.84459
1.84224
1.85061
1.86588
1.88471
1.90559
1.92781
1.94976
1.96817
1.97943
1.98225
1.97901
1.97476
1.97405
1.97842
1.98622
1.99476
2.00208
2.00699
2.0077
2.00108
1.98368
1.95435
1.91594
1.87518
1.84133
1.82471
1.83445
1.87391
1.93642
2.00731
2.07182
2.12145
2.15434
2.17222
2.17766
2.17331
2.16209
2.14691
2.12971
2.11022
2.08588
2.05403
2.01602
1.97972
1.95593
1.95056
1.96026
1.97595
1.98979
1.99933
2.00702
2.01676
2.03025
2.04569
2.05924
2.06781
2.07088
2.07023
2.06835
2.06612
2.062
2.05396
2.04179
2.02763
2.01439
2.00492
2.00269
2.0114
2.03174
2.05919
2.0862
2.10618
2.1149
2.10979
2.08958
2.05535
2.01202
1.96868
1.93654
1.92414
1.93244
1.95412
1.97875
1.99853
2.01028
2.01473
2.01583
2.01897
2.02762
2.04066
2.05354
2.06141
2.06146
2.05364
2.04007
2.02393
2.00778
1.99246
1.9779
1.96452
1.95338
1.94572
1.94229
1.94281
1.94568
1.94888
1.95135
1.95398
1.95899
1.96732
1.9769
1.98405
1.98668
1.98494
1.97939
1.97034
1.95822
1.94298
1.92345
1.89842
1.8688
1.83924
1.81735
1.81008
1.81911
1.8403
1.86795
1.89849
1.9304
1.9625
1.99271
2.01797
2.03491
2.04085
2.03466
2.01688
1.98951
1.95634
1.92444
1.90377
1.9021
1.91975
1.94977
1.98118
2.00281
2.00691
1.99196
1.96309
1.92958
1.90044
1.88231
1.8802
1.89666
1.92868
1.96749
2.00408
2.03403
2.05735
2.0757
2.09011
2.09997
2.10359
2.09934
2.08664
2.06706
2.04525
2.02748
2.01803
2.01631
2.01746
2.0161
2.00964
1.99841
1.9842
1.97
1.96094
1.9633
1.98031
2.00962
2.04489
2.07865
2.10318
2.11058
2.09421
2.05139
1.9862
1.91059
1.8412
1.79038
1.75886
1.73933
1.72475
1.71266
1.70734
1.72084
1.76519
1.83676
1.91702
1.98802
2.03955
2.06808
2.07494
2.06456
2.04242
2.01349
1.9817
1.95059
1.92415
1.90681
1.90164
1.90777
1.92054
1.93434
1.9443
1.94602
1.93637
1.91505
1.88579
1.85564
1.83006
1.80875
1.78856
1.76992
1.75844
1.76138
1.78248
1.819
1.86325
1.90613
1.93991
1.96014
1.96633
1.96109
1.94936
1.93807
1.93457
1.94388
1.96608
1.99569
2.02425
2.04475
2.0539
2.05163
2.0401
2.02303
2.00444
1.98757
1.975
1.96908
1.97099
1.97965
1.99198
2.00471
2.01633
2.02812
2.0427
2.06033
2.07723
2.08792
2.08932
2.08225
2.06961
2.05516
2.0445
2.0441
2.05612
2.07455
2.08881
2.09071
2.07789
2.05237
2.01708
1.97531
1.93282
1.89836
1.8795
1.87745
1.88683
1.90004
1.91196
1.92205
1.93328
1.94936
1.97192
1.99923
2.02725
2.05213
2.07247
2.08878
2.10009
2.10196
2.09006
2.06671
2.042
2.02455
2.0137
2.00438
1.99383
1.98268
1.97407
1.97152
1.97585
1.9833
1.98709
1.98284
1.972
1.95989
1.95291
1.95687
1.97245
1.99263
2.0084
2.01486
2.0109
1.99697
1.97585
1.95347
1.93465
1.91807
1.90058
1.88441
1.87577
1.87864
1.89322
1.91687
1.94269
1.96104
1.96588
1.95891
1.9482
1.94353
1.95114
1.97136
1.99985
2.03109
2.06048
2.08437
2.09978
2.10557
2.10378
2.10004
2.10153
2.11213
2.12815
2.14002
2.13869
2.12005
2.08542
2.03977
1.98962
1.94223
1.90575
1.88797
1.89265
1.91659
1.95141
1.98742
2.01667
2.03377
2.03593
2.02307
1.99834
1.96769
1.93856
1.91833
1.91299
1.9253
1.95215
1.98382
2.00854
2.01951
2.01764
2.00983
2.00482
2.00791
2.01811
2.02997
2.03799
2.04006
2.03765
2.03361
2.02897
2.02182
2.00941
1.99175
1.97357
1.96276
1.96576
1.98305
2.00853
2.03316
2.04923
2.05236
2.04165
2.01962
1.99214
1.96746
1.95325
1.95306
1.96454
1.98173
1.99871
2.01217
2.02156
2.02728
2.02852
2.02295
2.00839
1.98538
1.95818
1.93249
1.91188
1.89632
1.88386
1.87301
1.86356
1.85598
1.85042
1.84623
1.84238
1.83814
1.83359
1.82919
1.82518
1.82167
1.81949
1.82083
1.82907
1.84727
1.87551
1.90968
1.94344
1.97169
1.99273
2.00767
2.01836
2.02547
2.02757
2.02193
2.00661
1.98232
1.95383
1.93004
1.91894
1.9202
1.92779
1.93878
1.95438
1.97469
1.99638
2.01441
2.02486
2.02607
2.01922
2.0085
1.99983
1.99809
2.00446
2.01581
2.02711
2.03478
2.03826
2.03865
2.03675
2.03219
2.02438
2.01363
2.0012
1.98916
1.98061
1.97978
1.99106
2.01675
2.055
2.09989
2.14289
2.1754
2.19133
2.18858
2.16852
2.1347
2.09245
2.0497
2.01574
1.99594
1.98851
1.98964
1.99857
2.01654
2.04311
2.07477
2.10647
2.13421
2.15683
2.17602
2.19496
2.21662
2.24168
2.26713
2.28652
2.29264
2.28052
2.24929
2.20318
2.15243
2.11038
2.0847
2.0734
2.07125
2.07458
2.08045
2.08569
2.08799
2.08708
2.08442
2.08128
2.07711
2.07035
2.06235
2.05933
2.06672
2.083
2.10351
2.12557
2.14609
2.16
2.1627
2.15225
2.13008
2.10087
2.06974
2.03835
2.00552
1.97226
1.94413
1.92766
1.92543
1.93541
1.95389
1.97809
2.00637
2.03703
2.06739
2.0937
2.11155
2.11677
2.10727
2.0851
2.05643
2.02906
2.00858
1.99603
1.98901
1.98515
1.98469
1.98828
1.99251
1.99115
1.98195
1.97017
1.96432
1.96818
1.97708
1.98254
1.97879
1.96484
1.943
1.9169
1.89138
1.87292
1.86772
1.87759
1.89953
1.93057
1.96981
2.01204
2.04389
2.0515
2.02941
1.98152
1.91733
1.84995
1.79772
1.78144
1.80886
1.86594
1.93024
1.98506
2.02197
2.0384
2.03571
2.01859
1.99497
1.97481
1.96671
1.97392
1.99318
2.01723
2.0387
2.05237
2.05598
2.0501
2.03725
2.02042
2.00266
1.98697
1.97506
1.9651
1.95253
1.93494
1.91656
1.90673
1.91353
1.93925
1.97927
2.02323
2.05873
2.07556
2.0687
2.04105
2.00388
1.97144
1.9525
1.94748
1.95257
1.96349
1.976
1.9873
1.9977
2.00962
2.02563
2.04739
2.07431
2.10126
2.11965
2.1234
2.11349
2.09623
2.078
2.06167
2.04689
2.032
2.01574
1.99836
1.98128
1.96538
1.94961
1.93142
1.90873
1.88144
1.85186
1.82411
1.80315
1.79293
1.79382
1.80158
1.81001
1.81452
1.81366
1.80935
1.80619
1.80936
1.82189
1.8429
1.86777
1.89059
1.90661
1.91392
1.91439
1.91366
1.91814
1.93053
1.94849
1.96783
1.98599
2.00205
2.01491
2.02302
2.02587
2.02541
2.02626
2.03403
2.05266
2.08161
2.11501
2.14392
2.16022
2.15933
2.14112
2.10993
2.0736
2.04069
2.01609
1.99915
1.98813
1.98703
2.00212
2.02997
2.05705
2.07152
2.07302
2.07206
2.0778
2.08785
2.09419
2.09329
2.08737
2.08015
2.07294
2.06291
2.04415
2.01185
1.96925
1.93177
1.91736
1.92878
1.95413
1.98188
2.0077
2.03112
2.05157
2.06919
2.087
2.1097
2.14026
2.17711
2.21354
2.24055
2.25156
2.24457
2.2214
2.18609
2.14392
2.10103
2.06493
2.04439
2.04522
2.06293
2.08398
2.09634
2.09667
2.08924
2.08088
2.07587
2.07357
2.06959
2.05949
2.04161
2.01751
1.99053
1.96398
1.94025
1.92054
1.90502
1.89399
1.88941
1.89552
1.91616
1.95031
1.99095
2.0288
2.05719
2.07396
2.08025
2.07822
2.07033
2.06043
2.05417
2.05682
2.06935
2.08755
2.10477
2.11494
2.11387
2.10036
2.07621
2.04474
2.00993
1.9767
1.95013
1.93372
1.92824
1.93152
1.9393
1.94703
1.95153
1.95125
1.94571
1.93499
1.91951
1.90003
1.878
1.85724
1.84475
1.84879
1.87524
1.92446
1.98822
2.05107
2.09892
2.12516
2.12937
2.11465
2.08643
2.05198
2.01881
1.99304
1.97884
1.97784
1.98748
2.00113
2.01194
2.01698
2.01731
2.0155
2.01381
2.01429
2.01888
2.02883
2.04497
2.06854
2.09955
2.13455
2.16688
2.18882
2.194
2.17993
2.14991
2.11325
2.08171
2.06311
2.05799
2.06214
2.07057
2.07888
2.08333
2.08082
2.06898
2.04645
2.0142
1.97676
1.94136
1.91527
1.90423
1.91254
1.9404
1.97922
2.01305
2.02722
2.01529
1.98091
1.93555
1.89327
1.86448
1.85268
1.85627
1.87229
1.89833
1.93196
1.96923
2.00383
2.02835
2.03724
2.02937
2.00859
1.98189
1.95616
1.93511
1.91811
1.9016
1.88262
1.86278
1.84963
1.85311
1.87725
1.91504
1.95518
1.99222
2.02821
2.06756
2.11174
2.15775
2.20021
2.23371
2.25408
2.25849
2.24626
2.21985
2.18479
2.14757
2.11322
2.08472
2.06379
2.05142
2.0471
2.04865
2.0533
2.05917
2.06526
2.07057
2.07338
2.07183
2.06574
2.05776
2.05288
2.05564
2.06632
2.08005
2.0902
2.09305
2.08964
2.08387
2.07919
2.07702
2.07761
2.08094
2.08609
2.09037
2.09017
2.08276
2.06719
2.04405
2.01495
1.98258
1.95129
1.92694
1.91487
1.91607
1.92475
1.9323
1.93696
1.94895
1.97843
2.01554
2.03622
2.02574
1.98622
1.93102
1.87799
1.8441
1.83948
1.86268
1.90094
1.93753
1.96025
1.96545
1.9574
1.94495
1.9364
1.93552
1.94095
1.94832
1.95247
1.94914
1.93633
1.916
1.89475
1.8807
1.87745
1.88293
1.89611
1.92184
1.96482
2.02032
2.07551
2.11835
2.14227
2.14599
2.13185
2.1046
2.07065
2.03749
2.01213
1.99861
1.99632
2.00108
2.00719
2.00866
2.00063
1.98312
1.96395
1.95432
1.9592
1.97522
1.99708
2.02183
2.04821
2.07478
2.09921
2.11918
2.13399
2.14537
2.15613
2.16696
2.17448
2.17371
2.1626
2.14303
2.11835
2.09171
2.06694
2.04873
2.04036
2.04092
2.04498
2.04511
2.03516
2.01293
1.98117
1.94665
1.91793
1.90208
1.90267
1.91952
1.94889
1.98427
2.01964
2.05103
2.07439
2.085
2.08069
2.06407
2.04124
2.01853
2.00044
1.9889
1.98336
1.98234
1.98519
1.99267
2.00614
2.02637
2.05242
2.0813
2.10889
2.13112
2.14447
2.14635
2.13592
2.11509
2.08817
2.06014
2.03468
2.01339
1.99556
1.97848
1.95886
1.93544
1.91192
1.89587
1.89244
1.90067
1.91659
1.93637
1.95623
1.97224
1.98151
1.98451
1.98656
1.99609
2.01808
2.04942
2.08211
2.10936
2.12787
2.13742
2.14054
2.14173
2.14327
2.14129
2.13001
2.11023
2.08983
2.07468
2.06214
2.04614
2.02581
2.00642
1.99285
1.98479
1.9786
1.97173
1.96434
1.95825
1.95535
1.95599
1.95886
1.9627
1.96817
1.97724
1.99128
2.01
2.03171
2.05389
2.07375
2.08922
2.09927
2.1032
2.09989
2.08851
2.07004
2.04855
2.03077
2.02264
2.02429
2.02938
2.03033
2.02379
2.01145
1.99639
1.97896
1.95705
1.92932
1.89744
1.86639
1.84431
1.83971
1.85274
1.87111
1.88163
1.88121
1.87477
1.86837
1.86531
1.86587
1.86864
1.87186
1.87493
1.87988
1.89089
1.91079
1.93749
1.9642
1.9834
1.99017
1.98275
1.96182
1.93191
1.90358
1.8889
1.89053
1.90035
1.90928
1.91348
1.91346
1.91128
1.90861
1.90586
1.90217
1.89655
1.89033
1.88711
1.88847
1.89271
1.90099
1.91981
1.95161
1.98769
2.01566
2.03009
2.0344
2.03467
2.0323
2.02468
2.01502
2.01333
2.0225
2.03358
2.03664
2.02665
2.0028
1.96931
1.93534
1.90823
1.88637
1.86459
1.84447
1.83451
1.84267
1.87031
1.91222
1.96072
2.00945
2.05442
2.09276
2.12202
2.14176
2.1546
2.1645
2.17407
2.1837
2.19162
2.1941
2.18687
2.16694
2.13316
2.08583
2.02651
1.95984
1.89821
1.86061
1.85504
1.87018
1.89229
1.91607
1.94093
1.96624
1.99033
2.01188
2.03141
2.05055
2.06967
2.08657
2.09728
2.09816
2.08839
2.0719
2.05653
2.04987
2.05461
2.06721
2.08185
2.09635
2.11219
2.1284
2.13839
2.13347
2.10721
2.05755
1.98867
1.91259
1.84551
1.79963
1.78167
1.79114
1.81622
1.84322
1.86676
1.88813
1.90953
1.93085
1.94971
1.96421
1.97528
1.9869
2.00421
2.03122
2.06904
2.11463
2.16069
2.19788
2.21833
2.2185
2.20018
2.16997
2.13676
2.10697
2.08078
2.05414
2.02493
1.99672
1.97623
1.9677
1.97096
1.98367
2.00312
2.02627
2.04887
2.06597
2.07371
2.07074
2.05823
2.03925
2.01796
1.99808
1.98057
1.96242
1.93917
1.9102
1.88299
1.87014
1.87837
1.90282
1.93375
1.96402
1.99082
2.0136
2.03168
2.04353
2.04797
2.04555
2.0393
2.0344
2.03553
2.04256
2.04941
2.04884
2.03782
2.01803
1.99416
1.97272
1.96038
1.96016
1.96925
1.981
1.98889
1.98943
1.98352
1.97643
1.9752
1.9834
1.99696
2.0073
2.00847
1.99984
1.98408
1.96507
1.94745
1.93584
1.93291
1.9384
1.95003
1.96502
1.98123
1.99866
2.01942
2.04362
2.06572
2.07762
2.07517
2.06062
2.0393
2.01597
1.99499
1.98151
1.97969
1.98973
2.00669
2.02224
2.02865
2.02264
2.00745
1.99168
1.98494
1.99234
2.01254
2.04033
2.06976
2.09519
2.11145
2.11495
2.10572
2.08872
2.07155
2.05762
2.04149
2.01513
1.97829
1.94128
1.91755
1.91389
1.92823
1.95537
1.99145
2.03309
2.07471
2.10879
2.1287
2.13122
2.11693
2.08922
2.05315
2.01453
1.97915
1.95232
1.93814
1.93715
1.94555
1.95826
1.97264
1.98919
2.00858
2.02801
2.04047
2.03842
2.01936
1.98915
1.95913
1.93791
1.92599
1.92023
1.92229
1.93655
1.95922
1.98038
1.99533
2.00583
2.0141
2.01902
2.01716
2.00637
1.98821
1.96784
1.95177
1.9458
1.95278
1.97144
1.99741
2.02601
2.0537
2.07766
2.09515
2.10368
2.1017
2.08903
2.0668
2.03692
2.00213
1.96689
1.93751
1.91975
1.91545
1.92101
1.92921
1.93275
1.92807
1.91853
1.91399
1.92391
1.94886
1.98075
2.01021
2.03209
2.04573
2.05248
2.05373
2.0505
2.04387
2.036
2.03124
2.03528
2.05061
2.07193
2.08799
2.08932
2.07395
2.04689
2.01592
1.9884
1.97036
1.96575
1.97423
1.99032
2.00619
2.01626
2.01897
2.01547
2.00794
1.99903
1.99111
1.98515
1.97997
1.97263
1.9599
1.94021
1.91548
1.89117
1.87325
1.86436
1.86359
1.86938
1.88132
1.89891
1.92029
1.94245
1.96229
1.9776
1.98747
1.99239
1.99408
1.99477
1.99549
1.99559
1.99402
1.99066
1.98624
1.98199
1.9794
1.97925
1.98092
1.98328
1.986
1.98954
1.99425
1.99942
2.00359
2.00574
2.0066
2.00889
2.0162
2.0305
2.05032
2.07122
2.08768
2.09447
2.08714
2.06323
2.02493
1.98067
1.94118
1.91285
1.89677
1.89218
1.89769
1.9101
1.92476
1.93793
1.94896
1.96151
1.98203
2.01262
2.04679
2.0769
2.10117
2.12171
2.13978
2.15408
2.16198
2.16094
2.14947
2.12734
2.09605
2.05883
2.01989
1.98325
1.95246
1.93073
1.91959
1.91741
1.92014
1.92416
1.92883
1.93593
1.9473
1.96287
1.98113
2.00023
2.01801
2.03151
2.03737
2.03338
2.02011
2.00224
1.98828
1.98711
2.00277
2.03153
2.0639
2.09006
2.10491
2.10889
2.10551
2.0985
2.09069
2.0837
2.07799
2.0735
2.07047
2.06875
2.06644
2.06006
2.04694
2.02764
2.00625
1.98782
1.97507
1.9674
1.96307
1.96175
1.9653
1.97623
1.99543
2.02037
2.04513
2.06253
2.06763
2.05995
2.0434
2.02443
2.00997
2.00533
2.01208
2.02678
2.04242
2.05165
2.05003
2.03776
2.01984
2.00448
1.99863
2.00298
2.01251
2.0218
2.02856
2.03308
2.03675
2.04132
2.04874
2.06077
2.07781
2.09814
2.11794
2.13258
2.1384
2.1339
2.12034
2.10199
2.08558
2.07764
2.08065
2.09166
2.10428
2.11153
2.10786
2.09078
2.06196
2.02692
1.9931
1.96686
1.95135
1.94647
1.95015
1.95904
1.96854
1.97418
1.97439
1.97261
1.97554
1.98701
2.0034
2.01672
2.02169
2.01892
2.01389
2.01444
2.02759
2.05437
2.08582
2.10705
2.10603
2.07869
2.02881
1.96632
1.90646
1.86741
1.86336
1.89576
1.95094
2.00804
2.05015
2.07086
2.07418
2.07014
2.06881
2.07578
2.09067
2.10885
2.12457
2.13364
2.13465
2.12812
2.11485
2.09557
2.07238
2.05066
2.03773
2.03868
2.05568
2.08964
2.13813
2.19284
2.24208
2.27598
2.29
2.2848
2.26403
2.23209
2.19401
2.15684
2.12921
2.1161
2.11468
2.11825
2.12302
2.12899
2.13647
2.14389
2.14843
2.14761
2.14027
2.12693
2.1091
2.08778
2.06223
2.03061
1.99233
1.95044
1.91199
1.88552
1.8763
1.88282
1.89805
1.91418
1.92617
1.93191
1.93096
1.92373
1.91112
1.89436
1.87565
1.85941
1.85333
1.86673
1.90405
1.95827
2.01444
2.06045
2.09166
2.10793
2.10998
2.09891
2.07714
2.04908
2.02093
1.99953
1.98996
1.99336
2.00636
2.02286
2.03685
2.04502
2.047
2.04211
2.02726
1.9999
1.96217
1.92122
1.88571
1.86191
1.85169
1.85277
1.86101
1.87392
1.89271
1.92028
1.9575
2.00173
2.04788
2.08991
2.12169
2.13881
2.14065
2.13103
2.11617
2.10065
2.08462
2.066
2.04483
2.02438
2.00893
2.00179
2.00397
2.01339
2.02588
2.03719
2.04395
2.0442
2.0381
2.02831
2.01927
2.01608
2.02282
2.04082
2.06788
2.09953
2.13165
2.16204
2.18972
2.21306
2.22874
2.23265
2.22169
2.19525
2.15481
2.10196
2.03861
1.9711
1.91165
1.8728
1.86111
1.87584
1.90721
1.93899
1.95897
1.96532
1.96343
1.95958
1.9567
1.95392
1.94929
1.9424
1.9351
1.92991
1.9276
1.92633
1.92289
1.91481
1.90147
1.88507
1.87166
1.86731
1.87052
1.8723
1.86534
1.85048
1.83659
1.83612
1.85773
1.89999
1.95192
2.00012
2.03518
2.05297
2.05314
2.03889
2.01958
2.00885
2.01302
2.02445
2.0306
2.02366
2.00292
1.97504
1.95244
1.94721
1.96267
1.99165
2.02279
2.04688
2.05817
2.05343
2.03212
1.9979
1.9599
1.93163
1.92499
1.94254
1.97556
2.01038
2.03597
2.04782
2.04763
2.03993
2.02859
2.0155
2.00182
1.98975
1.98259
1.9825
1.98862
1.99806
2.00819
2.01688
2.02066
2.01484
1.99727
1.9726
1.95265
1.95105
1.97438
2.01735
2.06611
2.10558
2.12498
2.12006
2.09214
2.04615
1.98935
1.93021
1.87673
1.83475
1.80845
1.80067
1.8112
1.83642
1.8707
1.90856
1.94661
1.98329
2.01673
2.04351
2.05952
2.06184
2.05078
2.032
2.01614
2.01099
2.01366
2.02328
2.05347
2.10108
2.1367
2.14351
2.12597
2.09541
2.06433
2.04427
2.03795
2.03751
2.03494
2.02822
2.01842
2.00595
1.98993
1.96953
1.94553
1.92138
1.9054
1.90873
1.93351
1.96672
1.99188
2.00186
2.00018
1.99238
1.97684
1.94922
1.91362
1.88096
1.86043
1.86251
1.89548
1.94505
1.9862
2.00884
2.01673
2.01753
2.01848
2.02459
2.03645
2.04947
2.05659
2.05087
2.02676
1.98392
1.93331
1.89576
1.88774
1.90788
1.9422
1.97935
2.01558
2.04979
2.07944
2.10088
2.11121
2.10944
2.0971
2.07797
2.05729
2.04015
2.02971
2.02582
2.02536
2.02375
2.01708
2.00369
1.98497
1.96539
1.95134
1.94856
1.95911
1.98061
2.00851
2.03869
2.06716
2.08879
2.09765
2.08937
2.06363
2.02598
1.98745
1.9591
1.94367
1.93457
1.92375
1.90782
1.88812
1.86865
1.85454
1.85109
1.86201
1.88753
1.92416
1.96637
2.00876
2.04698
2.07793
2.09956
2.11017
2.108
2.09196
2.06244
2.02075
1.96903
1.91235
1.86131
1.82884
1.82126
1.83314
1.85361
1.87656
1.90165
1.92766
1.94889
1.95852
1.9538
1.93836
1.92022
1.90684
1.9007
1.89932
1.89943
1.90092
1.90678
1.91955
1.9383
1.95899
1.97729
1.9899
1.99402
1.98682
1.9664
1.93433
1.9005
1.88552
1.9054
1.94914
1.99004
2.01163
2.01214
1.99667
1.97238
1.94815
1.93156
1.92248
1.91423
1.90206
1.8876
1.8773
1.87862
1.89504
1.92274
1.95432
1.98482
2.01246
2.03552
2.05084
2.05487
2.04587
2.02524
1.99762
1.96983
1.94889
1.93962
1.94316
1.95718
1.97653
1.99494
2.00775
2.01353
2.01219
2.00258
1.9833
1.95456
1.91892
1.88109
1.8467
1.82082
1.80703
1.80672
1.81935
1.84385
1.87824
1.91805
1.95783
1.9933
2.02112
2.03752
2.03871
2.02389
1.99865
1.97329
1.95533
1.94618
1.94391
1.94579
1.94932
1.95247
1.95327
1.95051
1.94521
1.94073
1.94026
1.94322
1.94452
1.93859
1.92406
1.90508
1.88941
1.88464
1.89463
1.91809
1.94985
1.98287
2.01021
2.02759
2.03574
2.03898
2.03958
2.03523
2.02364
2.00741
1.99334
1.98714
1.98914
1.99448
1.99615
1.98885
1.9718
1.94913
1.92788
1.91479
1.9127
1.91896
1.92869
1.93953
1.95161
1.96464
1.97774
1.99084
2.00397
2.01562
2.02293
2.023
2.0146
2.00005
1.98553
1.97863
1.98477
2.00518
2.03581
2.06784
2.09179
2.10169
2.09676
2.08149
2.06328
2.04703
2.0318
2.01393
1.99232
1.96956
1.95009
1.93961
1.94423
1.96524
1.99471
2.01952
2.03008
2.02533
2.01184
1.99901
1.99324
1.99457
1.99889
2.00227
2.00313
2.00145
1.99739
1.99099
1.98224
1.97087
1.95609
1.93672
1.91172
1.88088
1.84574
1.81086
1.78434
1.77525
1.78822
1.82035
1.86414
1.91222
1.95854
1.99776
2.02542
2.03905
2.03912
2.02869
2.01219
1.99395
1.97783
1.9683
1.96938
1.97922
1.98837
1.98731
1.97419
1.95538
1.94062
1.9364
1.9422
1.95329
1.96684
1.98484
2.01141
2.04744
2.08802
2.12492
2.15119
2.16394
2.16423
2.15552
2.14184
2.12632
2.11053
2.09472
2.07819
2.0598
2.03883
2.01641
1.99606
1.98189
1.97515
1.97242
1.96843
1.96167
1.95673
1.96064
1.97747
2.00742
2.04752
2.09085
2.12756
2.14819
2.14628
2.11998
2.07388
2.01986
1.97274
1.94202
1.92909
1.93152
1.94691
1.97289
2.0048
2.03461
2.05363
2.05664
2.04393
2.02049
1.99347
1.96945
1.95287
1.94507
1.94435
1.94839
1.95741
1.97389
1.99998
2.03566
2.07605
2.10997
2.12534
2.11625
2.08481
2.03833
1.9848
1.931
1.88514
1.85886
1.86117
1.88879
1.92714
1.96159
1.98612
2.00333
2.01847
2.03343
2.04553
2.05105
2.04959
2.0451
2.04232
2.04262
2.04379
2.04259
2.0374
2.02994
2.02452
2.02463
2.02922
2.03379
2.03494
2.0333
2.03262
2.03701
2.04843
2.06562
2.08477
2.10106
2.10993
2.10889
2.10159
2.10039
2.11782
2.15096
2.18201
2.19535
2.18726
2.16303
2.13088
2.09756
2.06686
2.04053
2.01987
2.00567
1.99649
1.98718
1.9705
1.94174
1.90375
1.86766
1.84606
1.84367
1.85603
1.87644
1.90132
1.93069
1.96516
2.00268
2.03751
2.0622
2.071
2.06248
2.04018
2.01153
1.98493
1.96643
1.95876
1.96198
1.97313
1.98619
1.9947
1.99513
1.9882
1.97873
1.9741
1.97988
1.99669
2.0207
2.04556
2.06517
2.07532
2.07306
2.05638
2.02576
1.98534
1.9416
1.90053
1.86621
1.84098
1.82622
1.82302
1.83262
1.85566
1.89041
1.93104
1.96775
1.9901
1.99242
1.97825
1.95935
1.94709
1.94353
1.94452
1.94891
1.96037
1.98088
2.00475
2.02167
2.02502
2.01431
1.99182
1.96054
1.92542
1.89454
1.87687
1.878
1.89766
1.93062
1.96894
2.00457
2.03177
2.04759
2.05052
2.04056
2.02127
2.00052
1.98551
1.9772
1.97235
1.96843
1.96463
1.96018
1.95362
1.9438
1.93108
1.91798
1.90993
1.91481
1.93768
1.97511
2.01814
2.0593
2.09527
2.12524
2.14883
2.16357
2.16412
2.14653
2.11424
2.07805
2.04952
2.03407
2.0303
2.03527
2.04818
2.06909
2.09682
2.12944
2.16453
2.19744
2.22132
2.22985
2.22018
2.19381
2.15566
2.1121
2.06837
2.02595
1.98279
1.93868
1.90221
1.88705
1.89586
1.9175
1.94043
1.95891
1.97135
1.97991
1.99003
2.00625
2.02823
2.05223
2.07394
2.08984
2.0987
2.10278
2.10643
2.11184
2.11613
2.1142
2.10394
2.0868
2.06483
2.03929
2.00989
1.97425
1.93183
1.8895
1.85998
1.85426
1.87473
1.9134
1.95687
1.99376
2.01825
2.02902
2.02675
2.01295
1.99052
1.96541
1.94649
1.94275
1.95859
1.99121
2.03242
2.07274
2.10476
2.12385
2.12734
2.1139
2.08481
2.04599
2.00783
1.9806
1.96809
1.96546
1.96371
1.95664
1.94462
1.93379
1.93246
1.94624
1.97464
2.01102
2.04625
2.0728
2.08675
2.08739
2.0755
2.05255
2.02119
1.98632
1.95445
1.93077
1.9169
1.91241
1.9174
1.93163
1.95242
1.97531
1.99613
2.01248
2.024
2.03115
2.03417
2.03385
2.03211
2.03004
2.0263
2.01904
2.00911
2.00022
1.99611
1.99758
2.00178
2.00352
1.9974
1.97952
1.94889
1.90861
1.86708
1.83702
1.82823
1.83749
1.85178
1.86237
1.87038
1.88169
1.90005
1.92364
1.9467
1.96377
1.97221
1.97266
1.96824
1.96382
1.9651
1.97714
2.00265
2.04004
2.08319
2.12457
2.15847
2.18132
2.19033
2.18232
2.15492
2.11137
2.06437
2.02637
1.99453
1.95875
1.91971
1.89116
1.88895
1.91597
1.95789
1.99572
2.01776
2.02136
2.01024
1.99211
1.97567
1.96458
1.95376
1.93598
1.91145
1.88754
1.87154
1.86614
1.87036
1.88125
1.89445
1.90535
1.91048
1.90718
1.89291
1.86765
1.8366
1.80895
1.79237
1.78804
1.79263
1.80468
1.82613
1.85763
1.89467
1.92834
1.94968
1.95482
1.94752
1.93722
1.93448
1.94615
1.97246
2.0071
2.04033
2.06279
2.06791
2.05338
2.02246
1.98429
1.9506
1.92934
1.92082
1.92075
1.92581
1.9359
1.95207
1.97354
1.99656
2.01566
2.02608
2.02629
2.01888
2.0085
1.99854
1.98885
1.97626
1.95721
1.93051
1.89899
1.8697
1.85215
1.85468
1.88016
1.92397
1.97638
2.02675
2.06682
2.09254
2.10448
2.10682
2.10458
2.10042
2.09339
2.08015
2.05727
2.02315
1.98035
1.9379
1.90924
1.9038
1.91987
1.94817
1.97993
2.00919
2.03113
2.04216
2.04164
2.03204
2.01619
1.99428
1.96529
1.93294
1.90907
1.90689
1.92731
1.95798
1.986
2.00534
2.01483
2.01424
2.00245
1.97874
1.94564
1.91017
1.88075
1.86203
1.85546
1.86758
1.90958
1.97433
2.03459
2.0734
2.09498
2.11665
2.15377
2.20016
2.23526
2.24959
2.24801
2.23831
2.22461
2.20825
2.19071
2.17436
2.1622
2.15803
2.16518
2.18233
2.20142
2.21277
2.212
2.20157
2.18695
2.17194
2.15633
2.13703
2.11112
2.07884
2.04495
2.01718
2.00166
1.99852
2.00276
2.00947
2.0175
2.02875
2.04399
2.06066
2.07512
2.08494
2.08868
2.08481
2.07221
2.05142
2.02575
2.00083
1.98243
1.97305
1.96969
1.96514
1.95223
1.92752
1.89264
1.85451
1.82568
1.82201
1.8532
1.91317
1.98323
2.04455
2.08608
2.10532
2.10583
2.09443
2.07837
2.06328
2.05154
2.04234
2.03308
2.02094
2.00324
1.97755
1.94326
1.90453
1.87177
1.85777
1.86919
1.90155
1.94398
1.98709
2.02551
2.05606
2.07628
2.08458
2.08091
2.0671
2.04752
2.02912
2.01873
2.0181
2.02265
2.0256
2.02342
2.01831
2.01522
2.01523
2.01481
2.01183
2.0078
2.00496
2.00442
2.0065
2.01057
2.01385
2.01305
2.00808
2.00294
2.00252
2.00796
2.01572
2.02227
2.02837
2.03645
2.04545
2.05265
2.0575
2.05963
2.0556
2.04021
2.01009
1.96602
1.91317
1.86033
1.81759
1.79191
1.78381
1.78966
1.80639
1.83216
1.8635
1.89408
1.91696
1.92777
1.92726
1.92095
1.91447
1.90915
1.90321
1.89555
1.8872
1.88027
1.87675
1.87871
1.889
1.90912
1.93596
1.96297
1.98475
1.99983
2.01094
2.02325
2.04116
2.0656
2.09399
2.12237
2.14666
2.16284
2.16687
2.15553
2.12747
2.08445
2.0318
1.97739
1.92945
1.89497
1.8794
1.88644
1.91691
1.96747
2.03058
2.0954
2.15046
2.1875
2.2036
2.20113
2.18586
2.16488
2.14468
2.13137
2.13224
2.1533
2.19152
2.23241
2.25985
2.26577
2.25089
2.2203
2.17891
2.13014
2.07912
2.03542
2.0084
2.0004
2.00796
2.02691
2.0531
2.08102
2.10446
2.11856
2.12096
2.11135
2.09058
2.0598
2.0201
1.97323
1.9245
1.88508
1.86692
1.8713
1.88622
1.89743
1.89911
1.89454
1.88954
1.88638
1.88483
1.88857
1.90671
1.94479
1.99525
2.04135
2.0693
2.07516
2.06367
2.0436
2.02342
2.00835
1.99927
1.9938
1.98813
1.97815
1.96054
1.93426
1.90277
1.87685
1.87098
1.89042
1.92623
1.96499
1.9973
2.01892
2.02982
2.03257
2.03035
2.02512
2.01739
2.00738
1.99741
1.99405
2.00432
2.02589
2.04732
2.06013
2.06371
2.06086
2.05362
2.04293
2.02883
2.01001
1.98469
1.95351
1.92159
1.89762
1.8892
1.89743
1.91554
1.93339
1.9432
1.94266
1.9348
1.92547
1.91956
1.91806
1.91905
1.92185
1.92926
1.94477
1.968
1.99462
2.02054
2.04385
2.06316
2.07593
2.07997
2.0766
2.07147
2.0713
2.07864
2.09014
2.10022
2.1057
2.10753
2.10916
2.11361
2.12157
2.1318
2.14199
2.14937
2.15262
2.15407
2.15798
2.16505
2.17027
2.16651
2.14967
2.12135
2.08875
2.06228
2.04979
2.05135
2.06013
2.06765
2.06753
2.0566
2.03541
2.00788
1.97958
1.9556
1.94006
1.93637
1.94675
1.97106
2.00611
2.04605
2.0842
2.11449
2.13188
2.13323
2.11915
2.09575
2.07441
2.06677
2.07675
2.09798
2.12041
2.13684
2.14335
2.13783
2.12038
2.09479
2.06894
2.0516
2.04655
2.05052
2.05873
2.07024
2.08598
2.10438
2.12191
2.13604
2.14585
2.15036
2.1485
2.14113
2.13185
2.12444
2.11821
2.10811
2.09047
2.06741
2.04501
2.02767
2.01503
2.00411
1.99278
1.98126
1.97128
1.96533
1.96586
1.97395
1.98768
2.00252
2.01376
2.01803
2.01274
1.99632
1.97045
1.94051
1.91268
1.89169
1.88048
1.87971
1.8869
1.89753
1.90846
1.92006
1.93455
1.95318
1.97492
1.99694
2.01615
2.03079
2.0413
2.04915
2.05402
2.05212
2.0383
2.01089
1.97505
1.9411
1.91825
1.91023
1.9168
1.93597
1.96448
1.99785
2.02996
2.05273
2.05841
2.04361
2.01274
1.97678
1.94615
1.92359
1.90533
1.88805
1.87274
1.86403
1.86707
1.88416
1.91349
1.95058
1.99045
2.02883
2.06236
2.08831
2.10469
2.11055
2.1063
2.09375
2.07608
2.05725
2.04089
2.02879
2.01956
2.00914
1.99394
1.97399
1.95236
1.93108
1.90878
1.88473
1.8651
1.8613
1.87961
1.9174
1.96677
2.01553
2.0495
2.05802
2.03784
1.99438
1.94094
1.8953
1.8728
1.87963
1.91105
1.95486
1.99721
2.02875
2.04768
2.05721
2.06056
2.05771
2.04662
2.02747
2.00637
1.99364
1.99622
2.01255
2.03669
2.06404
2.09113
2.11373
2.12807
2.13471
2.14108
2.15519
2.17461
2.18857
2.18907
2.17396
2.1433
2.09716
2.03572
1.96095
1.87915
1.80253
1.74368
1.70614
1.6879
1.69337
1.72925
1.79095
1.86285
1.92925
1.98073
2.01364
2.02805
2.02634
2.01282
1.9934
1.97357
1.95434
1.93183
1.90574
1.88705
1.89009
1.91529
1.94785
1.97094
1.97575
1.96496
1.95055
1.94542
1.95395
1.97036
1.98688
2.0016
2.01681
2.03318
2.0483
2.05939
2.06595
2.07069
2.07908
2.09687
2.1257
2.16103
2.19455
2.21743
2.22278
2.20824
2.17857
2.14489
2.11789
2.0998
2.08375
2.06039
2.02448
1.97854
1.93374
1.90568
1.9039
1.9254
1.96018
1.99952
2.03777
2.07068
2.09488
2.10898
2.11384
2.11102
2.10132
2.08511
2.06278
2.03417
1.9986
1.95792
1.91974
1.89599
1.89586
1.9201
1.96211
2.01146
2.05699
2.08992
2.10572
2.1042
2.08821
2.06165
2.02805
1.99181
1.96116
1.94628
1.95044
1.96572
1.98026
1.98729
1.98859
1.99132
2.00129
2.01821
2.03671
2.05042
2.05547
2.05166
2.04141
2.02821
2.01481
2.00284
1.99468
1.99428
2.00317
2.01603
2.02137
2.00742
1.96868
1.90902
1.84014
1.77589
1.72675
1.69836
1.6916
1.70253
1.72466
1.75283
1.78524
1.82171
1.86039
1.89663
1.9255
1.94497
1.95679
1.96438
1.96991
1.97292
1.97136
1.96474
1.95619
1.95208
1.95965
1.9825
2.01569
2.0462
2.06025
2.05131
2.02448
1.99581
1.9837
1.99523
2.02239
2.05188
2.07403
2.0841
2.08132
2.06834
2.05102
2.03704
2.03285
2.04085
2.05843
2.07939
2.09648
2.10375
2.09834
2.08144
2.05769
2.03309
2.01148
1.99279
1.97607
1.96421
1.96321
1.97613
1.99861
2.01979
2.02655
2.0088
1.96543
1.90989
1.86797
1.8597
1.88304
1.92149
1.95969
1.98968
2.01075
2.02607
2.03762
2.04381
2.04233
2.03509
2.02963
2.0336
2.04739
2.06355
2.07223
2.06593
2.04159
2.00005
1.94421
1.8797
1.81829
1.77644
1.76346
1.77396
1.79606
1.82115
1.84593
1.87068
1.89602
1.91981
1.93707
1.94349
1.93798
1.92206
1.89809
1.86927
1.84088
1.82043
1.81597
1.83326
1.87303
1.92948
1.99138
2.04574
2.0822
2.09687
2.09367
2.08145
2.06798
2.05519
2.04008
2.01935
1.99221
1.96055
1.92862
1.90298
1.88986
1.8911
1.90449
1.92747
1.95725
1.9888
2.01561
2.03295
2.04026
2.04033
2.03687
2.03304
2.03134
2.03312
2.03765
2.04265
2.04686
2.05147
2.05859
2.06915
2.08223
2.0957
2.1071
2.11447
2.11681
2.11445
2.10931
2.10437
2.10176
2.10089
2.09889
2.0929
2.08111
2.06203
2.03384
1.99662
1.95605
1.92339
1.90903
1.91555
1.9381
1.96936
2.00219
2.03007
2.04717
2.04797
2.02674
1.97846
1.90368
1.81686
1.7465
1.71517
1.72166
1.75273
1.79881
1.85386
1.91048
1.95928
1.9922
2.00607
2.0034
1.99066
1.97571
1.96482
1.96056
1.96158
1.96414
1.9648
1.96263
1.95982
1.96034
1.96734
1.98084
1.99699
2.00942
2.01123
1.99702
1.96612
1.92404
1.87901
1.83737
1.80422
1.78715
1.79582
1.8348
1.89727
1.96808
2.03171
2.07746
2.10083
2.10309
2.09047
2.07266
2.06012
2.05994
2.07316
2.09506
2.11736
2.13151
2.13228
2.11894
2.09457
2.06599
2.04279
2.03143
2.02947
2.0296
2.02694
2.01985
2.00774
1.99135
1.97325
1.95645
1.94213
1.92977
1.91997
1.91607
1.92136
1.93495
1.95134
1.96388
1.96836
1.96512
1.95841
1.95383
1.95509
1.96204
1.97113
1.97792
1.97977
1.97684
1.97131
1.96614
1.96549
1.97516
1.99937
2.03583
2.07541
2.10694
2.1222
2.11862
2.10144
2.08255
2.06994
2.05942
2.04498
2.02838
2.01319
1.99963
1.98787
1.9809
1.98277
1.99524
2.01529
2.03443
2.03938
2.01671
1.97155
1.95062
1.98723
2.03794
2.0601
2.05192
2.02687
1.99771
1.9712
1.94749
1.92386
1.89873
1.87267
1.84807
1.82826
1.81601
1.81202
1.81519
1.82451
1.84079
1.86607
1.9012
1.94387
1.98928
2.03235
2.06894
2.09539
2.10793
2.10328
2.08035
2.04238
1.99839
1.96017
1.93424
1.91752
1.90211
1.88225
1.85818
1.83529
1.81899
1.81057
1.80844
1.81145
1.81973
1.83333
1.85081
1.86926
1.88502
1.89542
1.90024
1.90167
1.90324
1.90872
1.92176
1.94512
1.97851
2.01664
2.05056
2.07206
2.07726
2.06713
2.04714
2.02694
2.01632
2.01708
2.02264
2.02682
2.02804
2.0265
2.02163
2.01279
2.00181
1.99442
1.99737
2.01178
2.03049
2.04354
2.04438
2.03217
2.01131
1.98834
1.96783
1.95126
1.93888
1.93001
1.92178
1.90998
1.89269
1.87301
1.85787
1.85355
1.86179
1.88003
1.90481
1.93364
1.96275
1.98524
1.9942
1.98774
1.9708
1.95153
1.93506
1.92061
1.90451
1.88484
1.86366
1.84704
1.84225
1.85289
1.87731
1.91166
1.95263
1.99797
2.04556
2.09239
2.13416
2.16564
2.18158
2.17799
2.15405
2.11353
2.06477
2.01885
1.98615
1.97238
1.97665
1.99297
2.01391
2.03382
2.05021
