         0.5      -1.0038  0.000282858     0.259308   0.00371705     0.891961   0.00611144      90.4793     0.186979
    0.666667    -0.929736  0.000325152     0.528336   0.00153607      0.51204   0.00378673      38.5589     0.168731
    0.833333    -0.844647  0.000283896     0.486866   0.00175026       0.2555    0.0021734      15.8009    0.0779612
           1    -0.767417   0.00018154     0.440905   0.00104196     0.147286   0.00139023      8.25456    0.0333132
     1.16667    -0.698391  0.000150114     0.388871  0.000641912    0.0957977  0.000981443      5.07371    0.0149716
     1.33333    -0.637523  0.000121667     0.340098  0.000545455    0.0663094  0.000583529      3.49601   0.00725464
         1.5    -0.584391  0.000125347     0.296756  0.000412008    0.0512756  0.000628468      2.59933   0.00450793
     1.66667    -0.538454  0.000109683     0.257989  0.000311729    0.0405263  0.000608178       2.0365   0.00407812
     1.83333    -0.498008  0.000107586     0.225394  0.000239985     0.032718  0.000447565      1.65262   0.00221332
           2     -0.46306  0.000114265      0.19767  0.000213969    0.0273782  0.000346246      1.38051   0.00229144
