           1    -1.00172    -1.00172           0
           2    -1.00244    -1.00208 0.000360444
           3    -1.00368    -1.00262 0.000573906
           4    -1.00571    -1.00339  0.00087386
           5    -1.00465    -1.00364 0.000722076
           6    -1.00254    -1.00346 0.000617588
           7    -1.00403    -1.00354 0.000528315
           8    -1.00342    -1.00352 0.000457768
           9    -1.00442    -1.00362 0.000415752
          10    -1.00309    -1.00357 0.000375659
          11    -1.00311    -1.00353 0.000342349
          12    -1.00496    -1.00365 0.000334508
          13    -1.00355    -1.00364 0.000307791
          14    -1.00459    -1.00371 0.000292899
          15    -1.00437    -1.00375 0.000276205
          16    -1.00339    -1.00373 0.000259354
          17    -1.00335    -1.00371 0.000244639
          18    -1.00522    -1.00379 0.000245399
          19    -1.00636    -1.00393  0.00026865
          20    -1.00147     -1.0038 0.000282858
           1   -0.929639   -0.929639           0
           2    -0.92866   -0.929149 0.000489436
           3   -0.931003   -0.929767 0.000679409
           4   -0.930374   -0.929919 0.000503779
           5   -0.930865   -0.930108 0.000433709
           6   -0.930258   -0.930133 0.000355008
           7   -0.927927   -0.929818 0.000435174
           8   -0.931754    -0.93006  0.00044788
           9   -0.931484   -0.930218 0.000425514
          10   -0.929464   -0.930143 0.000387985
          11   -0.926667   -0.929827 0.000472247
          12   -0.929866    -0.92983 0.000431113
          13   -0.930581   -0.929888 0.000400756
          14   -0.929118   -0.929833 0.000375076
          15    -0.93158   -0.929949 0.000368095
          16   -0.929825   -0.929942 0.000344408
          17   -0.931115   -0.930011 0.000330793
          18   -0.929237   -0.929968 0.000314824
          19   -0.927317   -0.929828 0.000328847
          20   -0.927995   -0.929736 0.000325152
           1   -0.846009   -0.846009           0
           2   -0.844528   -0.845268 0.000740332
           3   -0.845812   -0.845449 0.000464225
           4   -0.842933    -0.84482 0.000709649
           5   -0.843745   -0.844605 0.000590256
           6   -0.843548   -0.844429 0.000513131
           7   -0.842983   -0.844222 0.000480354
           8   -0.845184   -0.844343 0.000433016
           9    -0.84306     -0.8442 0.000407592
          10   -0.843058   -0.844086 0.000382021
          11   -0.845491   -0.844214 0.000368389
          12   -0.846131   -0.844373 0.000372305
          13   -0.845861   -0.844488 0.000361087
          14   -0.845431   -0.844555 0.000341019
          15   -0.844024    -0.84452 0.000319438
          16   -0.846867   -0.844667 0.000332883
          17   -0.844622   -0.844664   0.0003127
          18   -0.846074   -0.844742 0.000305042
          19     -0.8443   -0.844719 0.000289476
          20    -0.84328   -0.844647 0.000283896
           1   -0.767594   -0.767594           0
           2   -0.767306    -0.76745 0.000143544
           3   -0.766226   -0.767042 0.000416361
           4   -0.766854   -0.766995 0.000298131
           5   -0.768817   -0.767359 0.000431467
           6   -0.766223    -0.76717 0.000400008
           7   -0.767669   -0.767241 0.000345491
           8   -0.768368   -0.767382 0.000330685
           9   -0.768197   -0.767473 0.000305384
          10   -0.767831   -0.767509 0.000275486
          11   -0.767872   -0.767542 0.000251369
          12   -0.766588   -0.767462 0.000242843
          13   -0.767375   -0.767455 0.000223484
          14   -0.767155   -0.767434 0.000208016
          15   -0.767442   -0.767434 0.000193653
          16   -0.766035   -0.767347 0.000201155
          17   -0.768877   -0.767437 0.000209304
          18   -0.767579   -0.767445  0.00019749
          19   -0.767632   -0.767455 0.000187068
          20    -0.76669   -0.767417  0.00018154
           1   -0.697251   -0.697251           0
           2   -0.698044   -0.697647 0.000396444
           3   -0.697529   -0.697608 0.000232237
           4   -0.699126   -0.697987 0.000413441
           5     -0.6977    -0.69793  0.00032537
           6   -0.698195   -0.697974 0.000269308
           7   -0.699307   -0.698164 0.000296816
           8   -0.698649   -0.698225  0.00026409
           9   -0.697926   -0.698192 0.000235261
          10   -0.697681   -0.698141  0.00021654
          11   -0.697519   -0.698084 0.000203856
          12   -0.699383   -0.698192 0.000215277
          13   -0.699123   -0.698264 0.000210581
          14   -0.698807   -0.698303 0.000198781
          15   -0.698658   -0.698326 0.000186566
          16   -0.699096   -0.698375 0.000181024
          17   -0.699107   -0.698418  0.00017541
          18   -0.698052   -0.698397  0.00016662
          19   -0.698513   -0.698403 0.000157724
          20   -0.698162   -0.698391 0.000150114
           1   -0.637029   -0.637029           0
           2   -0.637812   -0.637421 0.000391532
           3   -0.637034   -0.637292 0.000260195
           4    -0.63737   -0.637311 0.000185008
           5   -0.636778   -0.637205 0.000178666
           6   -0.637751   -0.637296 0.000171943
           7   -0.637695   -0.637353 0.000156108
           8   -0.637253    -0.63734 0.000135764
           9   -0.638145    -0.63743 0.000149442
          10   -0.638355   -0.637522 0.000162584
          11    -0.63807   -0.637572 0.000155261
          12   -0.636579   -0.637489 0.000164118
          13    -0.63776    -0.63751 0.000152401
          14   -0.637903   -0.637538 0.000143865
          15   -0.638359   -0.637593 0.000144678
          16   -0.637319   -0.637576 0.000136415
          17   -0.637773   -0.637587 0.000128665
          18   -0.636506   -0.637527 0.000135365
          19   -0.637397    -0.63752 0.000128225
          20   -0.637567   -0.637523 0.000121667
           1   -0.584797   -0.584797           0
           2   -0.583656   -0.584226 0.000570504
           3   -0.584076   -0.584176 0.000333167
           4   -0.584784   -0.584328 0.000280377
           5   -0.584488    -0.58436  0.00021951
           6    -0.58441   -0.584368 0.000179423
           7   -0.584065   -0.584325 0.000157717
           8   -0.583985   -0.584282 0.000143027
           9   -0.584055   -0.584257 0.000128642
          10   -0.584062   -0.584238 0.000116703
          11   -0.584086   -0.584224 0.000106457
          12    -0.58422   -0.584224 9.71817e-05
          13   -0.585037   -0.584286 0.000109107
          14   -0.584705   -0.584316 0.000105344
          15   -0.585579     -0.5844 0.000129266
          16   -0.584494   -0.584406  0.00012106
          17   -0.584049   -0.584385 0.000115641
          18   -0.585271   -0.584434 0.000119627
          19   -0.584787   -0.584453  0.00011467
          20   -0.583207   -0.584391 0.000125347
           1   -0.539746   -0.539746           0
           2   -0.538322   -0.539034 0.000711812
           3   -0.538475   -0.538848  0.00045122
           4   -0.537957   -0.538625 0.000389064
           5   -0.538111   -0.538522 0.000318413
           6   -0.538412   -0.538504 0.000260629
           7   -0.538552   -0.538511 0.000220377
           8   -0.538409   -0.538498 0.000191279
           9   -0.538471   -0.538495 0.000168718
          10   -0.538655   -0.538511 0.000151751
          11   -0.538076   -0.538471 0.000142839
          12   -0.538848   -0.538503 0.000134114
          13   -0.539059   -0.538546 0.000130569
          14   -0.537707   -0.538486 0.000134916
          15    -0.53912   -0.538528 0.000132523
          16   -0.537695   -0.538476 0.000134442
          17   -0.538651   -0.538486 0.000126704
          18   -0.538503   -0.538487 0.000119461
          19   -0.538099   -0.538467 0.000114834
          20   -0.538212   -0.538454 0.000109683
           1   -0.498766   -0.498766           0
           2   -0.498597   -0.498682  8.4472e-05
           3   -0.497986    -0.49845 0.000236859
           4   -0.497082   -0.498108 0.000380792
           5   -0.497818    -0.49805  0.00030061
           6   -0.497884   -0.498022 0.000246996
           7    -0.49746   -0.497942 0.000223688
           8   -0.497307   -0.497863 0.000209346
           9   -0.498271   -0.497908 0.000190109
          10   -0.498549   -0.497972 0.000181737
          11   -0.498114   -0.497985 0.000164891
          12   -0.497852   -0.497974 0.000150929
          13   -0.497558   -0.497942 0.000142477
          14   -0.499055   -0.498021 0.000154037
          15   -0.498215   -0.498034 0.000143982
          16    -0.49791   -0.498027 0.000134908
          17   -0.497969   -0.498023  0.00012677
          18   -0.497909   -0.498017 0.000119688
          19   -0.497904   -0.498011 0.000113368
          20   -0.497955   -0.498008 0.000107586
           1   -0.463587   -0.463587           0
           2   -0.462404   -0.462996 0.000591724
           3   -0.462059   -0.462684 0.000462694
           4   -0.462105   -0.462539  0.00035767
           5   -0.463082   -0.462648 0.000297546
           6   -0.463815   -0.462842 0.000311244
           7   -0.463239   -0.462899   0.0002691
           8   -0.463104   -0.462925 0.000234457
           9   -0.463433   -0.462981 0.000214365
          10   -0.463115   -0.462994 0.000192198
          11   -0.462636   -0.462962 0.000176881
          12   -0.463397   -0.462998 0.000165494
          13   -0.462743   -0.462978 0.000153495
          14   -0.463688   -0.463029 0.000150875
          15   -0.462967   -0.463025 0.000140519
          16   -0.463596   -0.463061 0.000136202
          17   -0.462696   -0.463039 0.000129726
          18   -0.463569   -0.463069 0.000125803
          19   -0.463208   -0.463076 0.000119223
          20   -0.462751    -0.46306 0.000114265
