           1    0.872318    0.872318           0
           2    0.887403    0.879861   0.0075422
           3    0.907728     0.88915    0.010259
           4    0.916266    0.895929   0.0099288
           5    0.911835     0.89911  0.00832281
           6     0.88034    0.895982  0.00748102
           7    0.893876    0.895681  0.00632976
           8    0.899431     0.89615  0.00550174
           9    0.884966    0.894907  0.00500868
          10    0.884511    0.893868  0.00459895
          11    0.887023    0.893245  0.00420619
          12     0.92077    0.895539  0.00447264
          13    0.883399    0.894605  0.00421889
          14    0.889773     0.89426  0.00392115
          15    0.903045    0.894846  0.00369707
          16    0.857534    0.892514   0.0041711
          17    0.899865    0.892946  0.00394185
          18      0.9134    0.894082  0.00388625
          19    0.939054    0.896449  0.00437214
          20    0.806682    0.891961  0.00611144
           1     0.51953     0.51953           0
           2    0.507066    0.513298   0.0062318
           3    0.511097    0.512564    0.003672
           4    0.505159    0.510713   0.0031889
           5    0.542294    0.517029  0.00678193
           6    0.514997     0.51669  0.00554777
           7    0.506169    0.515187  0.00492376
           8    0.534491      0.5176  0.00489947
           9    0.525402    0.518467  0.00440701
          10    0.503491     0.51697  0.00421666
          11    0.475654    0.513214  0.00535298
          12    0.512057    0.513117  0.00488753
          13    0.518223     0.51351  0.00451299
          14    0.503036    0.512762  0.00424468
          15    0.544844    0.514901  0.00449329
          16    0.520582    0.515256  0.00421806
          17    0.507609    0.514806  0.00398763
          18     0.49399     0.51365  0.00393342
          19    0.486414    0.512216  0.00398723
          20    0.508686     0.51204  0.00378673
           1    0.261387    0.261387           0
           2    0.263874     0.26263   0.0012434
           3     0.25322    0.259493  0.00321796
           4    0.251834    0.257578  0.00297399
           5    0.237689    0.253601  0.00459674
           6    0.262726    0.255121  0.00404964
           7    0.262513    0.256177  0.00358175
           8     0.25968    0.256615  0.00313264
           9    0.249702    0.255847  0.00286753
          10    0.236122    0.253874   0.0032356
          11    0.252888    0.253785  0.00292808
          12    0.263332     0.25458  0.00278885
          13    0.259699    0.254974  0.00259541
          14    0.271018     0.25612  0.00266218
          15    0.257775     0.25623  0.00248081
          16    0.265603    0.256816  0.00239338
          17    0.241844    0.255935  0.00241454
          18    0.259565    0.256137  0.00228536
          19    0.257623    0.256215  0.00216315
          20    0.241899      0.2555   0.0021734
           1    0.150958    0.150958           0
           2    0.157883     0.15442   0.0034628
           3    0.140936    0.149926  0.00491937
           4    0.135669    0.146362  0.00498025
           5    0.150948    0.147279  0.00396523
           6    0.145575    0.146995  0.00325003
           7    0.141032    0.146143  0.00287581
           8    0.148309    0.146414   0.0025052
           9    0.152592      0.1471  0.00231355
          10    0.147318    0.147122  0.00206942
          11    0.154042    0.147751  0.00197476
          12    0.137549    0.146901  0.00199313
          13    0.149057    0.147067  0.00184089
          14    0.143503    0.146812  0.00172324
          15    0.150348    0.147048  0.00162147
          16    0.146274       0.147  0.00151752
          17    0.155154    0.147479    0.001504
          18    0.151693    0.147713  0.00143718
          19    0.149342    0.147799  0.00136213
          20    0.137545    0.147286  0.00139023
           1    0.100573    0.100573           0
           2   0.0901772    0.095375   0.0051978
           3   0.0892592   0.0933364  0.00362789
           4   0.0986756   0.0946712   0.0028918
           5   0.0934676   0.0944305  0.00225287
           6   0.0968932   0.0948409   0.0018847
           7    0.101013   0.0957227  0.00182063
           8   0.0985684   0.0960784  0.00161634
           9    0.088066   0.0951881  0.00168064
          10   0.0968764    0.095357  0.00151266
          11    0.095114   0.0953349  0.00136843
          12    0.096864   0.0954623  0.00125569
          13   0.0978144   0.0956432  0.00116915
          14   0.0941108   0.0955338  0.00108794
          15    0.101352   0.0959217  0.00108456
          16    0.101046    0.096242  0.00106387
          17   0.0918084   0.0959812  0.00103281
          18   0.0878436   0.0955291  0.00107357
          19   0.0977884    0.095648  0.00102243
          20   0.0986412   0.0957977 0.000981443
           1   0.0597776   0.0597776           0
           2   0.0672108   0.0634942   0.0037166
           3   0.0642668   0.0637517  0.00216118
           4    0.065796   0.0642628  0.00161138
           5    0.066088   0.0646278  0.00130045
           6    0.067252   0.0650652  0.00114836
           7   0.0631788   0.0647957  0.00100726
           8    0.066816   0.0650483 0.000908133
           9   0.0662096   0.0651773 0.000811227
          10   0.0653196   0.0651915 0.000725723
          11   0.0675692   0.0654077 0.000691113
          12   0.0704716   0.0658297 0.000759019
          13   0.0652576   0.0657857 0.000699581
          14   0.0686868   0.0659929 0.000680029
          15    0.070628   0.0663019 0.000704462
          16   0.0650968   0.0662266 0.000663254
          17    0.066586   0.0662477 0.000623377
          18   0.0705448   0.0664864  0.00063436
          19   0.0652676   0.0664223 0.000603464
          20   0.0641636   0.0663094 0.000583529
           1   0.0515884   0.0515884           0
           2    0.048618   0.0501032   0.0014852
           3     0.04843   0.0495455  0.00102291
           4   0.0540036     0.05066  0.00132867
           5   0.0568552    0.051899  0.00161072
           6    0.052816   0.0520519    0.001324
           7   0.0519564   0.0520382  0.00111907
           8   0.0479896   0.0515322  0.00109332
           9    0.046236   0.0509437   0.0011296
          10    0.049784   0.0508277  0.00101698
          11   0.0563096   0.0513261  0.00104621
          12   0.0493268   0.0511595  0.00096948
          13   0.0507196   0.0511256 0.000892434
          14   0.0515524   0.0511561 0.000826795
          15   0.0494828   0.0510446 0.000777746
          16   0.0556624   0.0513332 0.000782673
          17   0.0513248   0.0513327 0.000735193
          18   0.0521236   0.0513766 0.000694538
          19   0.0497992   0.0512936 0.000662192
          20    0.050934   0.0512756 0.000628468
           1   0.0460536   0.0460536           0
           2   0.0440324    0.045043   0.0010106
           3    0.038398    0.042828  0.00229056
           4   0.0394588   0.0419857   0.0018256
           5   0.0354004   0.0406686  0.00193244
           6   0.0406148   0.0406597  0.00157786
           7   0.0418208   0.0408255  0.00134381
           8   0.0394712   0.0406562  0.00117602
           9   0.0427548   0.0408894  0.00106304
          10    0.041104   0.0409109 0.000951055
          11   0.0385756   0.0406986 0.000886071
          12   0.0403156   0.0406667 0.000809498
          13   0.0404224   0.0406479 0.000744866
          14    0.038424    0.040489 0.000707671
          15   0.0381908   0.0403358 0.000676387
          16   0.0405708   0.0403505 0.000632873
          17   0.0407276   0.0403727 0.000594894
          18   0.0463008    0.040702 0.000650417
          19   0.0406108   0.0406972 0.000615251
          20   0.0372796   0.0405263 0.000608178
           1   0.0327072   0.0327072           0
           2     0.03334   0.0330236   0.0003164
           3    0.031156   0.0324011 0.000648781
           4    0.029938   0.0317853 0.000767872
           5   0.0348936    0.032407 0.000860371
           6   0.0353704   0.0329009 0.000858741
           7   0.0320232   0.0327755 0.000736519
           8   0.0317908   0.0326524 0.000649612
           9   0.0316456   0.0325405 0.000583723
          10   0.0342292   0.0327094 0.000548728
          11   0.0356408   0.0329759 0.000563359
          12   0.0298508   0.0327155 0.000576454
          13    0.033006   0.0327378 0.000530731
          14    0.031374   0.0326404 0.000500925
          15   0.0368068   0.0329182 0.000542789
          16   0.0293204   0.0326933 0.000555296
          17   0.0333272   0.0327306 0.000522941
          18   0.0331716   0.0327551 0.000493642
          19   0.0315764   0.0326931 0.000471042
          20    0.033192    0.032718 0.000447565
           1   0.0286068   0.0286068           0
           2   0.0285144   0.0285606    4.62e-05
           3   0.0264536   0.0278583  0.00070284
           4   0.0245548   0.0270324 0.000963871
           5   0.0281628   0.0272585  0.00078009
           6    0.027304   0.0272661 0.000636986
           7   0.0269272   0.0272177 0.000540524
           8   0.0297712   0.0275369 0.000566576
           9    0.030994    0.027921  0.00063026
          10   0.0267292   0.0278018 0.000576182
          11   0.0257096   0.0276116 0.000554798
          12   0.0267772   0.0275421  0.00051121
          13   0.0259748   0.0274215 0.000485453
          14   0.0270392   0.0273942 0.000450271
          15   0.0290456   0.0275043 0.000433396
          16   0.0285572   0.0275701 0.000410711
          17   0.0258736   0.0274703 0.000398493
          18    0.027664   0.0274811 0.000375857
          19   0.0269116   0.0274511 0.000356787
          20   0.0259924   0.0273782 0.000346246
