           1     89.1258     89.1258           0
           2     89.3354     89.2306    0.104815
           3      90.259     89.5734    0.348108
           4     91.6279      90.087    0.569551
           5     90.9679     90.2632     0.47505
           6     89.3909     90.1178    0.414231
           7     90.3232     90.1472    0.351317
           8     90.0861     90.1395    0.304345
           9     91.2431     90.2622     0.29509
          10      89.818     90.2177    0.267647
          11     89.9713     90.1953     0.24313
          12     91.1308     90.2733    0.235239
          13     89.9856     90.2512    0.217517
          14     91.2109     90.3197     0.21273
          15     91.0419     90.3678    0.203808
          16     90.8319     90.3968    0.192839
          17     89.9265     90.3692    0.183241
          18     91.4603     90.4298    0.183087
          19     92.0622     90.5157    0.193324
          20     89.7878     90.4793    0.186979
           1     38.9288     38.9288           0
           2     37.8866     38.4077    0.521098
           3     38.5993     38.4716    0.307561
           4     38.9024     38.5793    0.242692
           5     39.2776      38.719    0.234183
           6     38.8515      38.741    0.192481
           7     37.6772     38.5891    0.222617
           8     39.2609      38.673    0.210288
           9     39.5739     38.7731    0.210743
          10     38.9931     38.7951    0.189774
          11     36.9802     38.6301    0.238095
          12     38.2124     38.5953    0.220121
          13     39.0894     38.6333    0.206017
          14     37.9209     38.5824    0.197407
          15     39.2842     38.6292    0.189637
          16     39.0826     38.6576    0.179638
          17     39.2651     38.6933    0.172484
          18     38.3841     38.6761    0.163524
          19      37.218     38.5994    0.172669
          20     37.7901     38.5589    0.168731
           1     15.7066     15.7066           0
           2     15.9057     15.8061   0.0995736
           3     15.9935     15.8686   0.0848758
           4     15.3939     15.7499    0.132976
           5     15.5111     15.7021     0.11354
           6     15.6773      15.698   0.0927975
           7     15.4797     15.6668   0.0844016
           8     15.8389     15.6883   0.0761935
           9     15.7149     15.6913   0.0672612
          10     14.7995     15.6021    0.107575
          11     16.1986     15.6563    0.111396
          12     16.1896     15.7008    0.110975
          13      16.128     15.7336    0.107241
          14     16.1409     15.7627    0.103459
          15     16.1132     15.7861   0.0991087
          16     16.1784     15.8106   0.0958948
          17     15.7107     15.8047   0.0902689
          18     15.9302     15.8117   0.0853914
          19     15.8737      15.815    0.080838
          20     15.5345     15.8009   0.0779612
           1     8.26918     8.26918           0
           2     8.38432     8.32675   0.0575712
           3     8.14798     8.26716   0.0682327
           4     8.14071     8.23555   0.0576812
           5     8.51866     8.29217   0.0721267
           6     8.07548     8.25606   0.0690826
           7     8.16041     8.24239    0.059963
           8     8.24548     8.24278   0.0519309
           9     8.40536     8.26084   0.0492328
          10     8.33998     8.26876   0.0447406
          11     8.48336     8.28827   0.0449267
          12     7.99416     8.26376   0.0477775
          13     8.40626     8.27472   0.0452954
          14     8.26263     8.27386   0.0419443
          15     8.31595     8.27666   0.0391487
          16     8.03472     8.26154   0.0396195
          17     8.29559     8.26354   0.0372699
          18     8.24889     8.26273   0.0351478
          19     8.30696     8.26506   0.0333279
          20      8.0552     8.25456   0.0333132
           1     5.04544     5.04544           0
           2     5.04974     5.04759  0.00214869
           3     4.96554     5.02024   0.0273779
           4     5.16777     5.05712   0.0416558
           5     5.15585     5.07687   0.0378294
           6     5.06259     5.07449   0.0309791
           7     5.21067     5.09394   0.0326187
           8     5.08967     5.09341   0.0282537
           9      5.0046     5.08354   0.0268002
          10     5.02044     5.07723   0.0247874
          11      4.9996     5.07017   0.0235055
          12     5.10641     5.07319    0.021669
          13     5.08796     5.07433   0.0199649
          14     5.02219      5.0706   0.0188553
          15     4.99253      5.0654   0.0183088
          16     5.18031     5.07258   0.0185712
          17     5.03899     5.07061   0.0175562
          18     5.08152     5.07121   0.0165632
          19     5.10344     5.07291   0.0157588
          20     5.08896     5.07371   0.0149716
           1     3.47082     3.47082           0
           2     3.52397      3.4974   0.0265773
           3     3.40462     3.46647   0.0345228
           4     3.48756     3.47174   0.0249739
           5     3.48333     3.47406   0.0194831
           6      3.5057     3.47933   0.0167592
           7     3.49273     3.48125   0.0142928
           8     3.48646      3.4819   0.0123951
           9     3.51065     3.48509   0.0113886
          10     3.45993     3.48258   0.0104925
          11     3.49389     3.48361  0.00954633
          12     3.51545     3.48626  0.00910975
          13     3.50351     3.48759  0.00848417
          14     3.54322     3.49156  0.00880267
          15     3.52898     3.49406  0.00856609
          16     3.52055     3.49571  0.00818213
          17     3.45078     3.49307  0.00812755
          18     3.52652     3.49493   0.0078849
          19     3.52532     3.49653  0.00762795
          20     3.48627     3.49601  0.00725464
           1     2.62959     2.62959           0
           2     2.57551     2.60255   0.0270405
           3     2.60788     2.60433   0.0157125
           4     2.60724     2.60506   0.0111343
           5     2.58569     2.60118  0.00945391
           6     2.62345     2.60489   0.0085649
           7     2.59184     2.60303  0.00747517
           8      2.6024     2.60295  0.00647416
           9     2.58253     2.60068  0.00614389
          10     2.55705     2.59632  0.00701662
          11      2.6156     2.59807  0.00658434
          12     2.57119     2.59583  0.00641466
          13     2.61019     2.59694   0.0060031
          14     2.60244     2.59733  0.00557166
          15     2.61185      2.5983   0.0052765
          16      2.6084     2.59893  0.00497598
          17     2.60961     2.59956  0.00471617
          18     2.62675     2.60107  0.00469605
          19     2.59846     2.60093  0.00444414
          20     2.56902     2.59933  0.00450793
           1     2.06068     2.06068           0
           2     2.06288     2.06178  0.00109848
           3     2.03056     2.05137   0.0104266
           4     2.03132     2.04636  0.00891532
           5      2.0025     2.03759   0.0111647
           6      2.0632     2.04186   0.0100659
           7     2.03935      2.0415  0.00851481
           8     2.04801     2.04231  0.00741884
           9     2.01944     2.03977  0.00701889
          10     2.01728     2.03752  0.00666857
          11     2.02679     2.03655  0.00611033
          12     2.05668     2.03823  0.00582485
          13     2.04468     2.03872  0.00538103
          14     2.02548     2.03778  0.00507087
          15     2.04152     2.03803  0.00472731
          16     2.00636     2.03605  0.00484456
          17     2.03928     2.03624  0.00455464
          18     2.04676     2.03682  0.00433375
          19     2.05028     2.03753  0.00416011
          20     2.01698      2.0365  0.00407812
           1     1.64064     1.64064           0
           2     1.66461     1.65262   0.0119843
           3     1.66329     1.65618  0.00777946
           4     1.64276     1.65282  0.00644274
           5     1.65107     1.65247  0.00500286
           6     1.65066     1.65217  0.00409598
           7      1.6469     1.65142  0.00354261
           8     1.63281     1.64909  0.00384975
           9     1.64696     1.64886  0.00340343
          10     1.66918     1.65089  0.00366005
          11     1.65271     1.65105  0.00331476
          12     1.65399      1.6513  0.00303583
          13     1.66019     1.65198  0.00287509
          14     1.63997     1.65112  0.00279667
          15     1.65209     1.65119  0.00260434
          16     1.66091      1.6518  0.00251084
          17     1.65274     1.65185  0.00235917
          18     1.65157     1.65184  0.00222431
          19     1.64881     1.65168  0.00210999
          20     1.67056     1.65262  0.00221332
           1     1.38004     1.38004           0
           2     1.39494     1.38749   0.0074502
           3     1.37025     1.38174  0.00717757
           4     1.37758      1.3807  0.00518066
           5     1.38807     1.38217  0.00427482
           6     1.38197     1.38214  0.00349054
           7     1.39958     1.38463  0.00386161
           8     1.38994      1.3853  0.00340955
           9     1.37714     1.38439  0.00314063
          10     1.36544      1.3825  0.00338831
          11     1.38772     1.38297  0.00310137
          12     1.38478     1.38312  0.00283516
          13     1.37581     1.38256  0.00266798
          14     1.39685     1.38358  0.00267265
          15     1.37503     1.38301  0.00255257
          16     1.38079     1.38287  0.00239172
          17     1.36448     1.38179  0.00249342
          18      1.3815     1.38177  0.00235087
          19     1.36633     1.38096   0.0023675
          20     1.37188     1.38051  0.00229144
