           1    0.289326    0.289326           0
           2     0.28086    0.285093  0.00423299
           3    0.262585    0.277591  0.00789075
           4    0.234899    0.266918   0.0120433
           5    0.245716    0.262677   0.0102472
           6     0.27824    0.265271  0.00875965
           7    0.253833    0.263637  0.00758145
           8     0.26474    0.263775  0.00656718
           9    0.249658    0.262206  0.00600036
          10    0.267935    0.262779  0.00539738
          11    0.268677    0.263315  0.00491146
          12    0.239579    0.261337  0.00490048
          13    0.266905    0.261766  0.00452808
          14    0.250913     0.26099  0.00426326
          15    0.251243    0.260341  0.00402173
          16    0.257523    0.260164   0.0037661
          17     0.26735    0.260587   0.0035628
          18    0.243386    0.259632  0.00349232
          19    0.229012     0.25802  0.00367554
          20    0.283771    0.259308  0.00371705
           1    0.536169    0.536169           0
           2    0.526773    0.531471  0.00469807
           3    0.519682    0.527541  0.00477475
           4    0.521467    0.526023  0.00370209
           5    0.538649    0.528548  0.00382099
           6    0.526359    0.528183  0.00314108
           7    0.526219    0.527903  0.00266948
           8    0.519587    0.526863  0.00253479
           9    0.522601    0.526389  0.00228508
          10     0.53867    0.527617  0.00238438
          11    0.516428      0.5266  0.00238461
          12    0.531736    0.527028  0.00221851
          13    0.532572    0.527455  0.00208482
          14    0.530949    0.527704  0.00194624
          15    0.525514    0.527558  0.00181772
          16    0.537176    0.528159  0.00180345
          17    0.524028    0.527916  0.00171139
          18    0.536433     0.52839  0.00168146
          19    0.523924    0.528154  0.00160777
          20    0.531791    0.528336  0.00153607
           1    0.479195    0.479195           0
           2    0.491468    0.485331  0.00613686
           3    0.476774    0.482479  0.00454863
           4    0.494795    0.485558  0.00445259
           5    0.474678    0.483382  0.00407806
           6    0.485037    0.483658  0.00334113
           7    0.491356    0.484758  0.00303035
           8    0.476984    0.483786  0.00279847
           9    0.486634    0.484102  0.00248823
          10    0.469581     0.48265  0.00265738
          11    0.492746    0.483568  0.00257295
          12    0.491994     0.48427  0.00245149
          13    0.493803    0.485004  0.00237128
          14    0.492899    0.485567  0.00226666
          15    0.497847    0.486386  0.00226338
          16    0.492491    0.486768  0.00215131
          17      0.4871    0.486787   0.0020209
          18    0.482536    0.486551   0.0019199
          19    0.492727    0.486876  0.00184491
          20    0.486678    0.486866  0.00175026
           1    0.436873    0.436873           0
           2    0.445558    0.441216  0.00434277
           3    0.438434    0.440289   0.0026732
           4    0.436735      0.4394  0.00208862
           5     0.44905     0.44133  0.00251833
           6    0.439413    0.441011  0.00208088
           7    0.437178    0.440463  0.00184193
           8    0.438631    0.440234  0.00161151
           9    0.442513    0.440487  0.00144359
          10    0.443875    0.440826  0.00133488
          11    0.447389    0.441423  0.00134682
          12    0.433631    0.440773  0.00139039
          13     0.45053    0.441524  0.00148291
          14    0.444911    0.441766  0.00139406
          15    0.434576    0.441286  0.00138349
          16    0.439954    0.441203  0.00129681
          17    0.438829    0.441064  0.00122612
          18    0.439895    0.440999  0.00115782
          19    0.440689    0.440982  0.00109531
          20     0.43944    0.440905  0.00104196
           1    0.386434    0.386434           0
           2    0.385771    0.386103 0.000331528
           3    0.386021    0.386075 0.000193323
           4    0.390158    0.387096  0.00102978
           5    0.386028    0.386883 0.000825765
           6    0.393776    0.388032  0.00133219
           7    0.394729    0.388988  0.00147751
           8    0.392593    0.389439  0.00135656
           9    0.386729    0.389138  0.00123367
          10    0.391163     0.38934  0.00112187
          11    0.386964    0.389124  0.00103752
          12    0.384878     0.38877  0.00101106
          13    0.386941     0.38863 0.000940626
          14    0.389588    0.388698 0.000873539
          15    0.387154    0.388595 0.000819709
          16    0.391028    0.388747 0.000781698
          17    0.390192    0.388832 0.000739177
          18    0.389542    0.388872 0.000698017
          19    0.386935     0.38877 0.000668083
          20    0.390804    0.388871 0.000641912
           1    0.338698    0.338698           0
           2    0.339063     0.33888 0.000182922
           3    0.340861    0.339541 0.000668737
           4    0.338712    0.339334 0.000516225
           5    0.338857    0.339238 0.000411065
           6    0.341587     0.33963 0.000515569
           7    0.341289    0.339867 0.000496005
           8    0.336026    0.339387 0.000644186
           9    0.341686    0.339642 0.000622909
          10    0.344638    0.340142 0.000748358
          11    0.338427    0.339986 0.000694637
          12    0.338849    0.339891  0.00064115
          13    0.338763    0.339804 0.000596122
          14    0.342806    0.340019 0.000592073
          15    0.339978    0.340016 0.000551197
          16    0.339363    0.339975 0.000517211
          17    0.337416    0.339825 0.000508615
          18    0.337341    0.339687 0.000498987
          19    0.345586    0.339997 0.000564971
          20    0.342022    0.340098 0.000545455
           1    0.299202    0.299202           0
           2    0.294666    0.296934  0.00226786
           3    0.296254    0.296707   0.0013288
           4    0.296647    0.296692 0.000939728
           5    0.298675    0.297089 0.000828979
           6    0.295693    0.296856 0.000715727
           7    0.298101    0.297034 0.000630492
           8    0.295853    0.296886 0.000565632
           9     0.29713    0.296913 0.000499575
          10     0.29611    0.296833 0.000453994
          11    0.296362     0.29679  0.00041288
          12    0.292364    0.296421 0.000527367
          13    0.296579    0.296433 0.000485258
          14    0.299596    0.296659 0.000502855
          15    0.295845    0.296605 0.000471269
          16    0.297037    0.296632 0.000441657
          17    0.293899    0.296471 0.000444922
          18    0.299248    0.296626 0.000446948
          19    0.298322    0.296715 0.000432097
          20    0.297543    0.296756 0.000412008
           1    0.259191    0.259191           0
           2    0.258181    0.258686 0.000504778
           3    0.256551    0.257974 0.000769101
           4     0.25808    0.258001 0.000544477
           5    0.258047     0.25801  0.00042185
           6    0.259007    0.258176 0.000382432
           7    0.258975     0.25829 0.000342757
           8    0.256523    0.258069 0.000369998
           9    0.256547      0.2579 0.000367516
          10    0.260499     0.25816 0.000419023
          11    0.254444    0.257822   0.0005077
          12    0.258967    0.257918 0.000473178
          13    0.258007    0.257925 0.000435315
          14    0.256989    0.257858 0.000408524
          15     0.25919    0.257946 0.000390546
          16    0.259871    0.258067 0.000384621
          17     0.25769    0.258045 0.000361968
          18    0.257225    0.257999 0.000344291
          19    0.257334    0.257964  0.00032754
          20    0.258463    0.257989 0.000311729
           1    0.225895    0.225895           0
           2    0.225961    0.225928 3.26571e-05
           3    0.226588    0.226148 0.000220788
           4    0.227189    0.226408 0.000303532
           5    0.224925    0.226112 0.000378496
           6    0.224799    0.225893 0.000378634
           7    0.225327    0.225812 0.000330039
           8    0.225643    0.225791 0.000286607
           9    0.225975    0.225811 0.000253593
          10    0.223532    0.225583 0.000321544
          11    0.224836    0.225515 0.000298676
          12    0.224534    0.225434 0.000284649
          13    0.224757    0.225382 0.000266961
          14    0.222853    0.225201 0.000306116
          15    0.225981    0.225253 0.000289683
          16    0.225801    0.225287 0.000273129
          17    0.225516    0.225301 0.000256913
          18    0.227175    0.225405 0.000263645
          19    0.224753    0.225371 0.000251731
          20    0.225844    0.225394 0.000239985
           1    0.198762    0.198762           0
           2    0.198371    0.198567  0.00019563
           3    0.197587     0.19824 0.000345614
           4    0.197406    0.198031 0.000321214
           5    0.197387    0.197902 0.000280246
           6    0.196186    0.197616 0.000366349
           7    0.198557    0.197751 0.000337542
           8    0.198612    0.197858 0.000311529
           9    0.199499    0.198041 0.000329733
          10    0.198304    0.198067 0.000296098
          11    0.195182    0.197805 0.000374878
          12    0.197263     0.19776 0.000345176
          13    0.197411    0.197733 0.000318644
          14    0.197284    0.197701 0.000296742
          15    0.198169    0.197732 0.000278008
          16    0.196759    0.197671 0.000267069
          17    0.197572    0.197665 0.000250936
          18    0.197552    0.197659 0.000236669
          19     0.19811    0.197683 0.000225122
          20    0.197422     0.19767 0.000213969
