-0.467947   -0.290451   -0.270015
0.495433   -0.232443   -0.455707
0.463213   0.380948   0.478432
-0.434495   -0.217848   -0.0766457
-0.204635   -0.0914929   -0.444777
-0.0741442   -0.314895   -0.278284
-0.137251   0.417663   0.014147
-0.225161   -0.220115   -0.150496
0.110119   -0.162363   0.329311
0.365215   -0.339671   0.418583
0.144507   -0.379733   -0.308198
-0.163031   -0.463755   -0.216756
-0.298419   -0.452518   0.0547377
-0.473966   -0.342298   0.278317
0.329459   -0.14341   -0.4812
-0.417888   0.196238   -0.440827
-0.348137   -0.407174   -0.163892
0.135348   -0.0767718   0.117599
-0.0675713   -0.0673901   -0.271796
0.0451236   0.0341696   -0.447865
0.251168   0.0565311   -0.38631
0.10487   0.28802   -0.451411
0.185411   -0.171436   -0.34272
0.421127   -0.102732   -0.27714
-0.181853   0.320018   0.424127
0.365194   0.255234   0.262825
-0.000960126   -0.397746   -0.494581
-0.0139425   -0.190956   -0.410471
0.0286337   0.140598   0.400643
-0.142475   -0.378355   -0.03604
0.499339   -0.451399   -0.383631
-0.241088   0.0822541   -0.295325
-0.0118997   0.198672   -0.220041
-0.28138   -0.271936   -0.34409
0.173447   0.290513   0.337905
-0.390753   -0.0886677   0.449182
-0.468936   0.383504   -0.273934
-0.29247   0.245805   0.0554738
0.338021   -0.305103   -0.359817
0.456327   -0.453179   -0.185394
-0.120824   0.194379   -0.0226032
-0.0485291   -0.146622   0.194042
0.371028   -0.204888   0.0976804
-0.121161   -0.238378   0.397887
0.0436393   -0.425537   -0.140671
0.284368   0.454564   -0.266497
0.300943   -0.38132   0.166675
0.32034   0.0855235   -0.195653
0.246801   -0.445446   -0.0440483
-0.0802689   -0.361855   0.161638
-0.0502024   -0.152402   -0.0175926
-0.274131   -0.147951   0.0318511
0.392333   -0.284146   -0.111606
0.166009   0.225152   -0.288636
-0.0223564   0.361345   0.198584
0.135493   -0.0032488   -0.23223
0.0653197   -0.487979   0.0852029
0.455394   0.0327184   -0.449735
0.0825088   0.139596   -0.0325717
0.322356   -0.0759687   -0.0801333
0.324286   0.167004   0.466382
-0.387349   0.29231   0.379664
-0.371985   0.410675   -0.0877669
-0.206296   0.291971   -0.205229
-0.398139   -0.0420811   -0.23404
-0.0677432   0.40298   -0.344366
0.144889   0.297565   0.101826
-0.220604   0.368387   0.238522
0.367532   0.261107   -0.352414
0.00434316   0.374678   -0.132823
0.218507   0.285534   -0.096154
-0.36134   0.213331   -0.233993
-0.485499   0.121846   0.358107
-0.116688   -0.4785   0.329164
0.304261   -0.202894   0.293036
-0.363175   -0.499436   0.362113
-0.338361   -0.300943   0.452685
-0.258118   -0.0395479   0.295803
0.18709   -0.292022   0.481133
-0.049428   -0.0412821   0.390168
0.327741   0.0760076   0.066424
-0.418918   0.337198   0.164487
0.226891   -0.480645   0.355313
0.3576   0.286159   0.073334
0.496106   -0.0544435   0.0379624
-0.269549   -0.253247   0.227742
-0.451789   -0.304471   0.0943083
-0.00575116   0.425751   0.449533
-0.0194728   0.128689   0.184
0.17286   0.115857   0.225307
-0.230349   0.158604   0.254036
0.191717   0.0195861   0.409777
0.137878   -0.196241   -0.151787
-0.340893   0.0861021   -0.0366468
0.133059   -0.29464   0.0717487
0.484496   -0.146138   0.291384
-0.41353   0.0187306   0.20528
-0.163657   0.0100536   0.0814829
0.447281   0.456639   0.245421
-0.209581   0.0853176   0.460482
-0.201772   -0.47899   -0.436142
0.0817021   -0.330885   0.272482
-0.299137   0.349043   -0.379558
0.358428   0.0018746   0.290728
-0.483514   0.216291   -0.0770423
0.467142   -0.4887   0.038971
-0.108118   0.19586   -0.392358
-0.18396   -0.0219151   -0.107996
