0.988854
0.994494
1.00259
1.01
1.01517
1.01832
1.02088
1.02437
1.02946
1.03568
1.04204
1.04771
1.05231
1.05572
1.05789
1.05879
1.05864
1.05797
1.05741
1.05725
1.05695
1.05518
1.0504
1.04154
1.02846
1.01207
0.994267
0.977662
0.96508
0.95875
0.959567
0.966813
0.978492
0.991976
1.00459
1.01409
1.01902
1.01886
1.01399
1.00543
0.994444
0.982205
0.969663
0.957618
0.946783
0.937724
0.93082
0.926426
0.924998
0.927162
0.933509
0.944179
0.958567
0.975222
0.992162
1.0074
1.01948
1.02779
1.03263
1.03485
1.03547
1.03516
1.03409
1.03207
1.02877
1.02401
1.01781
1.01029
1.00165
0.992397
0.983553
0.976738
0.973751
0.975792
0.982763
0.993079
1.00411
1.01302
1.01757
1.01666
1.01056
1.00072
0.989464
0.979334
0.972413
0.969706
0.971041
0.975457
0.981849
0.989436
0.997966
1.00755
1.01829
1.0301
1.04252
1.05488
1.06645
1.0766
1.08485
1.0908
1.09414
1.09442
1.091
1.08333
1.0717
1.05835
1.04786
1.04477
1.04964
1.05814
1.06471
1.06613
1.06259
1.05686
1.05289
1.05366
1.05952
1.06823
1.0766
1.08243
1.08531
1.08615
1.08623
1.08626
1.08611
1.08487
1.08129
1.07438
1.06395
1.05116
1.03857
1.02978
1.02821
1.0356
1.05114
1.07196
1.0947
1.11662
1.13593
1.15161
1.16313
1.17036
1.17359
1.17339
1.1702
1.16415
1.15492
1.14211
1.12573
1.10658
1.08606
1.06584
1.0473
1.03147
1.01886
1.00955
1.0032
0.999333
0.997576
0.997644
0.999143
1.00159
1.00467
1.00851
1.01374
1.02116
1.03138
1.04435
1.05924
1.07456
1.08863
1.1001
1.10828
1.11312
1.11497
1.1143
1.11146
1.10674
1.10053
1.09348
1.08647
1.0802
1.07496
1.0705
1.06635
1.06216
1.05799
1.05411
1.05077
1.04814
1.04636
1.04555
1.04578
1.04706
1.0492
1.05196
1.05512
1.05846
1.06172
1.06456
1.06652
1.06722
1.06657
1.06501
1.06325
1.06209
1.062
1.06304
1.06506
1.06802
1.07208
1.07734
1.08349
1.08968
1.0948
1.09777
1.09798
1.0953
1.09014
1.0832
1.07529
1.06724
1.05979
1.05372
1.04984
1.04886
1.05112
1.05621
1.06303
1.07008
1.07604
1.08005
1.08178
1.08119
1.07833
1.07319
1.06587
1.05679
1.04697
1.03786
1.03116
1.0282
1.02935
1.03375
1.03955
1.04468
1.04767
1.04817
1.04674
1.0443
1.04162
1.03902
1.03639
1.03344
1.03009
1.02668
1.02403
1.02308
1.02431
1.02717
1.03034
1.03266
1.03405
1.03581
1.03985
1.04735
1.0579
1.06975
1.08068
1.0889
1.09348
1.09428
1.09184
1.08698
1.08048
1.07286
1.06427
1.05459
1.04389
1.03291
1.02327
1.01703
1.01558
1.01867
1.02423
1.02928
1.03145
1.03015
1.0268
1.02396
1.02403
1.02805
1.03517
1.04313
1.04916
1.05114
1.04832
1.04187
1.03466
1.02987
1.02899
1.03095
1.03322
1.03356
1.03091
1.02531
1.01752
1.00872
1.00028
0.993633
0.990123
0.990808
0.99612
1.00562
1.01816
1.03216
1.04616
1.05895
1.06951
1.07681
1.07978
1.07746
1.06929
1.05549
1.03732
1.01721
0.998511
0.984867
0.97913
0.982001
0.991332
1.00279
1.01181
1.01556
1.01359
1.00746
0.999878
0.993649
0.990814
0.991734
0.994833
0.997579
0.998026
0.995675
0.99135
0.986459
0.98229
0.979736
0.979367
0.981495
0.986066
0.992515
0.999844
1.00712
1.01408
1.02123
1.02922
1.03792
1.04614
1.05235
1.05549
1.05535
1.05246
1.04779
1.04254
1.03786
1.03459
1.03301
1.0328
1.03328
1.03379
1.03423
1.03515
1.03746
1.04194
1.04876
1.05739
1.06698
1.07666
1.08552
1.09265
1.0972
1.09859
1.0967
1.09188
1.08472
1.07567
1.0647
1.05125
1.03443
1.01346
0.988155
0.959538
0.930187
0.904199
0.886032
0.878595
0.881887
0.893454
0.909831
0.927752
0.944775
0.959619
0.972022
0.982227
0.990598
0.997381
1.00272
1.00659
1.0088
1.00912
1.00764
1.00488
1.00174
0.999081
0.997378
0.996626
0.996559
0.997194
0.999268
1.00433
1.01416
1.02982
1.05059
1.07379
1.09565
1.11261
1.12228
1.12367
1.11701
1.10334
1.08427
1.06193
1.0389
1.01808
1.00226
0.993536
0.992755
0.999319
1.01162
1.02755
1.04477
1.06077
1.07306
1.07958
1.07918
1.07203
1.05966
1.04462
1.02968
1.01673
1.00645
0.998963
0.994849
0.994887
0.999197
1.00692
1.01678
1.0277
1.03902
1.05042
1.06174
1.07254
1.08185
1.08832
1.09104
1.08998
1.08574
1.07893
1.06961
1.05736
1.04185
1.02379
1.00581
0.992167
0.986613
0.989783
0.999012
1.01088
1.02329
1.03554
1.04716
1.05742
1.06541
1.0701
1.0704
1.06532
1.05458
1.03894
1.02029
1.00122
0.984346
0.971672
0.964077
0.961334
0.962499
0.96657
0.972899
0.981211
0.991331
1.003
1.01591
1.02977
1.04413
1.05815
1.07078
1.08117
1.08901
1.09439
1.09754
1.09866
1.09794
1.09561
1.0919
1.087
1.08099
1.07379
1.0652
1.05492
1.04296
1.0298
1.01655
1.0045
0.99461
0.987049
0.981296
0.976581
0.97244
0.96897
0.96647
0.965029
0.964316
0.963815
0.963092
0.961933
0.960348
0.958549
0.956919
0.955886
0.955651
0.95599
0.956281
0.955984
0.955185
0.954916
0.956859
0.962681
0.973147
0.987593
1.00406
1.01996
1.03295
1.04149
1.04503
1.04401
1.03949
1.03291
1.02573
1.01898
1.01307
1.00788
1.00316
0.999049
0.996355
0.996306
0.999996
1.00782
1.01917
1.03254
1.04603
1.05797
1.06742
1.07426
1.07882
1.08119
1.08085
1.07687
1.06833
1.05468
1.03593
1.01273
0.986614
0.960294
0.937364
0.921286
0.913957
0.915022
0.922326
0.933258
0.946103
0.960752
0.978492
1.00072
1.02714
1.05482
1.07907
1.09531
1.10041
1.09278
1.07228
1.04048
1.00176
0.964852
0.942267
0.944439
0.971277
1.01179
1.05292
1.0866
1.11016
1.12414
1.13045
1.13112
1.12759
1.12044
1.10968
1.09538
1.07836
1.06037
1.04381
1.03109
1.02396
1.02296
1.02734
1.03539
1.04505
1.05441
1.06197
1.06683
1.0688
1.06853
1.0674
1.06697
1.0684
1.072
1.07736
1.08378
1.09078
1.09819
1.10616
1.11492
1.12467
1.13537
1.14655
1.15729
1.16626
1.17193
1.17282
1.16766
1.15562
1.13642
1.11052
1.07914
1.04454
1.0099
0.979328
0.957214
0.947093
0.950218
0.964889
0.987079
1.01199
1.03556
1.05527
1.0701
1.08004
1.08562
1.08759
1.08684
1.08439
1.08124
1.07808
1.07504
1.07163
1.06704
1.06059
1.05194
1.0413
1.02941
1.0176
1.0076
1.00115
0.999156
1.00132
1.00641
1.01301
1.0202
1.02773
1.03601
1.04572
1.05742
1.07113
1.08613
1.101
1.11401
1.12346
1.128
1.12685
1.11997
1.10811
1.0929
1.07684
1.06285
1.05371
1.05129
1.05613
1.06711
1.08178
1.09692
1.10953
1.11745
1.11976
1.11679
1.10978
1.10055
1.091
1.08272
1.07658
1.07265
1.0704
1.06901
1.06776
1.06652
1.06584
1.06682
1.07061
1.07794
1.08863
1.1014
1.11402
1.1239
1.12895
1.12806
1.12112
1.10876
1.09201
1.07216
1.05057
1.02867
1.00795
0.989892
0.975844
0.966753
0.962896
0.963723
0.967983
0.973947
0.979611
0.982901
0.981995
0.975771
0.9644
0.949942
0.936625
0.929778
0.933368
0.94752
0.968491
0.991042
1.01105
1.02659
1.03773
1.04568
1.05192
1.05743
1.06219
1.06522
1.06509
1.06054
1.05099
1.03673
1.01872
0.998457
0.977938
0.959645
0.94618
0.939489
0.940093
0.946916
0.957738
0.969962
0.98127
0.989925
0.994913
0.996096
0.994521
0.992495
0.992686
0.99642
1.00293
1.0103
1.01706
1.02284
1.028
1.03292
1.03751
1.04108
1.04268
1.04176
1.03848
1.03369
1.02866
1.02482
1.02352
1.02601
1.03335
1.04633
1.06472
1.08659
1.10857
1.12713
1.13959
1.14435
1.14067
1.1284
1.10803
1.08096
1.05003
1.02023
0.998945
0.993005
1.00305
1.02178
1.03933
1.04876
1.0475
1.03706
1.02314
1.01404
1.01484
1.02287
1.03108
1.0344
1.03173
1.02467
1.01594
1.00877
1.00648
1.01187
1.02604
1.04738
1.07176
1.09404
1.10982
1.11651
1.11361
1.10255
1.08607
1.06742
1.04969
1.03522
1.02526
1.01984
1.01795
1.01793
1.018
1.01673
1.01342
1.00819
1.00201
0.996368
0.992634
0.991644
0.993513
0.997771
1.0037
1.01057
1.01772
1.02437
1.02932
1.03109
1.0285
1.02131
1.0105
0.997941
0.985767
0.975531
0.967779
0.962436
0.95962
0.960148
0.965122
0.975076
0.989267
1.00581
1.02233
1.03672
1.04749
1.05373
1.05493
1.05088
1.04204
1.02997
1.01747
1.00781
1.00349
1.00512
1.01141
1.01993
1.02819
1.03457
1.03878
1.04178
1.04526
1.05053
1.05753
1.0645
1.06888
1.06873
1.064
1.05651
1.04921
1.04473
1.04433
1.04752
1.05251
1.05702
1.05907
1.05734
1.05135
1.04132
1.02818
1.01347
0.999415
0.988781
0.984602
0.989461
1.00435
1.02764
1.05528
1.08217
1.10375
1.11706
1.12132
1.11809
1.11069
1.1027
1.09592
1.08963
1.08173
1.07053
1.05547
1.03714
1.01703
0.997564
0.981992
0.973836
0.975504
0.986931
1.00527
1.02583
1.0436
1.05456
1.05648
1.04916
1.03442
1.0156
0.996865
0.982165
0.974177
0.973646
0.979714
0.99089
1.0059
1.0237
1.04303
1.0624
1.08064
1.09717
1.11151
1.12288
1.13017
1.13244
1.12937
1.12146
1.10982
1.09593
1.08138
1.0678
1.05664
1.04895
1.04493
1.04364
1.0433
1.04209
1.03902
1.03429
1.02891
1.02377
1.01902
1.0142
1.00875
1.00261
0.996479
0.991636
0.989493
0.990854
0.995458
1.00205
1.00903
