-4.98148
-4.98994
-5.0021
-5.01246
-5.0202
-5.02508
-5.02952
-5.03551
-5.04345
-5.05324
-5.06369
-5.07173
-5.07849
-5.08345
-5.0873
-5.08881
-5.08798
-5.08681
-5.08522
-5.08528
-5.08529
-5.08279
-5.07652
-5.06324
-5.04331
-5.01797
-4.99156
-4.96756
-4.94793
-4.93858
-4.93996
-4.95174
-4.96866
-4.99085
-5.00826
-5.02266
-5.03036
-5.02936
-5.0219
-5.00982
-4.99304
-4.97362
-4.95526
-4.93614
-4.91958
-4.9066
-4.89639
-4.89025
-4.8869
-4.8909
-4.90088
-4.91658
-4.93726
-4.96194
-4.9869
-5.00945
-5.02727
-5.04034
-5.0479
-5.05153
-5.05245
-5.05169
-5.05069
-5.04781
-5.04347
-5.03587
-5.02597
-5.01574
-5.00279
-4.9886
-4.97564
-4.96602
-4.96169
-4.96445
-4.97445
-4.99008
-5.00572
-5.01894
-5.02606
-5.0241
-5.0163
-5.00139
-4.98375
-4.96901
-4.95832
-4.95426
-4.95596
-4.96304
-4.97308
-4.98416
-4.99756
-5.01163
-5.02805
-5.04471
-5.06334
-5.08126
-5.09877
-5.11385
-5.12653
-5.13682
-5.14122
-5.14284
-5.13696
-5.1241
-5.10499
-5.08542
-5.07013
-5.06504
-5.07249
-5.08616
-5.09602
-5.0977
-5.09192
-5.08348
-5.07737
-5.07807
-5.08717
-5.10054
-5.11324
-5.12079
-5.126
-5.12817
-5.12874
-5.12909
-5.12841
-5.1264
-5.12013
-5.1093
-5.09337
-5.07387
-5.05484
-5.04165
-5.03914
-5.05038
-5.07384
-5.10523
-5.13858
-5.17297
-5.20119
-5.22501
-5.24304
-5.25312
-5.25722
-5.25692
-5.25244
-5.24367
-5.22982
-5.21196
-5.18709
-5.15836
-5.12713
-5.09588
-5.06733
-5.04373
-5.02497
-5.0107
-5.00132
-4.99462
-4.99214
-4.99299
-4.99479
-4.99755
-5.00202
-5.00839
-5.01622
-5.02812
-5.04359
-5.06274
-5.08569
-5.10807
-5.12962
-5.14759
-5.15926
-5.16712
-5.17035
-5.16934
-5.16478
-5.15724
-5.14838
-5.13872
-5.12864
-5.11879
-5.11063
-5.10439
-5.09831
-5.09173
-5.08532
-5.07935
-5.07373
-5.06995
-5.06728
-5.0656
-5.06611
-5.06817
-5.07093
-5.07583
-5.08011
-5.08376
-5.08821
-5.09231
-5.09525
-5.09539
-5.09412
-5.09283
-5.08944
-5.0883
-5.08908
-5.09034
-5.09246
-5.09614
-5.10268
-5.11088
-5.11965
-5.12955
-5.13722
-5.14153
-5.14093
-5.13752
-5.13023
-5.11982
-5.10736
-5.09572
-5.08425
-5.07515
-5.06857
-5.06771
-5.07124
-5.07919
-5.0888
-5.09893
-5.10802
-5.11328
-5.11542
-5.1153
-5.11221
-5.10512
-5.09337
-5.07961
-5.06456
-5.0503
-5.0407
-5.03611
-5.03844
-5.0461
-5.05526
-5.06326
-5.0679
-5.06925
-5.0677
-5.06313
-5.06048
-5.05688
-5.05233
-5.04746
-5.04319
-5.03807
-5.03454
-5.03266
-5.03466
-5.0391
-5.0431
-5.04643
-5.04822
-5.051
-5.05796
-5.06891
-5.08368
-5.10131
-5.11755
-5.13019
-5.1366
-5.13705
-5.13354
-5.1261
-5.11771
-5.10749
-5.09414
-5.07963
-5.06418
-5.04831
-5.03461
-5.02554
-5.02292
-5.02861
-5.03725
-5.04559
-5.0496
-5.0466
-5.04172
-5.03714
-5.0365
-5.04283
-5.05337
-5.06651
-5.07496
-5.07793
-5.07264
-5.06311
-5.05244
-5.04527
-5.04395
-5.04704
-5.04999
-5.05021
-5.04684
-5.03752
-5.02583
-5.01174
-4.99923
-4.98834
-4.98444
-4.98516
-4.99313
-5.00859
-5.02725
-5.0478
-5.0688
-5.08859
-5.10564
-5.11795
-5.12241
-5.11862
-5.10683
-5.08566
-5.06007
-5.02855
-5.00079
-4.98033
-4.97187
-4.97573
-4.98867
-5.00616
-5.0197
-5.0235
-5.02176
-5.01272
-5.00028
-4.99078
-4.98577
-4.98731
-4.99226
-4.99668
-4.99811
-4.99473
-4.98779
-4.9806
-4.97359
-4.9684
-4.9674
-4.97074
-4.9785
-4.98757
-4.99842
-5.00873
-5.01901
-5.03004
-5.04158
-5.05493
-5.06802
-5.07613
-5.08038
-5.08017
-5.07553
-5.06837
-5.06049
-5.05288
-5.04721
-5.04575
-5.04589
-5.04811
-5.04919
-5.05
-5.05047
-5.05288
-5.05961
-5.06967
-5.08171
-5.09596
-5.10881
-5.12195
-5.13295
-5.14023
-5.14216
-5.13962
-5.13254
-5.12106
-5.10733
-5.09194
-5.07146
-5.04804
-5.01658
-4.97923
-4.93872
-4.89318
-4.85223
-4.82468
-4.81397
-4.81952
-4.83672
-4.86144
-4.88787
-4.91371
-4.93598
-4.95428
-4.97004
-4.98078
-4.99005
-4.99745
-5.00356
-5.00672
-5.00766
-5.00513
-5.0007
-4.99568
-4.99169
-4.98959
-4.98831
-4.98806
-4.98977
-4.99257
-5.00001
-5.01598
-5.03992
-5.07077
-5.10603
-5.13791
-5.16396
-5.17922
-5.18146
-5.1704
-5.14975
-5.12129
-5.08823
-5.05309
-5.02321
-4.99918
-4.98609
-4.98462
-4.99447
-5.01262
-5.03592
-5.06144
-5.08499
-5.10252
-5.11169
-5.11094
-5.09977
-5.08227
-5.06046
-5.03895
-5.01984
-5.00486
-4.99333
-4.98791
-4.98707
-4.99398
-5.00526
-5.0199
-5.03659
-5.05463
-5.07128
-5.0878
-5.10355
-5.11706
-5.12601
-5.12948
-5.12774
-5.12109
-5.11057
-5.09704
-5.0776
-5.05463
-5.02816
-5.00103
-4.98041
-4.97298
-4.97668
-4.99174
-5.00999
-5.02862
-5.04834
-5.06638
-5.08283
-5.09511
-5.10276
-5.10246
-5.09469
-5.07856
-5.05496
-5.02744
-4.99852
-4.97366
-4.95526
-4.94401
-4.94066
-4.94225
-4.94821
-4.95801
-4.97017
-4.98641
-5.00347
-5.02177
-5.0415
-5.06319
-5.08302
-5.10211
-5.11816
-5.13006
-5.13828
-5.14406
-5.14635
-5.14482
-5.14192
-5.13605
-5.12749
-5.11863
-5.10648
-5.09328
-5.07818
-5.05977
-5.03989
-5.02016
-5.00163
-4.9871
-4.97591
-4.96728
-4.9596
-4.95369
-4.94879
-4.94549
-4.94348
-4.94378
-4.94212
-4.94179
-4.9402
-4.93813
-4.93633
-4.93404
-4.93279
-4.93199
-4.93234
-4.93308
-4.93234
-4.93129
-4.92967
-4.93198
-4.94101
-4.9555
-4.97808
-5.00293
-5.0277
-5.04764
-5.06029
-5.06606
-5.06361
-5.05744
-5.04864
-5.03801
-5.02728
-5.01872
-5.01123
-5.00506
-4.9992
-4.99591
-4.99599
-5.00062
-5.01221
-5.02772
-5.04702
-5.06649
-5.08365
-5.09723
-5.10825
-5.11463
-5.11848
-5.11903
-5.11261
-5.09995
-5.07858
-5.05015
-5.01504
-4.97632
-4.93729
-4.90274
-4.87922
-4.86702
-4.86817
-4.87867
-4.89553
-4.9151
-4.93677
-4.96277
-4.99672
-5.03651
-5.07773
-5.11561
-5.13967
-5.14611
-5.13346
-5.10376
-5.05576
-4.99768
-4.94276
-4.90992
-4.91333
-4.95269
-5.01347
-5.07609
-5.12615
-5.16149
-5.18337
-5.19298
-5.19473
-5.18898
-5.17842
-5.16272
-5.14097
-5.11484
-5.08786
-5.06317
-5.04424
-5.03277
-5.03128
-5.03815
-5.05083
-5.06503
-5.07892
-5.08981
-5.09679
-5.09899
-5.09858
-5.09748
-5.09638
-5.09838
-5.10515
-5.11349
-5.12447
-5.13497
-5.14624
-5.15729
-5.17072
-5.18566
-5.20216
-5.21848
-5.23277
-5.24728
-5.25731
-5.25954
-5.2518
-5.23315
-5.2042
-5.16519
-5.11631
-5.06425
-5.0132
-4.96794
-4.93461
-4.91973
-4.92518
-4.94689
-4.98123
-5.01814
-5.05336
-5.08353
-5.10667
-5.12052
-5.1289
-5.13094
-5.12922
-5.12599
-5.12096
-5.11592
-5.1106
-5.10594
-5.09845
-5.08802
-5.07612
-5.06015
-5.04247
-5.02489
-5.0087
-4.99902
-4.99587
-4.99912
-5.0063
-5.0153
-5.02608
-5.03663
-5.0501
-5.0636
-5.08206
-5.10202
-5.12452
-5.14759
-5.16605
-5.18007
-5.18702
-5.18592
-5.17589
-5.15976
-5.1368
-5.1121
-5.09006
-5.07649
-5.07257
-5.08058
-5.09705
-5.11754
-5.13966
-5.15736
-5.16923
-5.17331
-5.16976
-5.1591
-5.14555
-5.13168
-5.11851
-5.10989
-5.1043
-5.10093
-5.09914
-5.09803
-5.09526
-5.09409
-5.09662
-5.10276
-5.1139
-5.13038
-5.14864
-5.16787
-5.18163
-5.18936
-5.18698
-5.17672
-5.15862
-5.13425
-5.10403
-5.07194
-5.03879
-5.00816
-4.98123
-4.96046
-4.94773
-4.94149
-4.94334
-4.94958
-4.95792
-4.96612
-4.97075
-4.96985
-4.96006
-4.943
-4.92116
-4.90148
-4.89211
-4.8975
-4.91827
-4.95034
-4.98432
-5.01418
-5.0375
-5.05511
-5.06689
-5.07549
-5.08376
-5.09134
-5.09468
-5.0945
-5.08827
-5.0735
-5.053
-5.02553
-4.99469
-4.96345
-4.93631
-4.91611
-4.90653
-4.90729
-4.91692
-4.93391
-4.95165
-4.96906
-4.98205
-4.98953
-4.99115
-4.98818
-4.98544
-4.98588
-4.99088
-5.00125
-5.0117
-5.02215
-5.03112
-5.0381
-5.04487
-5.05131
-5.05651
-5.05876
-5.05769
-5.05352
-5.04634
-5.03925
-5.03332
-5.03229
-5.03632
-5.04718
-5.0665
-5.09423
-5.12674
-5.16047
-5.18802
-5.2061
-5.21324
-5.20877
-5.19007
-5.1586
-5.11816
-5.07159
-5.0266
-4.99511
-4.98575
-5.00097
-5.02908
-5.05465
-5.06895
-5.06645
-5.05124
-5.03111
-5.01821
-5.02002
-5.03176
-5.04409
-5.04967
-5.04612
-5.03552
-5.02137
-5.01077
-5.00792
-5.01631
-5.03893
-5.07154
-5.10796
-5.14154
-5.16598
-5.176
-5.1715
-5.15492
-5.13003
-5.10267
-5.07652
-5.05572
-5.04017
-5.03205
-5.02892
-5.02904
-5.02884
-5.02664
-5.02121
-5.01306
-5.0029
-4.99473
-4.98913
-4.98704
-4.98954
-4.99593
-5.00362
-5.01377
-5.02525
-5.03462
-5.04326
-5.04531
-5.04203
-5.03155
-5.01533
-4.99633
-4.97837
-4.96226
-4.95003
-4.94171
-4.93628
-4.93737
-4.94423
-4.95961
-4.98075
-5.00315
-5.02747
-5.04846
-5.06491
-5.07489
-5.07638
-5.06985
-5.05658
-5.03924
-5.01973
-5.00494
-4.99876
-5.0015
-5.01169
-5.02372
-5.03673
-5.04584
-5.0517
-5.0565
-5.06217
-5.07038
-5.08103
-5.0915
-5.09896
-5.0992
-5.09255
-5.08223
-5.07294
-5.06636
-5.06486
-5.0701
-5.07819
-5.08466
-5.08742
-5.08498
-5.0769
-5.0608
-5.04003
-5.01767
-4.99582
-4.97911
-4.97299
-4.98073
-5.00457
-5.03937
-5.08037
-5.12072
-5.15263
-5.1729
-5.17945
-5.1749
-5.16304
-5.15029
-5.14013
-5.13174
-5.11976
-5.10401
-5.08036
-5.05241
-5.02195
-4.99289
-4.96968
-4.9576
-4.96101
-4.97709
-5.00461
-5.03485
-5.06211
-5.0784
-5.08037
-5.07061
-5.04773
-5.0204
-4.99245
-4.96994
-4.95796
-4.95747
-4.96597
-4.98379
-5.00555
-5.03256
-5.06065
-5.08894
-5.11736
-5.14306
-5.16428
-5.18163
-5.19045
-5.19431
-5.19
-5.17799
-5.16114
-5.14029
-5.11802
-5.0975
-5.08106
-5.06831
-5.06213
-5.06171
-5.06121
-5.05984
-5.05508
-5.04753
-5.03931
-5.03084
-5.02343
-5.01589
-5.00801
-4.99805
-4.98946
-4.98325
-4.98109
-4.98404
-4.99125
-5.00189
-5.01222
