-3.4982
-3.4982
-3.49821
-3.49745
-3.49745
-3.4976
-3.4982
-3.49896
-3.49926
-3.49972
-3.50062
-3.50017
-3.50002
-3.49987
-3.50047
-3.50062
-3.50002
-3.49986
-3.49911
-3.49941
-3.49986
-3.50002
-3.50093
-3.50093
-3.50062
-3.49987
-3.50016
-3.50107
-3.50031
-3.50046
-3.50061
-3.50152
-3.50092
-3.50288
-3.50138
-3.50153
-3.50183
-3.50107
-3.50092
-3.50168
-3.50137
-3.50032
-3.50077
-3.49971
-3.49941
-3.50001
-3.50016
-3.50061
-3.4994
-3.50016
-3.50061
-3.50031
-3.4994
-3.4991
-3.49865
-3.49835
-3.49805
-3.49865
-3.49895
-3.49926
-3.49925
-3.49895
-3.49956
-3.49971
-3.50031
-3.49986
-3.49925
-3.50031
-3.50031
-3.50001
-3.50031
-3.50091
-3.50106
-3.50076
-3.50031
-3.50046
-3.49956
-3.49941
-3.49971
-3.49911
-3.50047
-3.50031
-3.49955
-3.50001
-3.4997
-3.4997
-3.4994
-3.49986
-3.50031
-3.50001
-3.50061
-3.50031
-3.50061
-3.49955
-3.49955
-3.49895
-3.4991
-3.49895
-3.49925
-3.50061
-3.50001
-3.50122
-3.50046
-3.4991
-3.49744
-3.49789
-3.49834
-3.49788
-3.49804
-3.49895
-3.49895
-3.4985
-3.49804
-3.49819
-3.49803
-3.49758
-3.49789
-3.49819
-3.49834
-3.49714
-3.49804
-3.49895
-3.4994
-3.4997
-3.49925
-3.4991
-3.49819
-3.49774
-3.49744
-3.49713
-3.49698
-3.49698
-3.49682
-3.49698
-3.49713
-3.49728
-3.49653
-3.49804
-3.49729
-3.49759
-3.49835
-3.49759
-3.49683
-3.49683
-3.49713
-3.49744
-3.49744
-3.4988
-3.4985
-3.49849
-3.49804
-3.49713
-3.49637
-3.49653
-3.49668
-3.49638
-3.49653
-3.49562
-3.49577
-3.49653
-3.49608
-3.49517
-3.49502
-3.49562
-3.49562
-3.49637
-3.49652
-3.49622
-3.49683
-3.49623
-3.49668
-3.49744
-3.49683
-3.49744
-3.49789
-3.49789
-3.49759
-3.49713
-3.49759
-3.49849
-3.49894
-3.49849
-3.49819
-3.49864
-3.49879
-3.49849
-3.49834
-3.49819
-3.49758
-3.49774
-3.49774
-3.49728
-3.49743
-3.49758
-3.49713
-3.49789
-3.49743
-3.49607
-3.49562
-3.49547
-3.49547
-3.49456
-3.49426
-3.49532
-3.49456
-3.49517
-3.49607
-3.49577
-3.49487
-3.49411
-3.49456
-3.49487
-3.49442
-3.49502
-3.49502
-3.49487
-3.49396
-3.49457
-3.49502
-3.49502
-3.49442
-3.49487
-3.49457
-3.49457
-3.49381
-3.49441
-3.49456
-3.49487
-3.49427
-3.49381
-3.49396
-3.49321
-3.49275
-3.49351
-3.49472
-3.49532
-3.49457
-3.49442
-3.49411
-3.49351
-3.49396
-3.49381
-3.49442
-3.49548
-3.49593
-3.49623
-3.49639
-3.49699
-3.49759
-3.49669
-3.49805
-3.49835
-3.49774
-3.49729
-3.49805
-3.49804
-3.4985
-3.49804
-3.49819
-3.49835
-3.49759
-3.49744
-3.49714
-3.49729
-3.49819
-3.49789
-3.49683
-3.49668
-3.49653
-3.49684
-3.49638
-3.49563
-3.49578
-3.49562
-3.49698
-3.49819
-3.49774
-3.49774
-3.49835
-3.49895
-3.4997
-3.5
-3.49955
-3.50061
-3.50091
-3.50167
-3.50243
-3.50137
-3.50152
-3.50121
-3.50045
-3.50076
-3.50061
-3.50182
-3.50122
-3.50122
-3.50016
-3.50031
-3.50046
-3.50046
-3.50046
-3.50061
-3.50016
-3.49986
-3.50047
-3.49956
-3.49956
-3.49865
-3.4988
-3.49789
-3.49925
-3.49895
-3.49895
-3.50016
-3.50001
-3.49956
-3.49956
-3.50016
-3.50137
-3.50273
-3.50274
-3.50243
-3.50289
-3.50243
-3.50409
-3.50273
-3.50303
-3.50302
-3.50318
-3.50272
-3.50167
-3.50198
-3.50198
-3.50017
-3.50137
-3.50152
-3.50046
-3.50031
-3.49955
-3.49971
-3.50001
-3.50031
-3.50107
-3.50122
-3.50076
-3.50091
-3.50016
-3.4988
-3.49834
-3.4985
-3.4994
-3.4988
-3.49865
-3.49805
-3.4979
-3.4982
-3.49774
-3.49805
-3.49881
-3.4976
-3.49714
-3.49714
-3.49684
-3.49669
-3.49669
-3.49608
-3.49533
-3.49623
-3.49669
-3.4982
-3.4985
-3.49865
-3.49775
-3.49669
-3.49669
-3.49654
-3.49563
-3.49548
-3.49382
-3.49367
-3.49397
-3.49443
-3.49428
-3.49458
-3.49473
-3.49397
-3.49382
-3.49488
-3.49458
-3.49639
-3.49639
-3.497
-3.49941
-3.4979
-3.49593
-3.49563
-3.49608
-3.49669
-3.49654
-3.4967
-3.49624
-3.49655
-3.49655
-3.49624
-3.4967
-3.49488
-3.49398
-3.49337
-3.49368
-3.49352
-3.49398
-3.49368
-3.49337
-3.49307
-3.49307
-3.49352
-3.49337
-3.49322
-3.49398
-3.49367
-3.49352
-3.49473
-3.49518
-3.49488
-3.49534
-3.49444
-3.49504
-3.4958
-3.49595
-3.49489
-3.49474
-3.49489
-3.49534
-3.49473
-3.49609
-3.49579
-3.49579
-3.49549
-3.49549
-3.49519
-3.49459
-3.49429
-3.49384
-3.49293
-3.49233
-3.49218
-3.49172
-3.49278
-3.49353
-3.49444
-3.49474
-3.49519
-3.49489
-3.49564
-3.49474
-3.49519
-3.49489
-3.49474
-3.49504
-3.4961
-3.49564
-3.49519
-3.49474
-3.49429
-3.49353
-3.49293
-3.49277
-3.49247
-3.49217
-3.49262
-3.49156
-3.49187
-3.49247
-3.49231
-3.49216
-3.49306
-3.49201
-3.49322
-3.49368
-3.49368
-3.49504
-3.49564
-3.4967
-3.497
-3.49761
-3.49685
-3.4967
-3.4967
-3.49655
-3.497
-3.49669
-3.49714
-3.49775
-3.4979
-3.49865
-3.4985
-3.49835
-3.49866
-3.49836
-3.49941
-3.49896
-3.4979
-3.49684
-3.497
-3.49579
-3.49594
-3.49639
-3.49655
-3.4967
-3.49775
-3.49836
-3.4979
-3.49851
-3.49821
-3.497
-3.49715
-3.49579
-3.49549
-3.49579
-3.49534
-3.49519
-3.49534
-3.49488
-3.49518
-3.49533
-3.49534
-3.49473
-3.49503
-3.49534
-3.49579
-3.49594
-3.4973
-3.4964
-3.49715
-3.4973
-3.4976
-3.49851
-3.49866
-3.49896
-3.49851
-3.49836
-3.49866
-3.49836
-3.49851
-3.4973
-3.49669
-3.49699
-3.49578
-3.49669
-3.49685
-3.49776
-3.49821
-3.49806
-3.49851
-3.49761
-3.49821
-3.49926
-3.49941
-3.49881
-3.49911
-3.49942
-3.50032
-3.50062
-3.50138
-3.50153
-3.50062
-3.50047
-3.49896
-3.49821
-3.49746
-3.4967
-3.4961
-3.49685
-3.4964
-3.4967
-3.49776
-3.49731
-3.49746
-3.49655
-3.49625
-3.49595
-3.4964
-3.49685
-3.49669
-3.4973
-3.49609
-3.49564
-3.49518
-3.49564
-3.49594
-3.49564
-3.49503
-3.49564
-3.49579
-3.49549
-3.49701
-3.49671
-3.4955
-3.49429
-3.49535
-3.49504
-3.49504
-3.49548
-3.49652
-3.49668
-3.49578
-3.49579
-3.49671
-3.49625
-3.49625
-3.49715
-3.4973
-3.49806
-3.4976
-3.49775
-3.49821
-3.4979
-3.4973
-3.4973
-3.49744
-3.49759
-3.49684
-3.49684
-3.49714
-3.49775
-3.49745
-3.4973
-3.49685
-3.49654
-3.49579
-3.49578
-3.49639
-3.49593
-3.49578
-3.49714
-3.49744
-3.4988
-3.4988
-3.49895
-3.49805
-3.49835
-3.49865
-3.4991
-3.49865
-3.49684
-3.4979
-3.49941
-3.50032
-3.50032
-3.49971
-3.49956
-3.49941
-3.4976
-3.49744
-3.49835
-3.49895
-3.49879
-3.49909
-3.49985
-3.49955
-3.50061
-3.50016
-3.50001
-3.50062
-3.50152
-3.50047
-3.50047
-3.49956
-3.49895
-3.49941
-3.4991
-3.4988
-3.49804
-3.4985
-3.4979
-3.49714
-3.4982
-3.4982
-3.49835
-3.4985
-3.49729
-3.49729
-3.49714
-3.49714
-3.49669
-3.49578
-3.49578
-3.49503
-3.49608
-3.49503
-3.49593
-3.49533
-3.49533
-3.49609
-3.49503
-3.49488
-3.49503
-3.49564
-3.49594
-3.4976
-3.49744
-3.49684
-3.49578
-3.49593
-3.49562
-3.49638
-3.49638
-3.49487
-3.49427
-3.49307
-3.49307
-3.49367
-3.49458
-3.49442
-3.49472
-3.49518
-3.49442
-3.49502
-3.49533
-3.49533
-3.49563
-3.49639
-3.49548
-3.49533
-3.49638
-3.49684
-3.49699
-3.49744
-3.49654
-3.49684
-3.49579
-3.49594
-3.49488
-3.49503
-3.49549
-3.49624
-3.49579
-3.49609
-3.49579
-3.49624
-3.49639
-3.49669
-3.4976
-3.49715
-3.49775
-3.4976
-3.497
-3.4967
-3.4964
-3.49685
-3.4964
-3.4964
-3.49624
-3.49654
-3.49744
-3.49744
-3.49699
-3.4976
-3.49776
-3.49761
-3.49761
-3.49851
-3.49836
-3.49761
-3.49761
-3.49806
-3.49685
-3.49686
-3.49746
-3.49701
-3.49791
-3.49746
-3.497
-3.49655
-3.49685
-3.49684
-3.4973
-3.49715
-3.49655
-3.4973
-3.4967
-3.49716
-3.49716
-3.49716
-3.49701
-3.4964
-3.4967
-3.49685
-3.49625
-3.49685
-3.49625
-3.49655
-3.49686
-3.4961
-3.4955
-3.49504
-3.49489
-3.49474
-3.49504
-3.4958
-3.4958
-3.49625
-3.4961
-3.497
-3.4973
-3.49715
-3.497
-3.49715
-3.49685
-3.49761
-3.49731
-3.49671
-3.49671
-3.49777
-3.49747
-3.49656
-3.49671
-3.49656
-3.49625
-3.49669
-3.49624
-3.4964
-3.49641
-3.49566
-3.49581
-3.49521
-3.49565
-3.4964
-3.49715
-3.49776
-3.49746
-3.49747
-3.49807
-3.49852
-3.49852
-3.49746
-3.49761
-3.49821
-3.49851
-3.49987
-3.50048
-3.50033
-3.50049
-3.50124
-3.50124
-3.50109
-3.50109
-3.50093
-3.50154
-3.50199
-3.50289
-3.50229
-3.50229
-3.50199
-3.50214
-3.50184
-3.50154
-3.50109
-3.50078
-3.49987
-3.50018
-3.50017
-3.49957
-3.49927
-3.49927
-3.49806
-3.49791
-3.49867
-3.49806
-3.49927
-3.49867
-3.49928
-3.49958
-3.49958
-3.49942
-3.49972
-3.49897
-3.49836
-3.49806
-3.49685
-3.49715
-3.49655
-3.497
-3.49685
-3.49443
-3.49398
-3.49338
-3.49368
-3.49429
-3.49398
-3.49353
-3.49353
-3.49428
-3.49353
-3.49322
-3.49352
-3.49383
-3.49459
-3.49383
-3.49444
-3.49398
-3.49353
-3.49383
-3.49428
-3.49459
-3.49474
-3.49474
-3.49565
-3.4961
-3.49655
-3.49746
-3.49912
-3.49927
-3.49836
-3.49882
-3.49942
-3.49912
-3.49882
-3.49897
-3.49988
-3.49882
-3.49776
-3.49746
-3.4967
-3.49594
-3.49609
-3.49654
-3.49805
-3.49791
-3.49746
-3.49746
-3.49701
-3.49732
-3.49746
-3.49776
-3.497
-3.49625
-3.49625
-3.49731
-3.49716
-3.49821
-3.49716
-3.4967
-3.4964
-3.49655
-3.4967
-3.49684
-3.49775
-3.4967
-3.4967
-3.4961
-3.49671
-3.49656
-3.49565
-3.49686
-3.4961
-3.497
-3.49715
-3.4967
-3.4967
-3.497
-3.4964
-3.49746
-3.4967
-3.497
-3.4961
-3.49534
-3.4964
-3.49731
-3.49701
-3.49731
-3.4952
-3.49565
-3.49595
-3.4958
-3.4964
-3.4964
-3.49595
-3.4958
-3.4961
-3.49489
-3.49474
-3.49625
-3.49625
-3.49671
-3.49656
-3.4961
-3.49595
-3.49519
-3.49489
-3.49459
-3.49489
-3.49414
-3.49474
-3.4958
-3.49685
-3.49776
-3.49806
-3.49882
-3.49867
