1.48328
1.49174
1.50389
1.515
1.52275
1.52748
1.53132
1.53655
1.54419
1.55352
1.56307
1.57157
1.57847
1.58359
1.58683
1.58819
1.58796
1.58695
1.58612
1.58587
1.58542
1.58277
1.5756
1.56231
1.54268
1.51811
1.4914
1.46649
1.44762
1.43813
1.43935
1.45022
1.46774
1.48796
1.50688
1.52113
1.52853
1.52829
1.52098
1.50814
1.49167
1.47331
1.4545
1.43643
1.42017
1.40659
1.39623
1.38964
1.3875
1.39074
1.40026
1.41627
1.43785
1.46283
1.48824
1.5111
1.52922
1.54169
1.54894
1.55228
1.5532
1.55273
1.55114
1.5481
1.54316
1.53601
1.52671
1.51543
1.50248
1.4886
1.47533
1.46511
1.46063
1.46369
1.47415
1.48962
1.50616
1.51953
1.52635
1.52499
1.51584
1.50108
1.4842
1.469
1.45862
1.45456
1.45656
1.46319
1.47277
1.48415
1.49695
1.51132
1.52744
1.54515
1.56378
1.58231
1.59967
1.6149
1.62727
1.6362
1.64121
1.64162
1.6365
1.625
1.60755
1.58753
1.57179
1.56715
1.57445
1.58721
1.59706
1.5992
1.59388
1.58529
1.57933
1.58049
1.58928
1.60235
1.6149
1.62365
1.62796
1.62923
1.62934
1.62939
1.62916
1.6273
1.62193
1.61156
1.59593
1.57674
1.55786
1.54467
1.54231
1.5534
1.57671
1.60794
1.64205
1.67493
1.7039
1.72742
1.74469
1.75553
1.76039
1.76009
1.7553
1.74623
1.73239
1.71316
1.68859
1.65987
1.62909
1.59875
1.57096
1.54721
1.52829
1.51432
1.5048
1.499
1.49636
1.49647
1.49871
1.50238
1.507
1.51277
1.5206
1.53174
1.54707
1.56652
1.58886
1.61184
1.63294
1.65015
1.66243
1.66968
1.67246
1.67145
1.66719
1.6601
1.65079
1.64023
1.6297
1.6203
1.61244
1.60575
1.59952
1.59324
1.58698
1.58116
1.57615
1.57221
1.56954
1.56832
1.56867
1.57059
1.57379
1.57794
1.58267
1.58769
1.59258
1.59685
1.59978
1.60082
1.59986
1.59751
1.59488
1.59314
1.59301
1.59456
1.5976
1.60203
1.60811
1.61601
1.62523
1.63453
1.6422
1.64666
1.64696
1.64295
1.6352
1.6248
1.61294
1.60085
1.58968
1.58058
1.57476
1.5733
1.57668
1.58432
1.59454
1.60512
1.61406
1.62008
1.62267
1.62179
1.61749
1.60979
1.5988
1.58519
1.57045
1.55679
1.54674
1.5423
1.54403
1.55063
1.55933
1.56702
1.57151
1.57226
1.57011
1.56645
1.56244
1.55854
1.55459
1.55017
1.54514
1.54002
1.53605
1.53462
1.53646
1.54075
1.54551
1.54899
1.55108
1.55371
1.55977
1.57102
1.58685
1.60463
1.62102
1.63335
1.64022
1.64142
1.63776
1.63047
1.62072
1.6093
1.5964
1.58188
1.56583
1.54936
1.5349
1.52554
1.52337
1.528
1.53634
1.54392
1.54717
1.54523
1.5402
1.53593
1.53605
1.54207
1.55276
1.56469
1.57374
1.57671
1.57248
1.5628
1.55199
1.54481
1.54349
1.54643
1.54983
1.55035
1.54637
1.53796
1.52627
1.51309
1.50042
1.49045
1.48518
1.48621
1.49418
1.50843
1.52724
1.54825
1.56924
1.58843
1.60427
1.61522
1.61968
1.61619
1.60394
1.58323
1.55598
1.52582
1.49777
1.4773
1.46869
1.473
1.487
1.50419
1.51772
1.52334
1.52038
1.5112
1.49982
1.49047
1.48622
1.4876
1.49225
1.49637
1.49704
1.49351
1.48703
1.47969
1.47344
1.4696
1.46905
1.47224
1.4791
1.48877
1.49977
1.51069
1.52111
1.53184
1.54384
1.55688
1.56921
1.57853
1.58323
1.58303
1.57869
1.57169
1.5638
1.5568
1.55189
1.54952
1.5492
1.54991
1.55069
1.55135
1.55272
1.55619
1.56292
1.57314
1.58608
1.60047
1.61498
1.62827
1.63898
1.6458
1.64789
1.64504
1.63781
1.62708
1.61351
1.59706
1.57688
1.55165
1.52018
1.48223
1.43931
1.39528
1.3563
1.32905
1.31789
1.32283
1.34018
1.36475
1.39163
1.41716
1.43943
1.45803
1.47334
1.4859
1.49607
1.50408
1.50989
1.51319
1.51368
1.51146
1.50732
1.50261
1.49862
1.49607
1.49494
1.49484
1.49579
1.4989
1.50649
1.52125
1.54473
1.57589
1.61068
1.64347
1.66892
1.68342
1.68551
1.67551
1.65501
1.62641
1.59289
1.55835
1.52712
1.50339
1.4903
1.48913
1.49898
1.51743
1.54133
1.56715
1.59115
1.60959
1.61936
1.61877
1.60805
1.58949
1.56693
1.54451
1.5251
1.50967
1.49844
1.49227
1.49233
1.4988
1.51038
1.52517
1.54155
1.55853
1.57564
1.59261
1.60881
1.62277
1.63248
1.63656
1.63497
1.62862
1.6184
1.60442
1.58604
1.56277
1.53569
1.50872
1.48825
1.47992
1.48467
1.49852
1.51631
1.53494
1.55331
1.57074
1.58613
1.59811
1.60516
1.60561
1.59799
1.58186
1.55841
1.53044
1.50183
1.47652
1.45751
1.44612
1.442
1.44375
1.44985
1.45935
1.47182
1.487
1.50451
1.52387
1.54466
1.56619
1.58723
1.60617
1.62176
1.63352
1.64158
1.64631
1.64799
1.64691
1.64341
1.63785
1.63049
1.62148
1.61069
1.59779
1.58239
1.56443
1.5447
1.52483
1.50675
1.49192
1.48057
1.47194
1.46487
1.45866
1.45345
1.44971
1.44754
1.44647
1.44572
1.44464
1.4429
1.44052
1.43782
1.43538
1.43383
1.43348
1.43398
1.43442
1.43398
1.43278
1.43237
1.43529
1.44402
1.45972
1.48139
1.50609
1.52994
1.54943
1.56223
1.56755
1.56601
1.55923
1.54937
1.5386
1.52847
1.51961
1.51182
1.50474
1.49857
1.49453
1.49446
1.49999
1.51174
1.52876
1.54881
1.56904
1.58695
1.60113
1.6114
1.61823
1.62178
1.62127
1.6153
1.60249
1.58203
1.5539
1.51909
1.47992
1.44044
1.40605
1.38193
1.37094
1.37253
1.38349
1.39989
1.41915
1.44113
1.46774
1.50108
1.54072
1.58224
1.6186
1.64297
1.65061
1.63917
1.60841
1.56071
1.50264
1.44728
1.4134
1.41666
1.45692
1.51768
1.57938
1.6299
1.66524
1.68622
1.69568
1.69668
1.69138
1.68066
1.66452
1.64306
1.61754
1.59056
1.56572
1.54664
1.53594
1.53444
1.54101
1.55308
1.56758
1.58162
1.59296
1.60025
1.6032
1.60279
1.60109
1.60045
1.6026
1.608
1.61604
1.62567
1.63617
1.64729
1.65924
1.67238
1.68701
1.70306
1.71983
1.73594
1.74939
1.7579
1.75922
1.75149
1.73343
1.70464
1.66578
1.61871
1.5668
1.51485
1.46899
1.43582
1.42064
1.42533
1.44733
1.48062
1.51798
1.55334
1.58291
1.60515
1.62005
1.62843
1.63139
1.63027
1.62659
1.62186
1.61712
1.61256
1.60744
1.60056
1.59088
1.57792
1.56196
1.54412
1.52639
1.51141
1.50173
1.49873
1.50198
1.50961
1.51952
1.5303
1.5416
1.55401
1.56858
1.58613
1.60669
1.62919
1.6515
1.67102
1.68519
1.69199
1.69028
1.67995
1.66216
1.63935
1.61526
1.59428
1.58056
1.57694
1.5842
1.60067
1.62267
1.64538
1.66429
1.67617
1.67964
1.67518
1.66467
1.65082
1.63651
1.62409
1.61487
1.60898
1.6056
1.60351
1.60164
1.59978
1.59877
1.60023
1.60592
1.61691
1.63294
1.6521
1.67102
1.68584
1.69342
1.69209
1.68169
1.66313
1.63801
1.60824
1.57585
1.543
1.51192
1.48484
1.46377
1.45013
1.44434
1.44558
1.45198
1.46092
1.46942
1.47435
1.47299
1.46366
1.4466
1.42491
1.40494
1.39467
1.40005
1.42128
1.45274
1.48656
1.51657
1.53989
1.5566
1.56853
1.57788
1.58615
1.59328
1.59783
1.59764
1.59081
1.57649
1.55509
1.52807
1.49769
1.46691
1.43947
1.41927
1.40923
1.41014
1.42037
1.43661
1.45494
1.4719
1.48489
1.49237
1.49414
1.49178
1.48874
1.48903
1.49463
1.5044
1.51545
1.52559
1.53427
1.542
1.54938
1.55627
1.56162
1.56402
1.56264
1.55773
1.55054
1.543
1.53723
1.53528
1.53901
1.55002
1.5695
1.59708
1.62988
1.66286
1.6907
1.70939
1.71652
1.711
1.6926
1.66204
1.62145
1.57504
1.53035
1.49842
1.48951
1.50457
1.53267
1.559
1.57314
1.57125
1.55559
1.53471
1.52106
1.52226
1.5343
1.54662
1.55159
1.5476
1.537
1.52392
1.51316
1.50972
1.5178
1.53906
1.57107
1.60763
1.64105
1.66474
1.67476
1.67041
1.65383
1.6291
1.60113
1.57454
1.55282
1.53789
1.52977
1.52693
1.5269
1.527
1.5251
1.52013
1.51228
1.50302
1.49455
1.48895
1.48747
1.49027
1.49666
1.50555
1.51586
1.52658
1.53655
1.54398
1.54664
1.54275
1.53197
1.51575
1.49691
1.47865
1.4633
1.45167
1.44365
1.43943
1.44022
1.44768
1.46261
1.4839
1.50871
1.53349
1.55508
1.57123
1.5806
1.58239
1.57631
1.56305
1.54496
1.5262
1.51172
1.50523
1.50767
1.51711
1.52989
1.54229
1.55186
1.55817
1.56267
1.56789
1.5758
1.58629
1.59676
1.60331
1.6031
1.59599
1.58477
1.57382
1.5671
1.5665
1.57128
1.57877
1.58554
1.5886
1.58601
1.57702
1.56198
1.54226
1.52021
1.49912
1.48317
1.4769
1.48419
1.50652
1.54146
1.58292
1.62326
1.65562
1.67558
1.68198
1.67714
1.66604
1.65405
1.64388
1.63444
1.6226
1.60579
1.5832
1.5557
1.52555
1.49635
1.47299
1.46075
1.46326
1.4804
1.50791
1.53875
1.5654
1.58184
1.58472
1.57374
1.55163
1.5234
1.4953
1.47325
1.46127
1.46047
1.46957
1.48633
1.50885
1.53555
1.56455
1.59359
1.62096
1.64575
1.66727
1.68432
1.69525
1.69866
1.69405
1.68219
1.66473
1.64389
1.62207
1.6017
1.58496
1.57342
1.56739
1.56546
1.56496
1.56314
1.55852
1.55143
1.54336
1.53565
1.52854
1.5213
1.51312
1.50392
1.49472
1.48745
1.48424
1.48628
1.49319
1.50307
1.51355
