1
1.00001
1.00001
1.00003
1.00004
1.00006
1.00008
1.00011
1.00014
1.00017
1.00021
1.00025
1.00029
1.00034
1.00039
1.00045
1.0005
1.00057
1.00063
1.0007
1.00078
1.00085
1.00094
1.00102
1.00111
1.00121
1.00131
1.00141
1.00152
1.00163
1.00175
1.00187
1.002
1.00213
1.00226
1.00241
1.00255
1.0027
1.00286
1.00303
1.00319
1.00337
1.00355
1.00374
1.00393
1.00413
1.00433
1.00455
1.00477
1.00499
1.00523
1.00547
1.00572
1.00598
1.00624
1.00652
1.0068
1.0071
1.0074
1.00771
1.00804
1.00837
1.00872
1.00908
1.00945
1.00983
1.01023
1.01064
1.01107
1.01151
1.01196
1.01244
1.01293
1.01343
1.01396
1.01451
1.01508
1.01566
1.01628
1.01691
1.01758
1.01826
1.01898
1.01973
1.02051
1.02132
1.02216
1.02304
1.02396
1.02492
1.02592
1.02697
1.02806
1.02921
1.0304
1.03165
1.03296
1.03433
1.03575
1.03724
1.0388
1.04042
1.04211
1.04386
1.04568
1.04756
1.04948
1.05146
1.05345
1.05546
1.05745
1.05938
1.0612
1.06286
1.06428
1.06537
1.06604
1.06617
1.06567
1.06449
1.06263
1.0602
1.05746
1.05479
1.05268
1.05158
1.05184
1.05359
1.0567
1.06085
1.0656
1.07046
1.07496
1.07874
1.08159
1.08346
1.08455
1.08523
1.08604
1.08752
1.09006
1.09377
1.09845
1.10362
1.10874
1.11332
1.11698
1.11955
1.12099
1.1214
1.12097
1.11994
1.11859
1.11714
1.11575
1.11449
1.11337
1.11232
1.1113
1.11026
1.10918
1.10804
1.10685
1.10566
1.10461
1.10396
1.104
1.10497
1.107
1.11005
1.11397
1.11852
1.12345
1.12846
1.13328
1.13765
1.14135
1.14422
1.14616
1.14717
1.14733
1.14679
1.14576
1.14449
1.14325
1.1423
1.14184
1.142
1.14282
1.14426
1.14617
1.1484
1.15074
1.15302
1.15508
1.15683
1.15822
1.15927
1.16003
1.16059
1.16104
1.16146
1.16188
1.16231
1.16274
1.16311
1.16341
1.16363
1.16379
1.16393
1.1641
1.16433
1.16465
1.16505
1.16551
1.16599
1.16649
1.16697
1.16747
1.16799
1.16857
1.16925
1.17007
1.17103
1.17214
1.17337
1.1747
1.17607
1.17742
1.1787
1.17985
1.18082
1.18155
1.18201
1.18216
1.18199
1.18148
1.18067
1.17958
1.17833
1.17703
1.17585
1.17495
1.17448
1.17451
1.17504
1.17595
1.17708
1.1782
1.17909
1.17957
1.1795
1.17879
1.17743
1.17548
1.17313
1.17065
1.16842
1.16688
1.16643
1.16734
1.16968
1.17324
1.17762
1.18229
1.18671
1.19039
1.19291
1.19392
1.19319
1.19062
1.18638
1.18103
1.17559
1.17141
1.16974
1.17118
1.17538
1.18126
1.18749
1.19297
1.19699
1.19918
1.19947
1.19789
1.1946
1.18986
1.18404
1.17762
1.1712
1.16538
1.16073
1.15765
1.15641
1.15705
1.15943
1.16321
1.1679
1.17295
1.17785
1.18227
1.186
1.18904
1.19144
1.19331
1.19477
1.1959
1.1968
1.19753
1.19814
1.19867
1.19915
1.19962
1.20009
1.20057
1.20107
1.20159
1.20209
1.20258
1.20301
1.20334
1.20354
1.20355
1.20331
1.20275
1.20179
1.20033
1.1983
1.1956
1.19215
1.18795
1.18307
1.17777
1.17252
1.16795
1.16474
1.16338
1.16396
1.16613
1.16923
1.1726
1.17568
1.17816
1.17994
1.18105
1.18162
1.18182
1.18181
1.18175
1.18175
1.18187
1.18213
1.18249
1.18286
1.18315
1.18327
1.18315
1.18282
1.18236
1.18194
1.18174
1.18193
1.18258
1.18365
1.18503
1.18653
1.18801
1.18934
1.19045
1.19132
1.19195
1.19234
1.19251
1.19247
1.19222
1.19176
1.19112
1.19032
1.18938
1.18836
1.18733
1.18634
1.18546
1.18474
1.18421
1.18387
1.1837
1.18363
1.1836
1.18348
1.18315
1.18247
1.18127
1.17938
1.17665
1.17294
1.16815
1.16232
1.15561
1.14841
1.14135
1.13522
1.13084
1.12883
1.12941
1.13234
1.13708
1.14296
1.14939
1.15587
1.16202
1.16755
1.17227
1.17607
1.17896
1.18104
1.18247
1.18339
1.18395
1.18422
1.18423
1.18397
1.18338
1.1824
1.18096
1.17902
1.17657
1.17365
1.17038
1.16694
1.16361
1.16067
1.15837
1.15682
1.15601
1.15578
1.15596
1.15643
1.15715
1.15814
1.15942
1.16097
1.16264
1.16425
1.16561
1.16653
1.16689
1.16666
1.16584
1.16451
1.16279
1.16085
1.15892
1.15721
1.15593
1.15526
1.15525
1.15588
1.15705
1.15859
1.16034
1.16213
1.16386
1.16546
1.16688
1.16813
1.1692
1.17012
1.17092
1.17161
1.17222
1.17276
1.17325
1.17369
1.17409
1.17445
1.17477
1.17503
1.17525
1.1754
1.17549
1.17551
1.17546
1.17534
1.17515
1.1749
1.17461
1.17431
1.17402
1.17376
1.17357
1.17346
1.17343
1.17349
1.17359
1.1737
1.17378
1.17376
1.17361
1.17327
1.17275
1.17204
1.17118
1.17021
1.16921
1.16827
1.16747
1.16692
1.16669
1.16688
1.16756
1.16875
1.17046
1.17261
1.17507
1.17768
1.18023
1.18255
1.18449
1.18598
1.18698
1.18752
1.18766
1.18749
1.18709
1.18655
1.18591
1.18523
1.18453
1.18384
1.18319
1.18262
1.18219
1.18193
1.18185
1.18195
1.18218
1.1825
1.18285
1.18319
1.1835
1.18384
1.18426
1.18485
1.18571
1.18689
1.18841
1.19022
1.19224
1.19433
1.19637
1.19825
1.19987
1.20119
1.2022
1.20289
1.20331
1.20349
1.20349
1.20334
1.20309
1.20274
1.20225
1.20159
1.20065
1.19935
1.19762
1.19546
1.19297
1.19041
1.18814
1.18658
1.18607
1.18674
1.18845
1.19083
1.1934
1.19568
1.19728
1.19791
1.19744
1.19583
1.19318
1.1897
1.1857
1.1816
1.17786
1.17495
1.17329
1.17316
1.17464
1.17759
1.18167
1.18643
1.19136
1.196
1.19997
1.20301
1.20496
1.20575
1.20537
1.20387
1.20138
1.19806
1.19418
1.19005
1.18596
1.18218
1.17881
1.17585
1.17321
1.17089
1.16902
1.16794
1.16806
1.1697
1.17289
1.17732
1.18242
1.18756
1.19218
1.19587
1.19842
1.19972
1.19981
1.19877
1.19678
1.19411
1.19111
1.18817
1.18568
1.18391
1.18298
1.1828
1.18313
1.18369
1.18418
1.18438
1.1841
1.18324
1.18174
1.17961
1.17695
1.17396
1.17093
1.16819
1.16604
1.16469
1.16412
1.1642
1.16466
1.16527
1.16584
1.16629
1.16659
1.16678
1.16689
1.16697
1.167
1.16699
1.16691
1.16672
1.16641
1.16595
1.16535
1.16465
1.16389
1.16313
1.16246
1.16195
1.16167
1.1617
1.16206
1.16278
1.16383
1.16518
1.16676
1.1685
1.17033
1.17218
1.174
1.17575
1.17739
1.17889
1.18024
1.1814
1.18236
1.18305
1.18343
1.1834
1.18285
1.18164
1.17963
1.17665
1.17259
1.16745
1.16143
1.15508
1.14925
1.14499
1.14312
1.14375
1.14615
1.14908
1.1513
1.15203
1.15109
1.14889
1.1463
1.1444
1.14416
1.14606
1.14996
1.15522
1.16109
1.16695
1.17243
1.17732
1.18149
1.18486
1.18735
1.18889
1.18939
1.18878
1.18704
1.18416
1.18028
1.17568
1.17085
1.16641
1.16301
1.16107
1.1607
1.16161
1.16332
1.1653
1.16711
1.16849
1.16932
1.16966
1.16967
1.16958
1.16965
1.17005
1.17087
1.17206
1.17351
1.17508
1.17663
1.17809
1.17941
1.18064
1.18184
1.18307
1.18437
1.18574
1.18716
1.18854
1.1898
1.19083
1.19158
1.19199
1.19203
1.19171
1.19106
1.19014
1.18903
1.18783
1.18663
1.18554
1.18461
1.18389
1.18339
1.1831
1.18299
1.18304
1.18325
1.18363
1.18421
1.18505
1.18616
1.18757
1.18925
1.19115
1.19316
1.19517
1.19705
1.19867
1.19994
1.20078
1.20119
1.20117
1.20082
1.20027
1.19969
1.19925
1.19913
1.19941
1.2001
1.20112
1.20232
1.20351
1.20453
1.20522
1.2055
1.20535
1.2048
1.20393
1.20281
1.20153
1.20013
1.1986
1.19694
1.19513
1.1932
1.19122
1.18934
1.18775
1.18663
1.18613
1.18632
1.18717
1.18858
1.19039
1.19245
1.1946
1.19672
1.19874
1.20059
1.20222
1.20361
1.20473
1.20555
1.20606
1.20625
1.20613
1.20574
1.20513
1.2044
1.20362
1.20289
1.2023
1.20188
1.20163
1.20152
1.20148
1.20146
1.20136
1.20115
1.20078
1.20024
1.19954
1.19871
1.19777
1.19676
1.1957
1.19465
1.19363
1.1927
1.1919
1.19128
1.19091
1.19084
1.19109
1.19166
1.19254
1.19367
1.19497
1.19634
1.19771
1.19898
1.20008
1.20098
1.20162
1.20196
1.20198
1.20165
1.20091
1.19975
1.19815
1.1961
1.1937
1.1911
1.18856
1.18644
1.1851
1.18481
1.18563
1.18741
1.1898
1.1924
1.19482
1.19678
1.1981
1.1987
1.19855
1.19766
1.19612
1.19405
1.19167
1.18929
1.18733
1.18619
1.18619
1.18742
1.18978
1.19293
1.19648
1.20005
1.20336
1.20621
1.20849
1.21015
1.21117
1.21158
1.2114
1.21069
1.20955
1.2081
1.20649
1.20487
1.20342
1.20224
1.2014
1.20091
1.2007
1.20065
1.20066
1.20063
1.20052
1.20033
1.20015
1.20007
1.20022
1.2007
1.20157
1.20282
1.20435
1.20601
1.20763
1.20903
1.21004
1.21053
1.21041
1.20957
1.20796
1.20554
1.20233
1.19854
1.19455
1.191
1.18862
1.18802
1.1894
1.19245
1.1965
1.20079
1.20474
1.20802
1.21052
1.21227
1.21338
1.21399
1.21424
1.21423
1.21406
1.2138
1.2135
1.21319
1.21286
1.21249
1.21205
1.21153
1.21089
1.21016
1.20943
1.20883
1.20856
1.20885
1.20986
1.21168
1.21421
1.21727
1.22058
1.22388
1.22692
1.22955
1.23165
1.23318
1.23411
1.23444
1.23417
1.23332
1.23189
1.22991
1.22742
1.22451
1.22126
1.21784
1.21444
1.21129
1.20864
1.20675
1.20581
1.20595
1.20719
1.20945
1.21255
1.21623
1.22021
1.22421
1.22798
1.23132
1.2341
1.23624
1.23773
1.23862
1.239
1.239
1.2388
1.23857
1.23849
1.23872
1.23937
1.24046
1.24199
1.24389
1.24608
1.2485
1.25107
1.25373
1.25633
1.25871
1.26064
1.26193
1.26242
1.26204
1.26083
1.25897
1.25674
1.25451
1.25259
1.25115
1.25011
1.24917
1.24787
1.24578
1.24257
1.23815
1.23273
1.22691
1.22167
1.21816
1.21736
1.21956
1.22425
1.23028
1.2364
1.24163
1.24547
1.24784
1.24892
1.24903
1.24851
1.24768
1.24678
1.24599
1.24545
1.24522
1.24527
1.24555
1.24599
1.24651
1.24705
1.24758
1.24812
1.24867
1.24927
1.24996
1.25077
1.25173
1.25282
1.25403
1.25532
1.25664
1.25794
1.25917
1.26027
1.26122
1.26199
1.26259
1.263
1.26325
1.26335
1.26332
1.2632
1.263
1.26277
1.26254
1.26232
1.26216
1.26207
1.26207
1.26218
1.26238
1.26266
1.26296
1.26322
1.26333
1.26312
1.26239
1.2609
1.25837
1.25454
1.24929
1.2428
1.2357
1.22914
1.22445
1.22256
1.22353
1.22658
1.23064
1.23486
1.23879
1.24232
1.24555
1.24866
1.25177
1.25489
1.25792
1.26059
1.26262
1.26375
1.2638
1.26281
1.26104
1.25901
1.25732
1.25648
1.25657
1.25713
1.25728
1.25594
1.2522
1.24572
1.23713
1.22834
1.22207
1.22053
1.22384
1.23016
1.23709
1.24302
1.24744
1.25052
1.25272
1.25447
1.25613
1.25789
1.25982
1.2619
1.26405
1.26616
1.26812
1.26982
1.27119
1.27214
1.27261
1.27256
1.27192
1.27064
1.26865
1.2659
1.26232
1.25791
1.25271
1.24688
1.24069
1.23461
1.22921
1.22511
1.22282
1.2226
1.22442
1.22797
1.23276
1.23823
1.24388
1.2493
1.25415
1.25823
1.2614
1.26354
1.26457
1.26439
1.26288
1.25997
1.25562
1.25006
1.24385
1.23801
1.23378
1.23221
1.23355
1.23718
1.24194
1.24674
1.25084
1.25393
1.25597
1.25703
1.25722
1.25664
1.25534
1.25336
1.25074
1.2476
1.2441
1.24051
1.23714
1.23426
1.23207
1.23057
1.2296
1.22894
1.22833
1.22753
1.22636
1.22467
1.22238
1.21957
1.21646
1.21347
1.21108
1.20975
1.20974
1.21106
1.21349
1.21671
1.22032
1.224
1.22748
1.23058
1.2332
1.23529
1.23687
1.23798
1.23869
1.23906
1.23915
1.23905
1.23879
1.23844
1.23803
1.2376
1.23716
1.23675
1.23637
1.23603
1.23574
1.23552
1.23534
1.23521
1.23508
1.2349
1.23461
1.23415
1.23347
1.23252
1.23131
1.22987
1.22825
1.22659
1.22503
1.22373
1.22285
1.22249
1.22268
1.22334
1.22435
1.22551
1.22664
1.22756
1.22812
1.22817
1.22754
1.22612
1.22395
1.22132
1.21888
1.21756
1.21816
1.22096
1.22552
1.2309
1.23609
1.24039
1.24343
1.24515
1.24561
1.24494
1.24327
1.24074
1.23747
1.23364
1.22944
1.22515
1.22104
1.21734
1.21419
1.21154
1.20923
1.207
1.20467
1.20226
1.20009
1.19882
1.19923
1.20189
1.2068
1.21336
1.22064
1.22773
1.23398
1.23909
1.243
1.24579
1.2476
1.24856
1.24878
1.2483
1.24709
1.24508
1.24217
1.23831
1.23362
1.22853
1.22383
1.22053
1.21946
1.22083
1.22404
1.22803
1.23169
1.23426
1.23536
1.2349
1.23296
1.22973
1.22547
1.22049
1.2152
1.21006
1.20556
1.20214
1.20011
1.19961
1.20064
1.20301
1.20645
1.2106
1.21508
1.21951
1.22356
1.227
1.2297
1.23161
1.23277
1.23325
1.23315
1.23257
1.23163
1.23042
1.22906
1.2276
1.22613
1.22467
1.22327
1.2219
1.22057
1.21925
1.21793
1.21667
1.21555
1.21477
1.21457
1.21515
1.21662
1.21892
1.22182
1.22497
1.22803
1.23071
1.23281
1.23426
1.23505
1.23525
1.23493
1.23424
1.2333
1.23227
1.23129
1.23051
1.23003
1.2299
1.2301
1.23057
1.23119
1.23185
1.23245
1.23297
1.23343
1.23391
1.2345
1.23525
1.23619
1.23727
1.23839
1.23937
1.24006
1.24031
1.24002
1.23913
1.23769
1.23577
1.23351
1.23108
1.22865
1.22636
1.22434
1.22266
1.2214
1.22057
1.2202
1.22026
1.22073
1.22157
1.22273
1.22416
1.22584
1.22772
1.22979
1.23199
1.23429
1.23665
1.23903
1.24139
1.24366
1.24577
1.24764
1.24916
1.25024
1.25078
1.25069
1.2499
1.24837
1.24614
1.24333
1.24018
1.23705
1.23433
1.23237
1.23133
1.23115
1.23158
1.23233
1.23313
1.23382
1.23435
1.2347
1.2349
1.23498
1.23495
1.2348
1.23455
1.23422
1.23386
1.23355
1.2334
1.23353
1.23404
1.23499
1.2364
1.23819
1.24024
1.24242
1.24455
1.24651
1.24822
1.24962
1.2507
1.25149
1.25202
1.25233
1.25248
1.2525
1.25244
1.25233
1.25217
1.25199
1.25179
1.25156
1.25132
1.25107
1.25081
1.25058
1.25039
1.2503
1.25033
1.25053
1.25093
1.25154
1.25235
1.25335
1.25449
1.25571
1.25696
1.25813
1.25917
1.25997
1.26045
1.26053
1.26013
1.25919
1.25767
1.25559
1.25303
1.25013
1.24713
1.24434
1.24211
1.24077
1.24061
1.24173
1.24405
1.24734
1.2512
1.25522
1.25905
1.26239
1.26509
1.26708
1.26836
1.26901
1.26914
1.26887
1.26831
1.26756
1.26671
1.2658
1.26489
1.26397
1.26306
1.26214
1.26122
1.26031
1.25942
1.25862
1.25795
1.2575
1.25732
1.25747
1.25796
1.25877
1.25984
1.26109
1.26242
1.26374
1.26496
1.26602
1.26685
1.26743
1.26775
1.26778
1.26755
1.26706
1.26634
1.26542
1.26434
1.26316
1.26197
1.26085
1.2599
1.25922
1.25886
1.25884
1.25915
1.25969
1.26038
1.26109
1.26173
1.26223
1.26253
1.2626
1.26244
1.26203
1.26139
1.26053
1.25945
1.25817
1.25672
1.25515
1.25351
1.25188
1.25036
1.24908
1.24812
1.24759
1.24752
1.2479
1.24866
1.24971
1.25092
1.25221
1.25349
1.25471
1.25585
1.25691
1.25789
1.25878
1.25959
1.26029
1.26088
1.26132
1.26161
1.26174
1.26173
1.26162
1.26145
1.26129
1.2612
1.26127
1.26154
1.26204
1.26279
1.26377
1.26495
1.26626
1.26766
1.26908
1.27049
1.27184
1.27311
1.27428
1.27533
1.27625
1.27702
1.27762
1.27806
1.27831
1.27839
1.27831
1.27811
1.27783
1.27754
1.27732
1.27723
1.27734
1.27768
1.27826
1.27907
1.28004
1.28115
1.28233
1.28355
1.28478
1.28601
1.28725
1.2885
1.28978
1.2911
1.29244
1.29379
1.29511
1.29637
1.29751
1.29848
1.29922
1.29969
1.29984
1.29967
1.29918
1.29839
1.29733
1.29607
1.29467
1.29321
1.29177
1.29046
1.28934
1.28852
1.28806
1.288
1.28838
1.28918
1.29035
1.29184
1.29356
1.29543
1.29733
1.29915
1.3008
1.30215
1.30311
1.30357
1.30347
1.30278
1.30153
1.2998
1.29769
1.29529
1.29263
1.28966
1.28626
1.28232
1.27781
1.27289
1.26789
1.26322
1.25927
1.25625
1.25413
1.25275
1.25207
1.25224
1.2536
1.25645
1.26085
1.26644
1.27261
1.27866
1.28404
1.28843
1.29172
1.29395
1.29525
1.29576
1.29564
1.29503
1.29402
1.29269
1.29106
1.28913
1.28687
1.28422
1.28108
1.27739
1.2731
1.26829
1.26319
1.25826
1.25412
1.25137
1.25035
1.25097
1.25274
1.25495
1.25688
1.25801
1.25797
1.25654
1.25358
1.24903
1.24297
1.2357
1.22789
1.22057
1.21494
1.212
1.21219
1.21524
1.22035
1.22651
1.23282
1.23863
1.24359
1.24762
1.25078
1.2532
1.25505
1.25645
1.25751
1.25829
1.25886
1.25923
1.25945
1.25952
1.25948
1.25933
1.25909
1.25876
1.25835
1.25785
1.25725
1.25653
1.25567
1.25467
1.25351
1.25222
1.25083
1.24942
1.24804
1.24677
1.24559
1.24442
1.24302
1.24101
1.23788
1.23311
1.22636
1.21797
1.20941
1.20337
1.20266
1.20829
1.21867
1.23082
1.24223
1.25166
1.25887
1.26414
1.26791
1.27058
1.27245
1.27376
1.27468
1.27532
1.27577
1.27607
1.27628
1.27641
1.27649
1.27654
1.27655
1.27654
1.27651
1.27648
1.27644
1.2764
1.27637
1.27634
1.27633
1.27634
1.2764
1.27654
1.27681
1.27726
1.27794
1.27893
1.28025
1.28191
1.2839
1.28615
1.2886
1.29113
1.29365
1.29604
1.29817
1.29992
1.30118
1.30183
1.30179
1.30101
1.29948
1.29724
1.29438
1.29104
1.28744
1.2838
1.28039
1.27748
1.2753
1.27406
1.27386
1.27477
1.27675
1.27969
1.28342
1.28774
1.29241
1.29717
1.30182
1.30617
1.31008
1.31349
1.31633
1.31861
1.32032
1.32148
1.32212
1.32226
1.32195
1.32122
1.32015
1.31876
1.31712
1.31526
1.31317
1.31085
1.30829
1.30546
1.30237
1.29904
1.29553
1.29194
1.28842
1.28513
1.28225
1.27993
1.27828
1.27731
1.27697
1.27714
1.2777
1.27856
1.27971
1.2812
1.28309
1.28538
1.28798
1.29068
1.29324
1.29537
1.29684
1.29748
1.29718
1.29591
1.29375
1.29083
1.28741
1.28382
1.28044
1.27762
1.27566
1.27469
1.27473
1.27566
1.27727
1.27929
1.28148
1.28362
1.28554
1.28717
1.28848
1.28948
1.29023
1.29078
1.29121
1.29158
1.29196
1.29242
1.293
1.29373
1.2946
1.29557
1.29655
1.29742
1.29805
1.29829
1.29801
1.29713
1.29564
1.2936
1.2912
1.28875
1.28666
1.28537
1.28525
1.28658
1.28937
1.29343
1.29833
1.30358
1.3087
1.31331
1.31717
1.32017
1.32228
1.32356
1.32411
1.32404
1.3235
1.32264
1.32162
1.32058
1.31964
1.31891
1.31846
1.31834
1.31854
1.31899
1.31955
1.31991
1.31962
1.3181
1.31479
1.30944
1.3026
1.29595
1.29195
1.29241
1.29715
1.30414
1.31097
1.31619
1.31942
1.32101
1.3215
1.3214
1.32101
1.32051
1.31994
1.31934
1.31877
1.31842
1.31854
1.31935
1.32096
1.32318
1.32561
1.32773
1.32908
1.32941
1.32881
1.32766
1.32654
1.32603
1.32651
1.328
1.33017
1.33251
1.33451
1.33577
1.33613
1.33555
1.33415
1.33208
1.32953
1.32657
1.32322
1.31936
1.31481
1.3094
1.30309
1.29612
1.28906
1.28282
1.27829
1.27599
1.2757
1.27665
1.27791
1.27887
1.27944
1.27997
1.281
1.28291
1.28569
1.28901
1.29236
1.29527
1.29743
1.29871
1.29911
1.29869
1.29756
1.2958
1.2935
1.29071
1.28749
1.28388
1.27993
1.27571
1.27131
1.26685
1.26247
1.25835
1.25466
1.25156
1.24918
1.24758
1.24673
1.24654
1.24686
1.24749
1.24825
1.24899
1.24959
1.24999
1.25016
1.25012
1.24987
1.24946
1.24893
1.24832
1.24765
1.24696
1.24627
1.24561
1.24498
1.2444
1.24388
1.24343
1.24304
1.24273
1.2425
1.24234
1.24226
1.24225
1.24232
1.24246
1.24268
1.24296
1.24331
1.24373
1.2442
1.24473
1.24531
1.24592
1.24655
1.24717
1.24774
1.2482
1.2485
1.24852
1.24818
1.24735
1.24593
1.24387
1.24122
1.23822
1.23528
1.23295
1.23175
1.2319
1.23322
1.23516
1.23703
1.23825
1.23846
1.23759
1.23582
1.23348
1.23097
1.22871
1.22698
1.22595
1.22564
1.22598
1.2268
1.22793
1.22916
1.23032
1.2313
1.23204
1.23255
1.23294
1.23331
1.23383
1.2346
1.23572
1.23724
1.23916
1.24143
1.24399
1.24672
1.24952
1.25225
1.25481
1.25709
1.25901
1.26053
1.26161
1.26224
1.26242
1.26217
1.26153
1.26053
1.25922
1.25767
1.25594
1.25408
1.25215
1.25021
1.24832
1.24653
1.24489
1.24344
1.24223
1.24129
1.24069
1.24046
1.24062
1.2411
1.24175
1.24239
1.24281
1.24296
1.24295
1.24306
1.24365
1.24496
1.24696
1.24936
1.25167
1.25344
1.25434
1.25427
1.25328
1.25158
1.24938
1.24699
1.24473
1.24307
1.24254
1.24355
1.24617
1.24997
1.2542
1.25807
1.26095
1.26258
1.26293
1.26222
1.26081
1.25911
1.25749
1.25624
1.25545
1.25505
1.25484
1.25454
1.25385
1.25254
1.25045
1.24751
1.24377
1.23942
1.23483
1.2305
1.227
1.22484
1.22427
1.22522
1.22731
1.23002
1.23288
1.23549
1.23766
1.2393
1.24045
1.24117
1.24159
1.24179
1.24187
1.2419
1.24193
1.242
1.24211
1.24227
1.24247
1.24269
1.24293
1.24317
1.2434
1.2436
1.24379
1.24394
1.24408
1.24419
1.2443
1.2444
1.24449
1.24458
1.24466
1.24471
1.24471
1.24463
1.24444
1.24411
1.24359
1.24289
1.24201
1.24099
1.23992
1.23892
1.23815
1.23776
1.23786
1.2385
1.23962
1.24112
1.24285
1.24464
1.24634
1.24785
1.24909
1.25003
1.25068
1.25105
1.25119
1.25113
1.25096
1.25073
1.25051
1.25037
1.25036
1.25053
1.25087
1.25138
1.25202
1.25275
1.25351
1.25426
1.25493
1.25549
1.25592
1.25619
1.2563
1.25625
1.25604
1.25568
1.25521
1.25464
1.25401
1.25337
1.25276
1.2522
1.25174
1.25141
1.25121
1.25115
1.25126
1.25151
1.25193
1.25252
1.25327
1.2542
1.25529
1.25656
1.25798
1.25952
1.26118
1.2629
1.26463
1.26632
1.26787
1.26915
1.26996
1.27002
1.26892
1.26614
1.2611
1.25343
1.24348
1.23294
1.22495
1.22257
1.22649
1.23439
1.24277
1.24908
1.25238
1.25288
1.25138
1.24895
1.24672
1.24567
1.24633
1.24871
1.25228
1.2563
1.26009
1.26317
1.26534
1.26657
1.26698
1.26677
1.26617
1.26541
1.26469
1.26413
1.26378
1.2636
1.26348
1.26334
1.2631
1.26278
1.26245
1.26228
1.26242
1.26302
1.26418
1.26588
1.26804
1.27053
1.27316
1.27579
1.27828
1.28053
1.28248
1.2841
1.28534
1.28621
1.28667
1.28671
1.2863
1.28539
1.28394
1.2819
1.27922
1.2759
1.27197
1.26757
1.26294
1.25844
1.25454
1.25171
1.25029
1.25043
1.25197
1.25454
1.25764
1.2608
1.26365
1.26598
1.26777
1.2691
1.27015
1.27109
1.27208
1.27318
1.27437
1.27559
1.27673
1.27771
1.27848
1.279
1.27928
1.27933
1.27914
1.27869
1.2779
1.27669
1.27496
1.27261
1.26961
1.26603
1.2621
1.25824
1.25497
1.25279
1.252
1.25258
1.25422
1.25648
1.25896
1.26136
1.26356
1.26554
1.26734
1.26899
1.27054
1.27198
1.27328
1.27443
1.27538
1.27615
1.27672
1.27711
1.27734
1.27742
1.27734
1.27711
1.27671
1.27613
1.27536
1.2744
1.27325
1.27194
1.27051
1.26904
1.26759
1.26625
1.26511
1.26421
1.26359
1.26324
1.2631
1.26312
1.26321
1.2633
1.26332
1.26325
1.26308
1.26283
1.26251
1.26218
1.26184
1.26153
1.26127
1.26106
1.2609
1.26081
1.26074
1.26067
1.26055
1.26029
1.25984
1.25911
1.25806
1.2567
1.25507
1.25328
1.25146
1.24977
1.24831
1.24714
1.24623
1.24547
1.24477
1.24404
1.24325
1.24247
1.24183
1.2415
1.24164
1.24238
1.24379
1.24582
1.24835
1.25119
1.25413
1.25696
1.25952
1.26168
1.26337
1.26453
1.26512
1.2651
1.26442
1.26302
1.26081
1.25773
1.25372
1.24878
1.24303
1.23678
1.23067
1.22566
1.22287
1.22314
1.22651
1.23218
1.23886
1.24534
1.25086
1.25509
1.25805
1.25991
1.26093
1.26136
1.26142
1.26128
1.26109
1.26094
1.2609
1.261
1.26124
1.2616
1.26206
1.26257
1.26308
1.26355
1.26394
1.26421
1.26433
1.2643
1.26411
1.26377
1.26331
1.26275
1.26212
1.26142
1.26068
1.2599
1.2591
1.25831
1.25758
1.25696
1.25652
1.25631
1.25637
1.25668
1.25722
1.25789
1.25861
1.25929
1.25986
1.26027
1.26051
1.26062
1.26067
1.26077
1.261
1.26143
1.26205
1.26282
1.26363
1.26437
1.26491
1.26518
1.26511
1.26469
1.26394
1.2629
1.26162
1.26015
1.25854
1.25681
1.255
1.25313
1.25121
1.24927
1.24736
1.24555
1.2439
1.2425
1.24147
1.24088
1.24078
1.24118
1.24204
1.24326
1.24471
1.24626
1.24777
1.24915
1.25032
1.25125
1.25193
1.25236
1.25256
1.25254
1.25234
1.25195
1.25138
1.25063
1.24968
1.24852
1.24711
1.24544
1.24347
1.2412
1.23865
1.23587
1.23297
1.23013
1.22753
1.22536
1.22375
1.22271
1.22216
1.22188
1.22165
1.22124
1.22046
1.21921
1.21743
1.21516
1.21247
1.2095
1.20645
1.20357
1.20111
1.19934
1.19845
1.19851
1.1995
1.20124
1.20351
1.20605
1.20862
1.21102
1.21307
1.21465
1.21561
1.21585
1.21525
1.2137
1.21116
1.20767
1.20354
1.19929
1.19574
1.19368
1.19361
1.19548
1.19872
1.20251
1.20615
1.20918
1.21143
1.21289
1.21369
1.21397
1.21385
1.21347
1.21293
1.21229
1.21162
1.21096
1.21034
1.20979
1.20933
1.20896
1.20869
1.20852
1.20845
1.20847
1.20858
1.20876
1.209
1.20931
1.20966
1.21005
1.21048
1.21095
1.21145
1.21198
1.21257
1.2132
1.21389
1.21466
1.2155
1.21642
1.21743
1.21852
1.21967
1.22085
1.22202
1.22311
1.22402
1.22462
1.22476
1.22424
1.22283
1.22029
1.21641
1.21105
1.20424
1.1963
1.18785
1.17982
1.1732
1.1688
1.16694
1.1675
1.17001
1.17395
1.17883
1.18423
1.1897
1.19476
1.19901
1.2021
1.20386
1.20428
1.2036
1.20234
1.20128
1.2013
1.20301
1.20651
1.21138
1.21689
1.22237
1.22736
1.23166
1.23526
1.23823
1.24066
1.24262
1.24417
1.24537
1.24626
1.24688
1.2473
1.24755
1.2477
1.24779
1.24785
1.24791
1.248
1.24811
1.24823
1.24833
1.24839
1.24835
1.24819
1.24787
1.24734
1.24659
1.24561
1.24439
1.24297
1.24137
1.23966
1.2379
1.23619
1.23463
1.23335
1.23249
1.23217
1.2325
1.23353
1.23523
1.23749
1.24016
1.24303
1.24594
1.24874
1.25133
1.25369
1.25581
1.25775
1.25955
1.26124
1.26283
1.26434
1.26573
1.26699
1.2681
1.26911
1.27006
1.27106
1.27223
1.27366
1.27544
1.27758
1.28001
1.28263
1.28529
1.28784
1.29014
1.29208
1.29358
1.29456
1.29497
1.29475
1.29386
1.29225
1.28988
1.28674
1.2829
1.2785
1.2738
1.26922
1.26525
1.26239
1.26104
1.26138
1.26327
1.26629
1.26992
1.2736
1.27694
1.27969
1.28178
1.2832
1.28399
1.28415
1.28371
1.28271
1.28129
1.27981
1.27874
1.27859
1.2797
1.28205
1.28533
1.289
1.29256
1.29563
1.29801
1.29964
1.30056
1.30085
1.3006
1.2999
1.29883
1.29746
1.29584
1.29402
1.29204
1.28993
1.28773
1.28548
1.28324
1.28107
1.279
1.27707
1.27528
1.2736
1.27202
1.27052
1.26908
1.26774
1.26653
1.26549
1.26467
1.2641
1.26379
1.26377
1.26404
1.26458
1.26536
1.26629
1.26724
1.26803
1.26845
1.2683
1.26741
1.26566
1.26301
1.25955
1.25547
1.25111
1.2469
1.24337
1.24107
1.24047
1.24181
1.24502
1.24967
1.25513
1.26071
1.26585
1.27021
1.27362
1.2761
1.27774
1.27868
1.27906
1.27901
1.27865
1.27809
1.27743
1.27676
1.2762
1.27583
1.27573
1.27596
1.27653
1.27741
1.2785
1.27971
1.28091
1.28195
1.28274
1.28319
1.28323
1.28287
1.28215
1.28118
1.28013
1.27919
1.27852
1.27822
1.27823
1.27837
1.2784
1.27801
1.27699
1.27523
1.27279
1.26991
1.26698
1.26452
1.26302
1.26285
1.26416
1.26681
1.27045
1.27463
1.27894
1.28305
1.28676
1.28998
1.2927
1.29493
1.29667
1.29789
1.29852
1.29845
1.29756
1.29578
1.29317
1.29001
1.28675
1.28398
1.28218
1.28154
1.28188
1.28276
1.28373
1.28454
1.28517
1.28577
1.28661
1.28793
1.2899
1.29255
1.29582
1.29957
1.3036
1.30772
1.31174
1.31553
1.31897
1.32197
1.3245
1.32652
1.32803
1.32903
1.32952
1.32951
1.32901
1.328
1.32652
1.32456
1.32217
1.31942
1.31642
1.31336
1.3105
1.30817
1.30667
1.30621
1.30678
1.30815
1.3099
1.31147
1.31233
1.31208
1.31048
1.30756
1.30361
1.29917
1.29489
1.29128
1.28857
1.28664
1.28525
1.28428
1.28386
1.28431
1.28581
1.28819
1.29086
1.29301
1.29397
1.29347
1.29173
1.28938
1.28722
1.28598
1.28608
1.28759
1.29029
1.29375
1.2975
1.3011
1.30423
1.30671
1.30849
1.30958
1.31005
1.31002
1.30957
1.3088
1.30777
1.30653
1.30509
1.30346
1.30164
1.29964
1.29749
1.29528
1.29315
1.29127
1.28984
1.28899
1.28876
1.28906
1.2897
1.29046
1.29108
1.29139
1.29124
1.29052
1.28918
1.28718
1.28445
1.28096
1.27668
1.27163
1.26593
1.25988
1.25396
1.24881
1.24506
1.24309
1.24288
1.24403
1.24593
1.24802
1.24989
1.25133
1.25227
1.25277
1.25291
1.25278
1.25247
1.25203
1.25152
1.25096
1.25036
1.24971
1.24899
1.24819
1.24727
1.24622
1.24506
1.24379
1.24245
1.24107
1.23972
1.23843
1.23723
1.23615
1.23518
1.23432
1.23354
1.23285
1.23223
1.2317
1.23126
1.23092
1.2307
1.23057
1.23054
1.23054
1.23055
1.23052
1.23041
1.2302
1.22987
1.22943
1.2289
1.2283
1.22768
1.22707
1.2265
1.22603
1.22569
1.22555
1.22562
1.22596
1.22656
1.22741
1.22848
1.2297
1.23102
1.23236
1.23368
1.23492
1.23607
1.2371
1.23801
1.2388
1.23946
1.23996
1.2403
1.24043
1.24034
1.23997
1.23932
1.23836
1.2371
1.23561
1.23395
1.23227
1.23069
1.22936
1.22839
1.22783
1.22764
1.22774
1.22801
1.22837
1.22874
1.22913
1.22958
1.23013
1.23084
1.23167
1.23258
1.23345
1.23418
1.23465
1.2348
1.23462
1.23417
1.23359
1.23306
1.23284
1.23311
1.23402
1.23556
1.23764
1.24005
1.24251
1.24477
1.24657
1.24767
1.24785
1.24695
1.24484
1.24149
1.23708
1.23198
1.22684
1.2224
1.21931
1.21789
1.21813
1.21981
1.22261
1.22626
1.23045
1.23487
1.23918
1.24308
1.24638
1.249
1.25091
1.25214
1.25275
1.25277
1.25224
1.25116
1.24949
1.2472
1.24422
1.24051
1.23606
1.23094
1.22536
1.21967
1.21437
1.21004
1.2072
1.20618
1.20703
1.20958
1.21345
1.2182
1.22337
1.22857
1.23347
1.23783
1.24148
1.2443
1.24621
1.24715
1.24706
1.24587
1.24354
1.24008
1.23571
1.23098
1.22684
1.22441
1.22461
1.22763
1.23281
1.23901
1.24514
1.25048
1.25468
1.2577
1.25963
1.26056
1.26058
1.25972
1.25797
1.2553
1.25174
1.24746
1.24277
1.23822
1.23443
1.23194
1.23107
1.23178
1.23381
1.23678
1.24034
1.24419
1.24812
1.25196
1.25559
1.25896
1.26206
1.2649
1.26748
1.26977
1.27169
1.27316
1.27407
1.27433
1.27391
1.27285
1.27127
1.2694
1.26753
1.26594
1.26484
1.26435
1.26447
1.2651
1.26612
1.26743
1.26895
1.27067
1.27261
1.27478
1.27714
1.2796
1.28206
1.28438
1.2865
1.28837
1.28999
1.29138
1.29254
1.29343
1.29403
1.29428
1.29418
1.29374
1.29307
1.29233
1.29172
1.29143
1.29158
1.29224
1.29331
1.29462
1.29592
1.29691
1.29729
1.29681
1.29534
1.29288
1.28963
1.28601
1.2826
1.28004
1.27882
1.27915
1.28089
1.28367
1.287
1.29043
1.29362
1.29637
1.29859
1.30025
1.30138
1.30201
1.30222
1.30205
1.30156
1.30078
1.29971
1.29834
1.29661
1.2944
1.2916
1.2881
1.28385
1.27884
1.27317
1.26699
1.26045
1.25364
1.24657
1.2392
1.23163
1.22428
1.218
1.21394
1.21311
1.2159
1.22189
1.23003
1.23913
1.24818
1.2565
1.2637
1.26962
1.27425
1.27766
1.27998
1.28134
1.28191
1.28181
1.28119
1.28018
1.2789
1.27745
1.27593
1.27443
1.273
1.27168
1.27051
1.26949
1.26862
1.26792
1.26736
1.26695
1.26664
1.26641
1.2662
1.26594
1.26555
1.26497
1.26414
1.26301
1.26159
1.25988
1.25794
1.25585
1.25372
1.25164
1.24969
1.24794
1.24639
1.24505
1.2439
1.24297
1.24228
1.24188
1.24183
1.24215
1.24282
1.24379
1.24498
1.2463
1.24764
1.24895
1.25018
1.2513
1.2523
1.25321
1.25403
1.25479
1.25553
1.25629
1.25708
1.25795
1.25891
1.25995
1.26106
1.2622
1.2633
1.26429
1.26506
1.26552
1.26554
1.26503
1.26388
1.26203
1.25942
1.25606
1.25198
1.24728
1.24215
1.23693
1.2322
1.22876
1.22742
1.22864
1.23233
1.23781
1.24412
1.25036
1.25582
1.26008
1.26292
1.26431
1.26431
1.26309
1.26081
1.2577
1.25403
1.25012
1.24629
1.24283
1.23991
1.23753
1.23549
1.23344
1.23103
1.22805
1.22466
1.22148
1.21945
1.21942
1.22168
1.22582
1.23097
1.23628
1.24116
1.24539
1.24898
1.25205
1.25477
1.25724
1.25954
1.2617
1.26372
1.26558
1.26725
1.26873
1.26997
1.27099
1.27176
1.2723
1.27261
1.27272
1.27265
1.27243
1.2721
1.2717
1.27124
1.27076
1.27025
1.2697
1.26909
1.26837
1.26749
1.26635
1.26489
1.26301
1.26067
1.25793
1.25495
1.25203
1.24959
1.248
1.24752
1.2482
1.24986
1.25226
1.25512
1.25822
1.26138
1.26447
1.26739
1.27005
1.2724
1.27441
1.27605
1.27733
1.27824
1.27882
1.27909
1.2791
1.27891
1.27858
1.27815
1.27763
1.27701
1.27623
1.27522
1.27389
1.27219
1.27007
1.26757
1.26476
1.26182
1.25905
1.2568
1.25544
1.25522
1.25623
1.25835
1.26131
1.26478
1.26847
1.27216
1.27569
1.27891
1.28174
1.28405
1.28574
1.28668
1.2867
1.2856
1.28312
1.279
1.27309
1.26569
1.25781
1.25128
1.2481
1.24922
1.2538
1.25972
1.26486
1.26794
1.26866
1.26735
1.26473
1.26161
1.25872
1.2566
1.25548
1.25537
1.25611
1.25744
1.25909
1.2608
1.26237
1.26368
1.26469
1.26549
1.2662
1.26698
1.26794
1.26913
1.27048
1.27189
1.27323
1.27436
1.27521
1.27572
1.27588
1.27575
1.27539
1.27492
1.27446
1.27413
1.27404
1.2742
1.27454
1.27488
1.27493
1.27434
1.27275
1.26989
1.26574
1.26072
1.25577
1.25221
1.25121
1.25317
1.25746
1.2629
1.26831
1.27294
1.2765
1.27902
1.28066
1.28159
1.28199
1.28195
1.28155
1.28084
1.27984
1.27861
1.2772
1.27571
1.27429
1.27309
1.27228
1.27202
1.27239
1.27339
1.27494
1.27689
1.27905
1.28122
1.2832
1.28485
1.28604
1.28668
1.28672
1.28616
1.28506
1.28351
1.28169
1.2798
1.27805
1.2766
1.27547
1.27458
1.27367
1.27239
1.27041
1.26746
1.26348
1.25861
1.2533
1.24828
1.24452
1.24312
1.24496
1.25022
1.2582
1.26751
1.27674
1.28485
1.29138
1.29627
1.29971
1.30195
1.30327
1.30389
1.304
1.30374
1.30322
1.30254
1.30175
1.30092
1.30008
1.29926
1.29851
1.29785
1.29731
1.29694
1.29675
1.29676
1.29699
1.2974
1.29795
1.29853
1.29903
1.29928
1.2991
1.2983
1.29669
1.2941
1.29046
1.28583
1.28045
1.2748
1.26955
1.26546
1.26314
1.26298
1.26494
1.26869
1.27362
1.27903
1.28425
1.28876
1.29226
1.29463
1.29593
1.29632
1.29601
1.29522
1.29418
1.29311
1.29224
1.29179
1.29192
1.29268
1.29401
1.29569
1.29751
1.29925
1.30085
1.30237
1.304
1.30598
1.30843
1.31135
1.31455
1.31774
1.32064
1.32302
1.32477
1.32589
1.32645
1.32659
1.32642
1.32605
1.32548
1.32468
1.32355
1.32198
1.31996
1.3176
1.31522
1.31324
1.31213
1.31218
1.31342
1.3156
1.31831
1.32117
1.32388
1.3263
1.3284
1.33018
1.33168
1.3329
1.33384
1.33445
1.33467
1.33441
1.33358
1.33214
1.33006
1.32739
1.32423
1.32074
1.31713
1.31361
1.31034
1.30737
1.30464
1.30193
1.29889
1.29516
1.29047
1.28477
1.27845
1.2723
1.26746
1.26498
1.26542
1.26863
1.27385
1.28005
1.28636
1.2922
1.29733
1.30173
1.30552
1.30882
1.31176
1.31442
1.31683
1.319
1.32091
1.32252
1.32381
1.32477
1.32538
1.32563
1.32551
1.32502
1.32414
1.32285
1.32114
1.31905
1.31665
1.31409
1.31158
1.30939
1.30776
1.30686
1.30672
1.30721
1.30808
1.30904
1.30984
1.31025
1.31019
1.3096
1.30852
1.30701
1.30518
1.30306
1.30066
1.29787
1.29445
1.29007
1.28437
1.27711
1.26846
1.25914
1.25047
1.24404
1.2411
1.24207
1.24651
1.25342
1.26155
1.26973
1.27704
1.28286
1.28698
1.28941
1.29037
1.29008
1.28865
1.28608
1.28235
1.27767
1.27273
1.26875
1.26707
1.26835
1.27218
1.27729
1.28226
1.28613
1.28849
1.28935
1.28896
1.28763
1.28565
1.28329
1.28076
1.27824
1.27586
1.27371
1.27184
1.27031
1.26913
1.26834
1.26797
1.26807
1.26869
1.26984
1.27149
1.2736
1.27603
1.27866
1.28136
1.28401
1.28651
1.28879
1.29081
1.29256
1.29401
1.29518
1.29608
1.29671
1.2971
1.29729
1.29732
1.29722
1.29706
1.29687
1.2967
1.29655
1.29642
1.29627
1.29605
1.2957
1.29523
1.29465
1.29407
1.29361
1.29338
1.29344
1.2937
1.29399
1.29406
1.29368
1.29268
1.29101
1.28876
1.28611
1.28331
1.28063
1.27834
1.27668
1.2759
1.27619
1.27765
1.28025
1.28383
1.28814
1.29284
1.29764
1.30226
1.3065
1.31021
1.31326
1.31552
1.31689
1.31727
1.3166
1.31493
1.31246
1.30945
1.30626
1.30317
1.30035
1.29791
1.29596
1.29469
1.29427
1.29474
1.29589
1.29737
1.29879
1.29987
1.30051
1.30076
1.30079
1.30084
1.30115
1.3019
1.30319
1.30499
1.30717
1.30957
1.312
1.3143
1.31635
1.31809
1.31945
1.32042
1.32098
1.32114
1.3209
1.32027
1.31928
1.31795
1.31626
1.31422
1.31176
1.30882
1.3053
1.30113
1.29631
1.29092
1.28524
1.27975
1.27502
1.27156
1.26969
1.26937
1.2703
1.27207
1.27428
1.27664
1.27892
1.28099
1.28273
1.28402
1.28478
1.28497
1.28457
1.28361
1.28219
1.28043
1.2785
1.27658
1.27485
1.27344
1.27241
1.27176
1.27144
1.27135
1.27138
1.27143
1.27143
1.27131
1.27107
1.27068
1.27016
1.26952
1.26879
1.26799
1.26716
1.26632
1.26549
1.26471
1.264
1.26335
1.26278
1.26229
1.26188
1.26152
1.26122
1.26096
1.26073
1.26051
1.2603
1.26009
1.25987
1.25964
1.25938
1.25911
1.25881
1.25849
1.25814
1.25776
1.25736
1.25692
1.25646
1.25597
1.25546
1.25492
1.25435
1.25376
1.25316
1.25254
1.25191
1.25128
1.25067
1.25009
1.24955
1.24906
1.24864
1.2483
1.24803
1.24785
1.24774
1.24772
1.24777
1.2479
1.24811
1.24841
1.2488
1.24928
1.24986
1.25052
1.25126
1.25207
1.25293
1.25384
1.2548
1.25581
1.25687
1.25797
1.25908
1.26017
1.26121
1.26214
1.26292
1.26347
1.26371
1.26346
1.26249
1.26047
1.25704
1.25201
1.24565
1.23903
1.23394
1.23214
1.23426
1.23928
1.24531
1.25066
1.25443
1.25642
1.25678
1.25582
1.25391
1.25145
1.24887
1.24659
1.24496
1.24426
1.24462
1.24603
1.24842
1.2516
1.25535
1.2594
1.26349
1.26737
1.27083
1.27368
1.27578
1.27703
1.27744
1.27703
1.27593
1.2743
1.27233
1.27023
1.26822
1.26648
1.26524
1.2647
1.26498
1.26611
1.26791
1.27001
1.27194
1.27329
1.2738
1.27343
1.27236
1.27091
1.26949
1.26848
1.26812
1.26849
1.26951
1.27095
1.27254
1.27407
1.27533
1.2762
1.27663
1.27658
1.27603
1.275
1.27347
1.2715
1.26915
1.26655
1.2639
1.26145
1.25949
1.25828
1.25801
1.25875
1.26047
1.26303
1.26623
1.26982
1.27359
1.27733
1.28086
1.28407
1.28686
1.28919
1.29104
1.29242
1.29334
1.29382
1.29392
1.29367
1.29314
1.29238
1.2915
1.29058
1.28973
1.28903
1.28857
1.28839
1.28851
1.28889
1.28949
1.29023
1.29106
1.29192
1.29281
1.29373
1.29475
1.29589
1.29721
1.2987
1.30029
1.3019
1.30338
1.30459
1.30542
1.3058
1.30573
1.30528
1.30457
1.30372
1.30282
1.3019
1.30087
1.29957
1.29786
1.2956
1.29281
1.28964
1.28637
1.28342
1.28121
1.28013
1.28044
1.28222
1.28537
1.28964
1.29469
1.30011
1.30557
1.31076
1.3155
1.31966
1.3232
1.32614
1.32849
1.33032
1.33166
1.33257
1.33309
1.33326
1.33311
1.33266
1.33193
1.33093
1.32965
1.32808
1.32622
1.32404
1.32154
1.31873
1.31561
1.31224
1.30865
1.30491
1.30109
1.29725
1.29343
1.28963
1.28583
1.28212
1.27874
1.27623
1.27523
1.27613
1.2788
1.28262
1.28673
1.29048
1.29353
1.29587
1.29768
1.29917
1.30051
1.30178
1.30298
1.30404
1.30486
1.30534
1.30544
1.30512
1.30443
1.30345
1.30229
1.30107
1.29992
1.29891
1.29807
1.29736
1.29669
1.29591
1.29486
1.29339
1.29135
1.28867
1.28531
1.28134
1.27689
1.27217
1.26749
1.26325
1.25986
1.25768
1.25687
1.25728
1.25854
1.26019
1.26187
1.26339
1.26472
1.26596
1.26721
1.26855
1.27004
1.27169
1.27347
1.27532
1.27717
1.27896
1.2806
1.28204
1.28324
1.28414
1.28472
1.28494
1.28476
1.28417
1.28314
1.2817
1.27987
1.27769
1.27521
1.27251
1.26966
1.26682
1.26425
1.26233
1.26143
1.26182
1.26349
1.26611
1.26917
1.27214
1.27464
1.27644
1.27747
1.27777
1.27744
1.27661
1.27536
1.27376
1.27184
1.26957
1.26692
1.26388
1.26055
1.25718
1.25419
1.25213
1.25147
1.25247
1.25502
1.2587
1.26289
1.26698
1.27045
1.27302
1.27453
1.27499
1.27447
1.2731
1.27102
1.26839
1.26535
1.26208
1.25869
1.25529
1.2519
1.24849
1.245
1.24145
1.23796
1.23479
1.23233
1.23098
1.23101
1.23247
1.23513
1.23861
1.24245
1.24622
1.24962
1.25244
1.25462
1.25615
1.2571
1.25753
1.25753
1.25718
1.25657
1.25573
1.25473
1.2536
1.25237
1.25105
1.24965
1.24819
1.24667
1.24509
1.24348
1.24185
1.24024
1.2387
1.23728
1.23607
1.23517
1.23468
1.23468
1.23522
1.23628
1.23777
1.23956
1.24146
1.24332
1.24497
1.2463
1.24723
1.24772
1.24779
1.24749
1.24694
1.24629
1.24573
1.24545
1.24557
1.24606
1.24677
1.24739
1.24748
1.24662
1.24443
1.24072
1.23564
1.22978
1.22422
1.22018
1.21861
1.21974
1.22302
1.22758
1.23257
1.23738
1.24167
1.24523
1.24796
1.24982
1.25083
1.25105
1.25061
1.24968
1.24845
1.24711
1.24586
1.24481
1.24406
1.24365
1.24356
1.24377
1.24422
1.24487
1.24568
1.24661
1.24761
1.24864
1.24968
1.25067
1.25158
1.2524
1.25308
1.25363
1.25402
1.25426
1.25437
1.25436
1.25427
1.25412
1.25394
1.25376
1.25362
1.25351
1.25346
1.25346
1.2535
1.25356
1.25361
1.25363
1.25357
1.25338
1.25303
1.25244
1.25155
1.25027
1.24851
1.24616
1.24317
1.23949
1.23522
1.23062
1.22613
1.22239
1.22001
1.21935
1.22035
1.22255
1.22524
1.22775
1.2296
1.23055
1.23058
1.22983
1.22854
1.227
1.22553
1.22441
1.22387
1.22404
1.22495
1.22652
1.22858
1.23094
1.23339
1.23576
1.23792
1.23978
1.24131
1.24252
1.24341
1.24402
1.24437
1.24451
1.24447
1.24429
1.24399
1.24361
1.24317
1.24272
1.24226
1.24183
1.24145
1.24113
1.24087
1.24068
1.24055
1.24047
1.24043
1.2404
1.24036
1.24029
1.24016
1.23998
1.23972
1.23939
1.23898
1.23853
1.23804
1.23755
1.23709
1.23668
1.23635
1.23611
1.23595
1.23587
1.23581
1.23574
1.23558
1.23525
1.23469
1.23383
1.23262
1.23111
1.2294
1.22768
1.22621
1.22527
1.22503
1.22554
1.22672
1.22838
1.23032
1.23236
1.23441
1.23641
1.23835
1.24022
1.24202
1.24372
1.2453
1.24673
1.24799
1.24905
1.24987
1.25044
1.25071
1.25065
1.2502
1.2493
1.24787
1.24586
1.24327
1.24018
1.23682
1.23357
1.23094
1.22945
1.22939
1.23075
1.2332
1.23622
1.2393
1.24205
1.24426
1.24586
1.24686
1.24736
1.24743
1.24719
1.24673
1.24612
1.24544
1.24474
1.24406
1.24343
1.24284
1.24229
1.24177
1.24124
1.24069
1.24011
1.23951
1.23891
1.23834
1.23785
1.23748
1.23727
1.23724
1.23741
1.23776
1.23825
1.23885
1.2395
1.24018
1.24083
1.24144
1.24198
1.24246
1.24286
1.24318
1.24343
1.2436
1.24369
1.2437
1.2436
1.24339
1.24304
1.24252
1.24181
1.24089
1.23974
1.23835
1.23676
1.23499
1.23315
1.23132
1.22964
1.22822
1.22716
1.22652
1.22631
1.22652
1.22711
1.22806
1.22932
1.23088
1.2327
1.23476
1.237
1.23936
1.24179
1.2442
1.24654
1.24871
1.25066
1.25227
1.25345
1.25404
1.25387
1.25273
1.25039
1.24673
1.24185
1.23628
1.23106
1.22757
1.2269
1.22929
1.23392
1.23947
1.24476
1.24908
1.25223
1.25432
1.25561
1.25635
1.2568
1.25717
1.2576
1.25819
1.25902
1.2601
1.2614
1.26289
1.26448
1.26607
1.26758
1.2689
1.26998
1.27075
1.27118
1.27126
1.27101
1.27046
1.26967
1.26872
1.26768
1.26666
1.26571
1.26488
1.26417
1.26357
1.26306
1.26261
1.26224
1.26195
1.26177
1.26171
1.26172
1.26173
1.26163
1.26132
1.26074
1.25992
1.25897
1.2581
1.25756
1.25761
1.2584
1.25995
1.26214
1.26471
1.2674
1.26993
1.27213
1.27388
1.27514
1.27589
1.27615
1.27593
1.27522
1.27407
1.27258
1.2709
1.26928
1.26802
1.2674
1.26757
1.26854
1.27011
1.27198
1.27377
1.27519
1.27598
1.27597
1.27506
1.27324
1.27053
1.26705
1.26301
1.25871
1.25455
1.25096
1.24836
1.24705
1.24716
1.24861
1.25116
1.25449
1.25825
1.26213
1.26587
1.26929
1.27224
1.27464
1.27644
1.27764
1.27826
1.27836
1.27804
1.27744
1.27671
1.27602
1.27548
1.27516
1.27506
1.27508
1.27507
1.27486
1.27426
1.27312
1.27134
1.26889
1.26583
1.26234
1.25873
1.2554
1.25275
1.25113
1.25066
1.25128
1.25272
1.25464
1.25668
1.2586
1.26024
1.26161
1.26275
1.26378
1.2648
1.26586
1.26699
1.26815
1.26933
1.2705
1.27165
1.27282
1.27403
1.27529
1.2766
1.27789
1.27909
1.28006
1.28064
1.28064
1.27987
1.2781
1.27517
1.27103
1.26582
1.25997
1.25421
1.2493
1.24579
1.24368
1.2425
1.24166
1.24081
1.24003
1.23974
1.24042
1.24229
1.24518
1.24855
1.2518
1.25435
1.25586
1.2562
1.2554
1.25362
1.25107
1.24796
1.24453
1.24102
1.23772
1.23491
1.23295
1.23214
1.23273
1.2348
1.23818
1.24251
1.24731
1.25205
1.25633
1.25986
1.26249
1.26419
1.26502
1.26508
1.26447
1.26332
1.26173
1.25979
1.25755
1.25509
1.25245
1.24969
1.24691
1.2442
1.24169
1.2395
1.23773
1.23645
1.23564
1.23526
1.23521
1.23537
1.23561
1.23584
1.23599
1.23601
1.23591
1.23568
1.23536
1.23497
1.23456
1.23415
1.23378
1.23344
1.23315
1.23291
1.2327
1.2325
