-0.0318394
-0.0318468
-0.0318595
-0.0318775
-0.0319008
-0.0319293
-0.0319631
-0.0320021
-0.0320464
-0.0320959
-0.0321508
-0.0322109
-0.0322764
-0.0323472
-0.0324282
-0.0325195
-0.0326118
-0.0327096
-0.0328299
-0.0329514
-0.0330861
-0.0332221
-0.0333618
-0.0335054
-0.0336624
-0.0338163
-0.0340051
-0.0341865
-0.0343722
-0.0345624
-0.0347644
-0.034971
-0.0351776
-0.035401
-0.0356272
-0.0358491
-0.0360905
-0.0363399
-0.036595
-0.0368513
-0.0371185
-0.0373945
-0.0376698
-0.0379638
-0.0382529
-0.0385564
-0.0388722
-0.0392172
-0.0395491
-0.0398917
-0.0402527
-0.0406204
-0.0410048
-0.0413991
-0.0417991
-0.0422122
-0.0426485
-0.0430894
-0.0435569
-0.0440395
-0.0445308
-0.0450456
-0.0455704
-0.0461223
-0.0466832
-0.0472704
-0.0478729
-0.0484914
-0.0491316
-0.0498016
-0.0504929
-0.0512066
-0.0519486
-0.0527177
-0.0535082
-0.0543284
-0.05518
-0.0560738
-0.0569926
-0.0579452
-0.0589525
-0.0599951
-0.0610798
-0.0622041
-0.0633726
-0.0645808
-0.0658479
-0.0671695
-0.0685486
-0.069993
-0.071506
-0.0730766
-0.0747249
-0.0764379
-0.0782335
-0.0801106
-0.0820753
-0.0841264
-0.0862719
-0.0885078
-0.0908459
-0.0932808
-0.0958106
-0.0984434
-0.101171
-0.103986
-0.106879
-0.109837
-0.112847
-0.115859
-0.11884
-0.12173
-0.124475
-0.12697
-0.1291
-0.130749
-0.131745
-0.13194
-0.131187
-0.12942
-0.126627
-0.12299
-0.118883
-0.114883
-0.111702
-0.110051
-0.110447
-0.113072
-0.11774
-0.123966
-0.131102
-0.138384
-0.14514
-0.150817
-0.155088
-0.157895
-0.159525
-0.16055
-0.161761
-0.163978
-0.167783
-0.173351
-0.180363
-0.188126
-0.195818
-0.202682
-0.208183
-0.212028
-0.214188
-0.21479
-0.214129
-0.21259
-0.210551
-0.208377
-0.206297
-0.204419
-0.202732
-0.201158
-0.199639
-0.198087
-0.19648
-0.194778
-0.192988
-0.1912
-0.189629
-0.188658
-0.188705
-0.190165
-0.193207
-0.197775
-0.20365
-0.210484
-0.217871
-0.225394
-0.232619
-0.239181
-0.244735
-0.249025
-0.251933
-0.253458
-0.253703
-0.252892
-0.251344
-0.249442
-0.247589
-0.246158
-0.245471
-0.245715
-0.246951
-0.249113
-0.251992
-0.25534
-0.258854
-0.262271
-0.265352
-0.267982
-0.270082
-0.271654
-0.272799
-0.273642
-0.274319
-0.27494
-0.275579
-0.276229
-0.276865
-0.277428
-0.277868
-0.278191
-0.278427
-0.278643
-0.278896
-0.279248
-0.279729
-0.280322
-0.281006
-0.281732
-0.282469
-0.28319
-0.283933
-0.284715
-0.285589
-0.286616
-0.287831
-0.289264
-0.290936
-0.292789
-0.294783
-0.296838
-0.298872
-0.300796
-0.302519
-0.303965
-0.305063
-0.30575
-0.305982
-0.305726
-0.30497
-0.303741
-0.302117
-0.300238
-0.298288
-0.296525
-0.295172
-0.294467
-0.29452
-0.295318
-0.296693
-0.298372
-0.30005
-0.301385
-0.302111
-0.302008
-0.30094
-0.298895
-0.295977
-0.292444
-0.288722
-0.28538
-0.283069
-0.282388
-0.283759
-0.287263
-0.292604
-0.299165
-0.306183
-0.312817
-0.318332
-0.32211
-0.323628
-0.322534
-0.318688
-0.312327
-0.304302
-0.296141
-0.289865
-0.287355
-0.2895
-0.295806
-0.304625
-0.313989
-0.322213
-0.328238
-0.331532
-0.331954
-0.329592
-0.32466
-0.317549
-0.308815
-0.299195
-0.289557
-0.280831
-0.273857
-0.269255
-0.267397
-0.268359
-0.271926
-0.277613
-0.284642
-0.292207
-0.299562
-0.30618
-0.311787
-0.316347
-0.319949
-0.322749
-0.32493
-0.326639
-0.327992
-0.329088
-0.32999
-0.330765
-0.331496
-0.332212
-0.332925
-0.333657
-0.334413
-0.335176
-0.335932
-0.33665
-0.337289
-0.33779
-0.338095
-0.338116
-0.337752
-0.33691
-0.335464
-0.333281
-0.330225
-0.326176
-0.321009
-0.314699
-0.307388
-0.299447
-0.291571
-0.284719
-0.279911
-0.277882
-0.278756
-0.282005
-0.286668
-0.29171
-0.296335
-0.300055
-0.302717
-0.304386
-0.305242
-0.305544
-0.305534
-0.30544
-0.305443
-0.305624
-0.306004
-0.306533
-0.307098
-0.307528
-0.307704
-0.307531
-0.307022
-0.306339
-0.305701
-0.305405
-0.30569
-0.306663
-0.308276
-0.310329
-0.312585
-0.314807
-0.316795
-0.318472
-0.319766
-0.320707
-0.321303
-0.321554
-0.321493
-0.321122
-0.320444
-0.319479
-0.31827
-0.316878
-0.315353
-0.313801
-0.312313
-0.31099
-0.309917
-0.309114
-0.308605
-0.30835
-0.30827
-0.30822
-0.308047
-0.30755
-0.30653
-0.304722
-0.301898
-0.297799
-0.29223
-0.285048
-0.276294
-0.266224
-0.255425
-0.244833
-0.235635
-0.229068
-0.22606
-0.226922
-0.231318
-0.238417
-0.247239
-0.25688
-0.266599
-0.275827
-0.284134
-0.291202
-0.296899
-0.301242
-0.304376
-0.306509
-0.307884
-0.308714
-0.309117
-0.309131
-0.308742
-0.307855
-0.306388
-0.304229
-0.301322
-0.297653
-0.29327
-0.288362
-0.283213
-0.278209
-0.273808
-0.270359
-0.268043
-0.266824
-0.266485
-0.266753
-0.267452
-0.268527
-0.27002
-0.271951
-0.274265
-0.276783
-0.279207
-0.281234
-0.282616
-0.283161
-0.282807
-0.281572
-0.279565
-0.276984
-0.27408
-0.27118
-0.268624
-0.266724
-0.265706
-0.265683
-0.266638
-0.268387
-0.270694
-0.273306
-0.275992
-0.278593
-0.280984
-0.283121
-0.28499
-0.286597
-0.287987
-0.289186
-0.290217
-0.291131
-0.291952
-0.292689
-0.29336
-0.293968
-0.294513
-0.294991
-0.295394
-0.295726
-0.295958
-0.296088
-0.296109
-0.296035
-0.295855
-0.295562
-0.295191
-0.294767
-0.294305
-0.293874
-0.293492
-0.293207
-0.293037
-0.292998
-0.293073
-0.293225
-0.293395
-0.293513
-0.293476
-0.293244
-0.292743
-0.291955
-0.290892
-0.289592
-0.288141
-0.28664
-0.285227
-0.28403
-0.283193
-0.28287
-0.283154
-0.284167
-0.285958
-0.288516
-0.291744
-0.29544
-0.299353
-0.303185
-0.306661
-0.309578
-0.311813
-0.313309
-0.314125
-0.314341
-0.314076
-0.313485
-0.31266
-0.311708
-0.310681
-0.309629
-0.308594
-0.307622
-0.306779
-0.306132
-0.305735
-0.30562
-0.305757
-0.306111
-0.306589
-0.30711
-0.307617
-0.308099
-0.308607
-0.309229
-0.310123
-0.311404
-0.313177
-0.315456
-0.318177
-0.321196
-0.324319
-0.327374
-0.330187
-0.332613
-0.334601
-0.336101
-0.337138
-0.33776
-0.338045
-0.338043
-0.337828
-0.337456
-0.336928
-0.336212
-0.335203
-0.333804
-0.331855
-0.329268
-0.326022
-0.322292
-0.318449
-0.315042
-0.312701
-0.311939
-0.312948
-0.315517
-0.319077
-0.322937
-0.326354
-0.328746
-0.329692
-0.32899
-0.326575
-0.322609
-0.317387
-0.311392
-0.305236
-0.299623
-0.295263
-0.292779
-0.292579
-0.294793
-0.299218
-0.305356
-0.312504
-0.319897
-0.326849
-0.332793
-0.337344
-0.340269
-0.34146
-0.340886
-0.33865
-0.334903
-0.329922
-0.324107
-0.317905
-0.311783
-0.306107
-0.301056
-0.296611
-0.292651
-0.289167
-0.286366
-0.284747
-0.284928
-0.287384
-0.292166
-0.298801
-0.306469
-0.314179
-0.321103
-0.32664
-0.330453
-0.332414
-0.332543
-0.330984
-0.327999
-0.323993
-0.319489
-0.315086
-0.311346
-0.308706
-0.307305
-0.30704
-0.307541
-0.308375
-0.309121
-0.309415
-0.309004
-0.307711
-0.305468
-0.302269
-0.29827
-0.293773
-0.289215
-0.285098
-0.281887
-0.279845
-0.279004
-0.279113
-0.2798
-0.280714
-0.28158
-0.282242
-0.282695
-0.282974
-0.283151
-0.283257
-0.283305
-0.283292
-0.28317
-0.282888
-0.282417
-0.281725
-0.280832
-0.279784
-0.278628
-0.277495
-0.276484
-0.275726
-0.275321
-0.275362
-0.275906
-0.276978
-0.278557
-0.280584
-0.282951
-0.285565
-0.288307
-0.291083
-0.293806
-0.296427
-0.29889
-0.301147
-0.30317
-0.304912
-0.306345
-0.307395
-0.307959
-0.307915
-0.30709
-0.305288
-0.302263
-0.297794
-0.2917
-0.283991
-0.274976
-0.265442
-0.256696
-0.250317
-0.247506
-0.248453
-0.252051
-0.256436
-0.259767
-0.260853
-0.259442
-0.256144
-0.252251
-0.249406
-0.24905
-0.251909
-0.257747
-0.265634
-0.274433
-0.283239
-0.291461
-0.298786
-0.305036
-0.310102
-0.313846
-0.316137
-0.316893
-0.315992
-0.313373
-0.309056
-0.303227
-0.296334
-0.289085
-0.282431
-0.277328
-0.27443
-0.273861
-0.27523
-0.277791
-0.280765
-0.283484
-0.285547
-0.286795
-0.287297
-0.287317
-0.287186
-0.287293
-0.28789
-0.289114
-0.290903
-0.293084
-0.295436
-0.297762
-0.299948
-0.301944
-0.303786
-0.305571
-0.307406
-0.309353
-0.31141
-0.313533
-0.315604
-0.317481
-0.319031
-0.320153
-0.320768
-0.320837
-0.32036
-0.319388
-0.317998
-0.316337
-0.314537
-0.312748
-0.311104
-0.309719
-0.308645
-0.307896
-0.307452
-0.307287
-0.307356
-0.30766
-0.308235
-0.30911
-0.310358
-0.312022
-0.314134
-0.316659
-0.319498
-0.322517
-0.325542
-0.328346
-0.330778
-0.332672
-0.333946
-0.334557
-0.334541
-0.334015
-0.333189
-0.332318
-0.331665
-0.331482
-0.331902
-0.332939
-0.334469
-0.336288
-0.338079
-0.339605
-0.340644
-0.341072
-0.340843
-0.340013
-0.338696
-0.337019
-0.335109
-0.333004
-0.330715
-0.328233
-0.325518
-0.322607
-0.319634
-0.316823
-0.314437
-0.312755
-0.312006
-0.312285
-0.313556
-0.31567
-0.318385
-0.321465
-0.324689
-0.327882
-0.330905
-0.333684
-0.336137
-0.338226
-0.339917
-0.341148
-0.34191
-0.342193
-0.342018
-0.341425
-0.340521
-0.339409
-0.338232
-0.337139
-0.336248
-0.335612
-0.335228
-0.335068
-0.335027
-0.334982
-0.334829
-0.334508
-0.333942
-0.333136
-0.332084
-0.330837
-0.329422
-0.327892
-0.326314
-0.324737
-0.323213
-0.321816
-0.320619
-0.319699
-0.319142
-0.319027
-0.319401
-0.320265
-0.321595
-0.323288
-0.325231
-0.327298
-0.329341
-0.33124
-0.332898
-0.334237
-0.335194
-0.335715
-0.335742
-0.335233
-0.334139
-0.332406
-0.329999
-0.326927
-0.323323
-0.31942
-0.315615
-0.312428
-0.310413
-0.30997
-0.311207
-0.313876
-0.317473
-0.321368
-0.325008
-0.32795
-0.329936
-0.33082
-0.330584
-0.329256
-0.326938
-0.323835
-0.320264
-0.316713
-0.313767
-0.312061
-0.312049
-0.313894
-0.317426
-0.322157
-0.327485
-0.332846
-0.33781
-0.342084
-0.345504
-0.347996
-0.34953
-0.350136
-0.349852
-0.348791
-0.347082
-0.344913
-0.342497
-0.340081
-0.337889
-0.336134
-0.334883
-0.334136
-0.333814
-0.333746
-0.333762
-0.333715
-0.333545
-0.333262
-0.332994
-0.332879
-0.333101
-0.333825
-0.335126
-0.336988
-0.339285
-0.341785
-0.344216
-0.346316
-0.347834
-0.348577
-0.348389
-0.347139
-0.34472
-0.341075
-0.336269
-0.330581
-0.324599
-0.319264
-0.315697
-0.314806
-0.316876
-0.321445
-0.327515
-0.333951
-0.339879
-0.344805
-0.348547
-0.351171
-0.352836
-0.35376
-0.354122
-0.354111
-0.353861
-0.353477
-0.353033
-0.352566
-0.352061
-0.351504
-0.350848
-0.350061
-0.349107
-0.348013
-0.346894
-0.34599
-0.345593
-0.346025
-0.347561
-0.350279
-0.354077
-0.358666
-0.363637
-0.368583
-0.373144
-0.377081
-0.380234
-0.382519
-0.383921
-0.384428
-0.384034
-0.382741
-0.380596
-0.377626
-0.373904
-0.369523
-0.364655
-0.359532
-0.354436
-0.349705
-0.345727
-0.342888
-0.341491
-0.341706
-0.343572
-0.346965
-0.351601
-0.357128
-0.363092
-0.369088
-0.37474
-0.379738
-0.383906
-0.387119
-0.38936
-0.39069
-0.391247
-0.391246
-0.390937
-0.390579
-0.390466
-0.390811
-0.39178
-0.393423
-0.395717
-0.398562
-0.401855
-0.40548
-0.409355
-0.413337
-0.417242
-0.4208
-0.423706
-0.425645
-0.426379
-0.425809
-0.423994
-0.421199
-0.417858
-0.414507
-0.411623
-0.409459
-0.407898
-0.406478
-0.404519
-0.401382
-0.396567
-0.389941
-0.381819
-0.373111
-0.365245
-0.359991
-0.358784
-0.362095
-0.369132
-0.378188
-0.387362
-0.395205
-0.400973
-0.404515
-0.406131
-0.406297
-0.405524
-0.404265
-0.402905
-0.401737
-0.400922
-0.400565
-0.400637
-0.401073
-0.401736
-0.40251
-0.403318
-0.404116
-0.404922
-0.405752
-0.406657
-0.407678
-0.4089
-0.410333
-0.411971
-0.41379
-0.415731
-0.41771
-0.419657
-0.421493
-0.423151
-0.424576
-0.425745
-0.426639
-0.427256
-0.427624
-0.427778
-0.427734
-0.427548
-0.427254
-0.426903
-0.42654
-0.426212
-0.425964
-0.425823
-0.425835
-0.425997
-0.426313
-0.426741
-0.4272
-0.427592
-0.427741
-0.427423
-0.426338
-0.424101
-0.420306
-0.414565
-0.406679
-0.396937
-0.386294
-0.376457
-0.369428
-0.366598
-0.368039
-0.372616
-0.378717
-0.385043
-0.390932
-0.39623
-0.401085
-0.405747
-0.410407
-0.415106
-0.419631
-0.42364
-0.42669
-0.42837
-0.428447
-0.426962
-0.424312
-0.421259
-0.418726
-0.41746
-0.417596
-0.418448
-0.418674
-0.416661
-0.411062
-0.401352
-0.388477
-0.375271
-0.365886
-0.363572
-0.368532
-0.378012
-0.388409
-0.397312
-0.403939
-0.408551
-0.411834
-0.414465
-0.416956
-0.419593
-0.422494
-0.425622
-0.428851
-0.432012
-0.434955
-0.437507
-0.43955
-0.440977
-0.441692
-0.441619
-0.440657
-0.438731
-0.435756
-0.431618
-0.42624
-0.419621
-0.411834
-0.403073
-0.3938
-0.384669
-0.376571
-0.370419
-0.366979
-0.366656
-0.369395
-0.374727
-0.381898
-0.39011
-0.398582
-0.406711
-0.413995
-0.420109
-0.424855
-0.428072
-0.429618
-0.42935
-0.427098
-0.422721
-0.4162
-0.407853
-0.398543
-0.389766
-0.383424
-0.38106
-0.383073
-0.388517
-0.395662
-0.402858
-0.409022
-0.413656
-0.416715
-0.418299
-0.418595
-0.417719
-0.415769
-0.412796
-0.408874
-0.404158
-0.398907
-0.393523
-0.388466
-0.384161
-0.380881
-0.37862
-0.377173
-0.37619
-0.37527
-0.374091
-0.372327
-0.369784
-0.366354
-0.362136
-0.357474
-0.352972
-0.349385
-0.347398
-0.347378
-0.349349
-0.353007
-0.357828
-0.363245
-0.368762
-0.37399
-0.378641
-0.382567
-0.385702
-0.388082
-0.389753
-0.390811
-0.391359
-0.391505
-0.391344
-0.390964
-0.390435
-0.389829
-0.389182
-0.388525
-0.387899
-0.38732
-0.386807
-0.386377
-0.38604
-0.385785
-0.385587
-0.385393
-0.385121
-0.384679
-0.383982
-0.38296
-0.381538
-0.379725
-0.377551
-0.375136
-0.372637
-0.370303
-0.368359
-0.367041
-0.366511
-0.366791
-0.367797
-0.369301
-0.371048
-0.372739
-0.374126
-0.374975
-0.375041
-0.374081
-0.371968
-0.368709
-0.364757
-0.361101
-0.359116
-0.360021
-0.364237
-0.371084
-0.379154
-0.386945
-0.393386
-0.397957
-0.400527
-0.401222
-0.400213
-0.397723
-0.393916
-0.389024
-0.383266
-0.376979
-0.370541
-0.364371
-0.358831
-0.354089
-0.350114
-0.346651
-0.34331
-0.339829
-0.336212
-0.332959
-0.331052
-0.33167
-0.335651
-0.343012
-0.352866
-0.363791
-0.374408
-0.38379
-0.391457
-0.397327
-0.401505
-0.404221
-0.405665
-0.405975
-0.405244
-0.403431
-0.400418
-0.396068
-0.390284
-0.383261
-0.37562
-0.36856
-0.363611
-0.362013
-0.364065
-0.368886
-0.374861
-0.380357
-0.384226
-0.38588
-0.385192
-0.382293
-0.377442
-0.371028
-0.363563
-0.355619
-0.347901
-0.341154
-0.336024
-0.332973
-0.332229
-0.333769
-0.337328
-0.342483
-0.348718
-0.355445
-0.36208
-0.368164
-0.373324
-0.377361
-0.380238
-0.381977
-0.382699
-0.382543
-0.381669
-0.380258
-0.378455
-0.376415
-0.374235
-0.372022
-0.369847
-0.367746
-0.365698
-0.363689
-0.361709
-0.359735
-0.357829
-0.356166
-0.354993
-0.35468
-0.355554
-0.357755
-0.361219
-0.36557
-0.370315
-0.374905
-0.378931
-0.382082
-0.384248
-0.385441
-0.38573
-0.385262
-0.384221
-0.382823
-0.381275
-0.379814
-0.378648
-0.377923
-0.377725
-0.378039
-0.378749
-0.37968
-0.380663
-0.38157
-0.382351
-0.38305
-0.383772
-0.384652
-0.385781
-0.387194
-0.388816
-0.390483
-0.39196
-0.39301
-0.393386
-0.392946
-0.391624
-0.389456
-0.386571
-0.38318
-0.379538
-0.375889
-0.372448
-0.369418
-0.366921
-0.365034
-0.363787
-0.363214
-0.363315
-0.364017
-0.365281
-0.367022
-0.369166
-0.37168
-0.374496
-0.377597
-0.380902
-0.384353
-0.387891
-0.391463
-0.394993
-0.3984
-0.401568
-0.404367
-0.40666
-0.408281
-0.409089
-0.408949
-0.407757
-0.405469
-0.402117
-0.397906
-0.393177
-0.388473
-0.384396
-0.381454
-0.379888
-0.37961
-0.380265
-0.381377
-0.382568
-0.383605
-0.384392
-0.384923
-0.385231
-0.385361
-0.385308
-0.385091
-0.384725
-0.384221
-0.383675
-0.383213
-0.383003
-0.383199
-0.383966
-0.385402
-0.38752
-0.390198
-0.393278
-0.396529
-0.399729
-0.402672
-0.405228
-0.407335
-0.408959
-0.410138
-0.41093
-0.411399
-0.411623
-0.411655
-0.411563
-0.411393
-0.411161
-0.410884
-0.410579
-0.410245
-0.409874
-0.4095
-0.409109
-0.408757
-0.408469
-0.408323
-0.408375
-0.408682
-0.409275
-0.410192
-0.411416
-0.412905
-0.414617
-0.416446
-0.418304
-0.420066
-0.421611
-0.422817
-0.423537
-0.423655
-0.423052
-0.421639
-0.419364
-0.416245
-0.412394
-0.408047
-0.403546
-0.399363
-0.396013
-0.394017
-0.393764
-0.395437
-0.398932
-0.40386
-0.409643
-0.415692
-0.421432
-0.426444
-0.430499
-0.43347
-0.435394
-0.436374
-0.436566
-0.436158
-0.435327
-0.434212
-0.432929
-0.431573
-0.4302
-0.428829
-0.427458
-0.426078
-0.424698
-0.423326
-0.422
-0.420785
-0.419782
-0.419108
-0.418853
-0.419071
-0.419808
-0.421018
-0.422617
-0.42448
-0.426474
-0.428453
-0.430283
-0.431859
-0.43312
-0.433996
-0.434474
-0.434528
-0.434184
-0.433455
-0.432369
-0.430986
-0.429369
-0.427612
-0.425819
-0.424138
-0.422723
-0.421693
-0.421152
-0.42115
-0.421598
-0.422416
-0.423442
-0.424514
-0.425477
-0.426221
-0.42668
-0.426791
-0.426531
-0.425915
-0.424954
-0.423662
-0.422046
-0.420133
-0.417963
-0.415591
-0.413126
-0.410684
-0.408405
-0.406465
-0.405033
-0.404231
-0.404132
-0.404705
-0.405855
-0.407414
-0.409239
-0.411165
-0.413093
-0.414929
-0.416642
-0.41824
-0.419706
-0.421047
-0.422261
-0.423322
-0.424189
-0.424858
-0.425276
-0.425474
-0.425467
-0.425296
-0.425049
-0.424802
-0.424682
-0.424783
-0.425184
-0.425939
-0.427061
-0.428525
-0.430285
-0.432256
-0.434362
-0.436498
-0.438606
-0.440633
-0.442541
-0.444293
-0.445857
-0.447228
-0.448385
-0.449307
-0.449949
-0.450326
-0.450447
-0.450318
-0.450014
-0.4496
-0.449168
-0.448842
-0.448715
-0.448875
-0.449392
-0.45026
-0.451466
-0.452939
-0.454601
-0.45637
-0.458202
-0.460042
-0.461894
-0.463771
-0.465656
-0.467579
-0.469546
-0.471551
-0.47357
-0.47556
-0.477456
-0.479171
-0.48062
-0.481735
-0.482435
-0.482672
-0.482421
-0.481683
-0.480491
-0.478908
-0.477011
-0.47492
-0.472735
-0.470579
-0.468591
-0.466913
-0.465678
-0.464979
-0.464899
-0.46546
-0.466649
-0.468406
-0.470645
-0.47323
-0.476024
-0.478882
-0.481627
-0.484098
-0.486134
-0.487563
-0.488257
-0.488103
-0.487071
-0.485201
-0.482607
-0.479441
-0.475836
-0.471848
-0.467389
-0.462291
-0.456373
-0.449621
-0.44224
-0.434726
-0.427718
-0.421804
-0.417263
-0.414079
-0.412029
-0.411011
-0.411263
-0.413304
-0.417615
-0.424209
-0.432601
-0.441839
-0.450908
-0.458986
-0.465564
-0.470503
-0.473855
-0.475801
-0.476568
-0.476404
-0.47549
-0.473976
-0.471961
-0.469513
-0.466626
-0.463228
-0.459246
-0.454543
-0.449004
-0.442571
-0.435357
-0.427711
-0.420317
-0.41411
-0.409983
-0.408459
-0.409413
-0.412071
-0.41538
-0.418289
-0.419979
-0.419922
-0.41778
-0.413339
-0.406513
-0.397415
-0.386519
-0.374807
-0.363824
-0.355375
-0.350966
-0.351243
-0.355822
-0.363477
-0.372711
-0.382175
-0.390899
-0.398353
-0.404393
-0.409132
-0.412767
-0.415536
-0.41764
-0.419221
-0.420399
-0.421246
-0.421812
-0.422133
-0.422246
-0.422189
-0.421967
-0.421603
-0.421101
-0.420482
-0.41973
-0.418832
-0.417755
-0.416481
-0.414973
-0.413243
-0.41131
-0.40922
-0.40709
-0.405035
-0.403127
-0.401364
-0.399615
-0.397514
-0.394488
-0.389801
-0.382631
-0.372509
-0.359908
-0.347061
-0.338011
-0.336952
-0.345396
-0.360955
-0.379191
-0.396313
-0.410436
-0.421242
-0.42916
-0.434819
-0.438812
-0.441617
-0.443584
-0.444959
-0.44592
-0.446589
-0.447039
-0.447351
-0.447562
-0.447671
-0.447726
-0.447735
-0.447723
-0.447692
-0.447636
-0.447574
-0.447513
-0.44745
-0.447407
-0.447387
-0.447408
-0.447509
-0.447724
-0.448126
-0.448784
-0.449824
-0.451301
-0.453279
-0.455773
-0.458751
-0.462134
-0.465801
-0.469616
-0.473398
-0.476982
-0.480178
-0.482809
-0.484692
-0.485669
-0.48561
-0.484449
-0.482154
-0.478789
-0.474496
-0.469501
-0.464101
-0.458633
-0.453522
-0.449148
-0.445885
-0.444018
-0.443733
-0.445098
-0.448059
-0.452469
-0.458075
-0.464561
-0.471551
-0.478709
-0.485669
-0.492186
-0.498057
-0.503161
-0.507421
-0.51083
-0.513402
-0.515155
-0.516114
-0.516324
-0.515855
-0.51476
-0.513144
-0.51108
-0.508629
-0.505832
-0.5027
-0.499229
-0.495382
-0.491133
-0.486487
-0.481484
-0.476213
-0.470836
-0.465543
-0.460602
-0.456282
-0.452806
-0.450327
-0.448879
-0.448371
-0.448629
-0.449459
-0.450758
-0.45249
-0.454726
-0.45755
-0.460983
-0.464876
-0.468934
-0.472764
-0.47597
-0.478178
-0.479139
-0.478685
-0.47679
-0.473529
-0.469145
-0.464028
-0.45865
-0.453575
-0.44935
-0.446403
-0.444947
-0.445007
-0.446403
-0.448813
-0.451855
-0.455134
-0.458336
-0.461224
-0.463662
-0.46562
-0.467134
-0.468258
-0.469089
-0.469727
-0.470279
-0.470852
-0.471529
-0.472404
-0.473504
-0.47481
-0.476258
-0.477735
-0.479044
-0.479993
-0.480347
-0.47993
-0.478619
-0.476362
-0.473302
-0.469705
-0.466033
-0.462906
-0.460957
-0.460798
-0.462789
-0.466982
-0.473058
-0.480414
-0.488295
-0.495975
-0.502895
-0.508683
-0.513177
-0.516336
-0.518249
-0.519075
-0.518974
-0.518164
-0.516875
-0.515339
-0.513772
-0.51237
-0.511269
-0.510602
-0.510407
-0.510698
-0.511376
-0.512198
-0.51274
-0.512291
-0.510019
-0.505054
-0.497037
-0.486769
-0.476802
-0.470794
-0.47148
-0.478588
-0.489069
-0.499322
-0.507141
-0.512001
-0.514385
-0.515127
-0.514954
-0.514379
-0.513625
-0.512775
-0.51187
-0.511028
-0.510494
-0.510665
-0.511891
-0.514296
-0.517627
-0.521272
-0.524453
-0.526473
-0.526986
-0.526085
-0.524355
-0.522663
-0.521897
-0.52262
-0.524836
-0.528088
-0.531596
-0.534592
-0.536492
-0.537019
-0.536141
-0.534031
-0.530944
-0.527111
-0.522679
-0.517651
-0.511854
-0.505026
-0.496916
-0.487451
-0.476979
-0.466395
-0.457028
-0.450242
-0.446784
-0.446355
-0.447787
-0.449683
-0.451122
-0.451979
-0.452782
-0.45433
-0.457185
-0.461362
-0.466345
-0.471369
-0.475722
-0.478967
-0.48088
-0.481484
-0.480863
-0.479174
-0.476524
-0.473067
-0.468887
-0.46406
-0.458634
-0.452715
-0.446373
-0.439774
-0.433072
-0.426513
-0.420325
-0.41479
-0.410146
-0.40658
-0.404176
-0.402898
-0.402611
-0.403082
-0.404035
-0.405177
-0.40628
-0.407187
-0.407786
-0.408047
-0.407978
-0.407617
-0.407001
-0.406204
-0.405276
-0.404268
-0.403233
-0.4022
-0.401201
-0.400266
-0.399403
-0.39863
-0.397949
-0.397385
-0.396915
-0.396559
-0.396326
-0.396201
-0.396189
-0.396287
-0.396505
-0.39683
-0.397257
-0.397786
-0.398402
-0.399117
-0.399926
-0.400789
-0.401706
-0.402641
-0.403565
-0.404426
-0.405119
-0.405552
-0.405594
-0.40508
-0.403837
-0.4017
-0.398608
-0.394644
-0.390136
-0.385732
-0.382244
-0.380448
-0.380683
-0.382663
-0.385576
-0.388388
-0.390207
-0.390529
-0.38923
-0.386573
-0.383056
-0.379299
-0.375904
-0.373307
-0.371756
-0.371295
-0.371794
-0.37303
-0.374715
-0.376561
-0.378307
-0.37977
-0.380878
-0.381659
-0.38223
-0.382793
-0.383562
-0.384716
-0.386398
-0.388676
-0.39156
-0.394963
-0.398791
-0.402886
-0.407076
-0.411172
-0.415009
-0.418421
-0.421311
-0.42358
-0.425204
-0.426158
-0.426429
-0.426057
-0.425083
-0.423585
-0.42163
-0.419306
-0.416712
-0.413918
-0.411023
-0.408126
-0.405286
-0.402601
-0.400143
-0.397971
-0.39615
-0.394748
-0.393844
-0.393506
-0.393734
-0.394453
-0.395436
-0.39639
-0.397028
-0.397255
-0.397242
-0.397404
-0.398288
-0.400257
-0.403268
-0.406861
-0.410324
-0.412974
-0.414325
-0.414219
-0.412744
-0.410179
-0.406894
-0.403292
-0.399898
-0.397418
-0.396625
-0.398135
-0.402063
-0.407761
-0.414119
-0.419904
-0.42423
-0.426669
-0.427196
-0.426125
-0.424015
-0.421464
-0.419033
-0.417149
-0.415969
-0.415375
-0.415059
-0.414591
-0.413553
-0.411587
-0.408452
-0.404051
-0.398443
-0.391926
-0.385029
-0.378525
-0.373281
-0.370037
-0.369183
-0.370607
-0.373743
-0.377828
-0.382096
-0.386022
-0.389272
-0.391731
-0.393452
-0.394545
-0.395157
-0.395459
-0.395577
-0.395624
-0.395673
-0.39577
-0.395932
-0.396166
-0.396472
-0.396812
-0.397162
-0.397518
-0.397855
-0.39816
-0.398423
-0.398656
-0.398857
-0.39903
-0.399185
-0.399333
-0.399475
-0.399604
-0.399727
-0.399802
-0.399802
-0.39969
-0.399399
-0.398899
-0.398131
-0.397081
-0.395759
-0.394228
-0.392622
-0.391126
-0.389974
-0.389385
-0.389531
-0.390478
-0.392162
-0.394423
-0.397014
-0.399696
-0.402253
-0.404507
-0.406385
-0.407807
-0.408779
-0.409336
-0.409537
-0.409464
-0.409195
-0.408835
-0.408506
-0.408291
-0.408284
-0.408519
-0.409036
-0.409806
-0.410772
-0.411857
-0.413007
-0.414122
-0.415138
-0.415992
-0.41662
-0.417028
-0.417185
-0.417102
-0.416783
-0.416246
-0.41553
-0.414679
-0.413748
-0.412789
-0.411864
-0.411035
-0.410355
-0.409846
-0.409546
-0.409464
-0.409624
-0.410012
-0.410635
-0.411513
-0.41264
-0.414024
-0.415674
-0.417569
-0.419675
-0.422008
-0.424492
-0.42707
-0.429668
-0.432186
-0.434515
-0.43644
-0.437656
-0.437737
-0.436089
-0.431916
-0.424361
-0.412873
-0.397945
-0.382149
-0.370169
-0.366589
-0.372464
-0.384314
-0.396897
-0.40637
-0.411319
-0.412061
-0.409798
-0.406145
-0.402807
-0.401222
-0.402233
-0.405785
-0.411136
-0.417172
-0.42286
-0.427503
-0.430762
-0.432607
-0.433224
-0.43291
-0.432015
-0.430881
-0.429796
-0.42896
-0.42844
-0.428165
-0.427996
-0.427779
-0.427421
-0.426935
-0.426458
-0.426199
-0.426406
-0.427311
-0.429034
-0.431586
-0.434836
-0.438555
-0.442506
-0.446451
-0.450187
-0.453574
-0.456503
-0.458911
-0.460783
-0.462081
-0.462783
-0.462843
-0.462223
-0.460858
-0.458688
-0.455625
-0.451611
-0.446614
-0.440724
-0.434112
-0.427158
-0.420414
-0.414567
-0.410317
-0.408192
-0.408395
-0.410718
-0.41458
-0.419244
-0.423978
-0.428242
-0.431745
-0.434425
-0.436419
-0.437979
-0.439388
-0.440869
-0.442514
-0.444299
-0.446119
-0.447825
-0.449301
-0.450452
-0.451235
-0.451666
-0.451734
-0.451446
-0.450764
-0.449569
-0.447752
-0.445145
-0.441626
-0.437127
-0.431747
-0.425866
-0.420076
-0.415169
-0.411896
-0.410711
-0.411571
-0.414028
-0.417424
-0.421132
-0.424728
-0.428041
-0.431016
-0.433716
-0.436204
-0.438528
-0.440687
-0.442641
-0.444353
-0.445788
-0.44693
-0.447784
-0.448383
-0.448722
-0.448835
-0.44872
-0.448369
-0.447774
-0.446908
-0.445751
-0.4443
-0.442578
-0.440614
-0.438483
-0.436268
-0.434106
-0.432109
-0.430389
-0.429034
-0.428108
-0.427584
-0.427385
-0.427408
-0.427532
-0.427649
-0.427691
-0.427582
-0.427335
-0.426951
-0.426494
-0.425977
-0.425478
-0.425013
-0.424611
-0.424293
-0.424078
-0.423928
-0.423835
-0.423738
-0.423552
-0.423164
-0.422474
-0.42138
-0.419817
-0.417769
-0.415332
-0.412646
-0.409922
-0.407384
-0.405198
-0.403451
-0.402076
-0.400955
-0.399898
-0.398791
-0.397611
-0.396445
-0.395488
-0.394981
-0.395194
-0.396318
-0.39843
-0.401477
-0.405275
-0.409538
-0.413949
-0.41819
-0.422031
-0.425276
-0.42781
-0.429556
-0.430447
-0.430423
-0.429401
-0.427288
-0.423976
-0.41936
-0.413358
-0.40594
-0.397308
-0.387938
-0.378757
-0.371239
-0.367065
-0.367458
-0.37252
-0.381013
-0.391032
-0.400773
-0.409037
-0.415389
-0.419809
-0.422609
-0.42414
-0.424781
-0.424864
-0.424657
-0.424367
-0.424141
-0.424082
-0.424225
-0.424582
-0.425121
-0.425816
-0.426571
-0.427338
-0.428049
-0.428628
-0.429028
-0.429222
-0.429152
-0.428864
-0.428372
-0.427681
-0.426844
-0.42589
-0.424848
-0.423741
-0.422579
-0.421376
-0.420197
-0.419099
-0.418167
-0.417504
-0.417195
-0.41728
-0.417758
-0.418559
-0.419565
-0.42066
-0.421686
-0.422537
-0.423142
-0.423506
-0.423669
-0.423755
-0.423911
-0.424262
-0.424899
-0.425837
-0.426985
-0.428202
-0.42931
-0.430124
-0.430527
-0.430424
-0.429791
-0.428662
-0.427098
-0.425184
-0.422981
-0.420556
-0.417969
-0.415247
-0.412447
-0.409561
-0.406674
-0.403813
-0.401083
-0.398606
-0.396526
-0.394977
-0.394085
-0.393933
-0.394532
-0.39581
-0.397633
-0.399823
-0.402149
-0.404418
-0.406484
-0.408244
-0.409638
-0.410644
-0.411291
-0.411592
-0.411568
-0.411258
-0.410681
-0.409841
-0.408718
-0.407303
-0.40556
-0.403451
-0.400944
-0.397995
-0.394591
-0.390756
-0.386582
-0.382242
-0.377962
-0.374058
-0.370808
-0.368397
-0.366851
-0.366022
-0.36561
-0.365271
-0.364661
-0.363496
-0.361618
-0.358957
-0.355544
-0.351505
-0.34706
-0.342479
-0.338154
-0.334473
-0.331822
-0.330484
-0.330585
-0.332066
-0.334684
-0.338087
-0.341897
-0.345759
-0.34935
-0.352432
-0.354792
-0.356254
-0.356612
-0.35572
-0.353407
-0.349592
-0.344364
-0.338158
-0.331798
-0.326465
-0.323374
-0.323282
-0.326087
-0.330936
-0.336624
-0.342085
-0.346625
-0.349995
-0.35221
-0.353401
-0.35381
-0.353638
-0.353077
-0.352262
-0.351305
-0.350298
-0.349298
-0.348373
-0.347557
-0.346866
-0.346313
-0.345906
-0.345648
-0.345549
-0.345577
-0.345739
-0.346016
-0.346404
-0.346859
-0.347386
-0.34798
-0.348627
-0.349324
-0.350071
-0.350867
-0.351742
-0.352692
-0.353739
-0.354885
-0.356147
-0.357547
-0.359065
-0.360711
-0.362429
-0.364199
-0.365953
-0.367588
-0.368951
-0.369852
-0.370065
-0.369278
-0.367159
-0.36335
-0.357527
-0.349486
-0.339272
-0.327361
-0.314693
-0.302648
-0.292721
-0.286106
-0.283316
-0.284152
-0.287918
-0.293827
-0.301158
-0.309259
-0.317447
-0.32505
-0.331421
-0.336062
-0.338697
-0.339332
-0.338312
-0.336423
-0.33485
-0.334866
-0.33743
-0.342686
-0.349994
-0.358269
-0.366481
-0.37395
-0.380403
-0.3858
-0.390249
-0.393889
-0.396824
-0.399163
-0.400955
-0.402293
-0.403234
-0.403854
-0.404235
-0.404461
-0.404592
-0.404684
-0.404784
-0.404914
-0.405082
-0.40525
-0.4054
-0.405484
-0.405441
-0.405196
-0.404702
-0.403917
-0.402796
-0.40132
-0.399505
-0.397368
-0.394977
-0.392409
-0.389775
-0.387201
-0.384864
-0.382954
-0.38166
-0.381186
-0.381684
-0.383227
-0.385773
-0.389169
-0.393166
-0.397486
-0.401852
-0.406046
-0.409937
-0.41347
-0.416648
-0.419556
-0.422244
-0.42478
-0.427177
-0.42944
-0.431528
-0.433422
-0.435095
-0.436613
-0.438045
-0.439548
-0.441295
-0.44344
-0.446105
-0.449299
-0.452957
-0.456888
-0.460882
-0.464703
-0.468159
-0.471063
-0.473308
-0.47478
-0.475389
-0.475068
-0.47373
-0.471306
-0.467746
-0.463043
-0.457284
-0.450688
-0.443651
-0.436783
-0.43082
-0.426532
-0.424521
-0.425029
-0.427859
-0.432398
-0.437843
-0.443373
-0.448382
-0.452511
-0.455643
-0.457777
-0.45896
-0.459222
-0.458566
-0.457045
-0.454924
-0.452699
-0.451087
-0.450874
-0.452527
-0.456059
-0.46098
-0.466488
-0.471822
-0.476424
-0.479987
-0.482428
-0.483808
-0.484242
-0.483868
-0.482821
-0.481221
-0.479167
-0.476739
-0.474011
-0.471033
-0.467866
-0.464564
-0.461199
-0.457831
-0.454567
-0.451464
-0.44857
-0.445873
-0.443368
-0.440994
-0.438738
-0.436588
-0.434575
-0.432755
-0.431198
-0.429965
-0.429105
-0.428653
-0.428623
-0.429025
-0.429835
-0.430996
-0.432398
-0.433826
-0.435006
-0.435642
-0.435422
-0.434077
-0.431451
-0.427482
-0.422296
-0.416184
-0.409636
-0.403321
-0.39803
-0.394583
-0.393679
-0.395703
-0.400512
-0.407501
-0.415688
-0.424057
-0.431774
-0.438308
-0.44343
-0.44715
-0.449614
-0.451024
-0.451586
-0.451512
-0.450966
-0.45012
-0.449123
-0.448139
-0.447289
-0.446721
-0.446573
-0.44691
-0.447769
-0.449096
-0.450743
-0.452553
-0.454344
-0.455923
-0.457111
-0.457765
-0.457826
-0.457286
-0.456198
-0.454748
-0.453168
-0.451758
-0.450755
-0.450289
-0.4503
-0.450523
-0.450552
-0.449967
-0.448433
-0.445797
-0.442142
-0.437819
-0.433435
-0.429747
-0.427493
-0.427248
-0.429207
-0.433175
-0.438636
-0.444917
-0.451377
-0.457536
-0.463107
-0.467958
-0.472028
-0.475368
-0.477986
-0.479827
-0.480777
-0.480663
-0.479331
-0.476662
-0.472751
-0.468002
-0.463115
-0.458956
-0.456266
-0.455308
-0.455806
-0.457117
-0.458591
-0.4598
-0.46073
-0.461631
-0.462893
-0.464887
-0.467832
-0.471807
-0.476706
-0.48232
-0.48836
-0.494534
-0.500566
-0.506248
-0.511397
-0.515911
-0.519693
-0.522738
-0.525008
-0.526512
-0.52726
-0.527245
-0.52648
-0.524972
-0.522741
-0.519794
-0.516208
-0.512075
-0.50757
-0.502978
-0.498698
-0.495206
-0.492949
-0.492256
-0.493109
-0.495186
-0.497796
-0.500151
-0.501447
-0.501062
-0.498675
-0.494294
-0.488366
-0.481713
-0.475289
-0.469877
-0.465808
-0.462907
-0.460824
-0.459366
-0.458749
-0.459409
-0.461668
-0.465242
-0.469245
-0.472475
-0.473921
-0.473164
-0.470548
-0.467008
-0.463777
-0.461905
-0.462057
-0.464328
-0.468372
-0.473561
-0.479176
-0.484575
-0.489271
-0.493003
-0.495657
-0.49729
-0.498001
-0.497958
-0.497279
-0.496122
-0.494584
-0.492717
-0.490559
-0.488125
-0.485401
-0.482402
-0.479176
-0.475845
-0.472635
-0.469834
-0.467694
-0.466419
-0.466068
-0.46652
-0.467486
-0.468623
-0.469558
-0.470015
-0.469781
-0.468708
-0.466697
-0.463677
-0.459601
-0.454365
-0.447931
-0.440356
-0.431808
-0.422723
-0.413844
-0.406119
-0.400495
-0.397533
-0.39721
-0.398931
-0.401793
-0.404931
-0.407726
-0.409873
-0.411296
-0.412049
-0.412264
-0.412064
-0.411599
-0.410941
-0.410179
-0.409345
-0.408456
-0.407473
-0.406403
-0.405191
-0.403822
-0.402271
-0.400527
-0.398615
-0.396594
-0.39453
-0.392501
-0.390567
-0.388777
-0.387153
-0.385702
-0.38441
-0.38325
-0.382209
-0.381281
-0.380475
-0.379808
-0.379293
-0.378955
-0.378775
-0.378719
-0.378732
-0.378746
-0.378697
-0.378533
-0.378209
-0.37772
-0.377057
-0.376259
-0.375379
-0.374448
-0.373528
-0.372687
-0.371981
-0.371477
-0.371248
-0.371363
-0.371862
-0.372761
-0.374044
-0.375648
-0.377479
-0.379457
-0.38147
-0.383443
-0.385303
-0.387027
-0.388585
-0.389959
-0.39115
-0.392134
-0.392889
-0.393394
-0.393602
-0.39345
-0.392905
-0.391911
-0.390465
-0.388587
-0.38635
-0.38387
-0.381332
-0.378969
-0.376986
-0.375533
-0.374682
-0.374397
-0.374547
-0.374961
-0.375483
-0.376046
-0.376632
-0.377305
-0.378145
-0.379201
-0.380462
-0.381821
-0.383133
-0.384221
-0.384933
-0.38516
-0.384888
-0.384207
-0.383339
-0.382555
-0.382217
-0.382621
-0.383981
-0.386292
-0.389413
-0.393012
-0.396713
-0.400099
-0.402797
-0.404446
-0.404728
-0.403369
-0.400197
-0.395179
-0.388548
-0.380903
-0.373195
-0.366541
-0.361901
-0.359773
-0.360141
-0.362654
-0.366855
-0.37232
-0.378614
-0.385244
-0.391696
-0.397545
-0.4025
-0.406418
-0.409287
-0.411127
-0.412037
-0.412078
-0.411291
-0.409663
-0.40717
-0.403729
-0.399263
-0.39371
-0.387026
-0.379339
-0.370962
-0.362421
-0.354482
-0.347988
-0.343726
-0.342191
-0.343473
-0.347294
-0.353107
-0.360219
-0.367967
-0.375766
-0.383125
-0.389667
-0.395138
-0.399368
-0.402233
-0.403643
-0.40351
-0.40174
-0.398236
-0.39305
-0.386496
-0.379403
-0.373181
-0.369537
-0.369838
-0.374368
-0.382139
-0.39144
-0.400638
-0.408632
-0.414936
-0.419469
-0.422349
-0.423752
-0.423783
-0.422502
-0.419868
-0.415852
-0.410516
-0.404083
-0.397059
-0.390227
-0.38454
-0.380812
-0.379503
-0.380578
-0.383619
-0.388072
-0.393412
-0.39919
-0.405096
-0.410835
-0.416267
-0.421324
-0.425984
-0.430234
-0.434097
-0.437531
-0.440427
-0.442629
-0.44398
-0.444377
-0.443745
-0.442147
-0.439777
-0.436969
-0.434169
-0.431774
-0.430137
-0.429407
-0.429583
-0.430527
-0.432065
-0.434013
-0.436293
-0.438876
-0.441786
-0.445033
-0.448581
-0.452283
-0.455963
-0.459441
-0.462615
-0.465417
-0.467847
-0.469933
-0.471669
-0.473016
-0.473912
-0.474296
-0.474129
-0.473476
-0.472475
-0.47137
-0.470456
-0.470014
-0.470251
-0.471231
-0.472838
-0.474811
-0.476762
-0.478235
-0.478801
-0.478084
-0.475889
-0.472189
-0.467313
-0.461894
-0.456786
-0.452945
-0.451107
-0.451602
-0.454228
-0.4584
-0.463403
-0.468544
-0.473324
-0.477452
-0.48078
-0.483278
-0.48497
-0.485919
-0.486226
-0.485972
-0.485232
-0.48406
-0.482478
-0.480426
-0.47782
-0.474507
-0.470308
-0.465062
-0.458675
-0.451172
-0.442662
-0.433394
-0.423589
-0.413379
-0.402772
-0.391699
-0.380348
-0.369322
-0.359902
-0.353816
-0.352562
-0.35675
-0.365723
-0.377927
-0.391579
-0.405153
-0.41764
-0.428436
-0.437314
-0.444263
-0.449383
-0.452852
-0.454893
-0.455738
-0.455588
-0.454656
-0.453137
-0.451229
-0.449053
-0.446776
-0.444522
-0.442373
-0.440409
-0.438643
-0.437103
-0.435804
-0.434759
-0.433918
-0.433293
-0.432839
-0.432488
-0.432168
-0.431771
-0.431193
-0.430327
-0.429077
-0.427388
-0.425251
-0.42268
-0.419783
-0.416657
-0.413466
-0.410336
-0.407427
-0.404793
-0.402467
-0.400453
-0.398737
-0.397339
-0.396297
-0.395702
-0.39562
-0.396096
-0.3971
-0.39856
-0.400345
-0.402309
-0.404328
-0.406292
-0.408117
-0.409795
-0.411308
-0.412662
-0.413896
-0.415038
-0.416142
-0.41727
-0.418467
-0.419773
-0.421203
-0.422767
-0.424435
-0.42613
-0.427786
-0.429257
-0.430412
-0.431091
-0.431134
-0.430371
-0.428661
-0.425876
-0.421973
-0.416922
-0.410797
-0.403754
-0.396049
-0.388213
-0.381123
-0.375967
-0.373936
-0.37577
-0.381305
-0.389519
-0.398997
-0.40836
-0.416553
-0.422933
-0.427195
-0.429287
-0.429299
-0.427467
-0.424046
-0.419383
-0.413878
-0.408002
-0.402252
-0.397066
-0.392682
-0.389114
-0.386054
-0.382993
-0.379368
-0.374896
-0.369818
-0.365053
-0.362008
-0.361957
-0.365345
-0.371558
-0.379294
-0.38726
-0.394583
-0.40092
-0.406304
-0.410924
-0.414999
-0.418707
-0.422145
-0.425379
-0.428405
-0.4312
-0.433723
-0.435929
-0.437797
-0.43932
-0.440473
-0.44127
-0.441739
-0.441896
-0.441791
-0.441458
-0.440965
-0.440347
-0.43967
-0.438944
-0.438179
-0.43737
-0.436451
-0.435366
-0.434045
-0.432348
-0.430152
-0.427326
-0.423831
-0.419719
-0.415244
-0.410854
-0.407178
-0.404797
-0.404088
-0.405097
-0.407594
-0.411187
-0.415482
-0.42013
-0.424875
-0.429515
-0.433895
-0.437891
-0.441414
-0.444414
-0.446891
-0.44881
-0.450177
-0.45104
-0.451437
-0.451457
-0.45118
-0.450685
-0.450043
-0.449269
-0.448334
-0.447159
-0.445644
-0.443658
-0.4411
-0.437936
-0.434173
-0.429955
-0.42556
-0.421409
-0.418032
-0.41598
-0.415658
-0.417181
-0.420364
-0.424803
-0.430002
-0.435549
-0.441089
-0.446373
-0.451215
-0.45544
-0.458908
-0.461437
-0.46284
-0.462872
-0.461213
-0.457493
-0.451296
-0.442443
-0.431337
-0.419521
-0.409726
-0.404949
-0.406631
-0.413505
-0.422374
-0.430084
-0.434711
-0.435788
-0.433824
-0.429899
-0.425215
-0.420896
-0.417709
-0.416043
-0.41589
-0.417
-0.418989
-0.421463
-0.424041
-0.426396
-0.42836
-0.429883
-0.431077
-0.43215
-0.433316
-0.434754
-0.436519
-0.438545
-0.440669
-0.442682
-0.444383
-0.445652
-0.446409
-0.446664
-0.446461
-0.445927
-0.445217
-0.444526
-0.444039
-0.443898
-0.444138
-0.444653
-0.445162
-0.445245
-0.444367
-0.441971
-0.437686
-0.431477
-0.423945
-0.416517
-0.41117
-0.409664
-0.412601
-0.41905
-0.427205
-0.435329
-0.442281
-0.447625
-0.451401
-0.453849
-0.455253
-0.455841
-0.455784
-0.45518
-0.45411
-0.452609
-0.450757
-0.448644
-0.446413
-0.444271
-0.442467
-0.441248
-0.440858
-0.441406
-0.442904
-0.445227
-0.44815
-0.45139
-0.454645
-0.457619
-0.460086
-0.46187
-0.462822
-0.462884
-0.462055
-0.460396
-0.458084
-0.455356
-0.452522
-0.449878
-0.447698
-0.446007
-0.444672
-0.443306
-0.441389
-0.438415
-0.434001
-0.428027
-0.420725
-0.412757
-0.405216
-0.399585
-0.397487
-0.400242
-0.408139
-0.420102
-0.434094
-0.447921
-0.460101
-0.46989
-0.477223
-0.482377
-0.485754
-0.487735
-0.488663
-0.488826
-0.488426
-0.487659
-0.48663
-0.485461
-0.484209
-0.482957
-0.481732
-0.480597
-0.479606
-0.478805
-0.478239
-0.477945
-0.477968
-0.478309
-0.478933
-0.479744
-0.480622
-0.481369
-0.481747
-0.481484
-0.480292
-0.477863
-0.473978
-0.468522
-0.461562
-0.453488
-0.445021
-0.437161
-0.431022
-0.42756
-0.427309
-0.430267
-0.435888
-0.443278
-0.451388
-0.459213
-0.465992
-0.471236
-0.4748
-0.476747
-0.47733
-0.476862
-0.475685
-0.474125
-0.472523
-0.471235
-0.470559
-0.470756
-0.471896
-0.473879
-0.47641
-0.479127
-0.48174
-0.484141
-0.486422
-0.488871
-0.491834
-0.495513
-0.499889
-0.504683
-0.509473
-0.513839
-0.517403
-0.520024
-0.521712
-0.522564
-0.522753
-0.522511
-0.521943
-0.521095
-0.519893
-0.51819
-0.515838
-0.512809
-0.509279
-0.5057
-0.502732
-0.50107
-0.501155
-0.503021
-0.506279
-0.510347
-0.51463
-0.518697
-0.522336
-0.525474
-0.528158
-0.530403
-0.532242
-0.533654
-0.534577
-0.534898
-0.534501
-0.533258
-0.531104
-0.527988
-0.52399
-0.519242
-0.514011
-0.508594
-0.503313
-0.498405
-0.493959
-0.489867
-0.485787
-0.481234
-0.475634
-0.46859
-0.460051
-0.450553
-0.441342
-0.434081
-0.430358
-0.431019
-0.435838
-0.443661
-0.452966
-0.462417
-0.47118
-0.478874
-0.485477
-0.491149
-0.496098
-0.500503
-0.504489
-0.508114
-0.511381
-0.514234
-0.516662
-0.518606
-0.520045
-0.520953
-0.521334
-0.521171
-0.520443
-0.519112
-0.517162
-0.514603
-0.511474
-0.507878
-0.504045
-0.500276
-0.496988
-0.494544
-0.493195
-0.492981
-0.493707
-0.495013
-0.496462
-0.49765
-0.498276
-0.498175
-0.497298
-0.495673
-0.493422
-0.490664
-0.487499
-0.483901
-0.479718
-0.474597
-0.468029
-0.45947
-0.448594
-0.435615
-0.421624
-0.408623
-0.398989
-0.394565
-0.39603
-0.402704
-0.413059
-0.425266
-0.437538
-0.448498
-0.457234
-0.463407
-0.467056
-0.468507
-0.468066
-0.465927
-0.462072
-0.456477
-0.449456
-0.442031
-0.436064
-0.433532
-0.435463
-0.441209
-0.448872
-0.456331
-0.462135
-0.465662
-0.46696
-0.466386
-0.464388
-0.461424
-0.457882
-0.454095
-0.450317
-0.446752
-0.44352
-0.440724
-0.438431
-0.436658
-0.435467
-0.434909
-0.435061
-0.435981
-0.437706
-0.440196
-0.443343
-0.447006
-0.450969
-0.455024
-0.458993
-0.462745
-0.466163
-0.469206
-0.471836
-0.474012
-0.475768
-0.477122
-0.47806
-0.478656
-0.478945
-0.478983
-0.478838
-0.478606
-0.47833
-0.478059
-0.477849
-0.477652
-0.477423
-0.477082
-0.476579
-0.475867
-0.475012
-0.474146
-0.473453
-0.473126
-0.473206
-0.473598
-0.474044
-0.474164
-0.473595
-0.472089
-0.46959
-0.466212
-0.46224
-0.458051
-0.454039
-0.450604
-0.448127
-0.446955
-0.44739
-0.449574
-0.453472
-0.458848
-0.46531
-0.472371
-0.479554
-0.486485
-0.492843
-0.498408
-0.502977
-0.506377
-0.508431
-0.508992
-0.507977
-0.505486
-0.501768
-0.497266
-0.492466
-0.487837
-0.483613
-0.479953
-0.477042
-0.47513
-0.474499
-0.475198
-0.47693
-0.479158
-0.481287
-0.482912
-0.483878
-0.484252
-0.484304
-0.484373
-0.484826
-0.485957
-0.487896
-0.490592
-0.493872
-0.497477
-0.501099
-0.504552
-0.507644
-0.510241
-0.512291
-0.513738
-0.514568
-0.514797
-0.514441
-0.513504
-0.512029
-0.510027
-0.507502
-0.504427
-0.500732
-0.496318
-0.491039
-0.484797
-0.477562
-0.46948
-0.460977
-0.452746
-0.445642
-0.44046
-0.437654
-0.437177
-0.438568
-0.441211
-0.444531
-0.448062
-0.451491
-0.454598
-0.457196
-0.459124
-0.460286
-0.460562
-0.459968
-0.458535
-0.456397
-0.453761
-0.450863
-0.447996
-0.445401
-0.443272
-0.441728
-0.440762
-0.440278
-0.440136
-0.440178
-0.440247
-0.440245
-0.440073
-0.439705
-0.439121
-0.438343
-0.437383
-0.436278
-0.435076
-0.433826
-0.43255
-0.431318
-0.430153
-0.429072
-0.428099
-0.427234
-0.426495
-0.42587
-0.425335
-0.424878
-0.424484
-0.424135
-0.423815
-0.423492
-0.423187
-0.422848
-0.422493
-0.422116
-0.42171
-0.421267
-0.420786
-0.420255
-0.419682
-0.419076
-0.418434
-0.417737
-0.41701
-0.416241
-0.415427
-0.414579
-0.413689
-0.412775
-0.411843
-0.410903
-0.40997
-0.409056
-0.408177
-0.40736
-0.40663
-0.405997
-0.405479
-0.405076
-0.404801
-0.404645
-0.4046
-0.404673
-0.404866
-0.40518
-0.405625
-0.406205
-0.406941
-0.407802
-0.408792
-0.409907
-0.411111
-0.412403
-0.413764
-0.415207
-0.41672
-0.418308
-0.419956
-0.421618
-0.423251
-0.424806
-0.4262
-0.427362
-0.428204
-0.428557
-0.428187
-0.426724
-0.423695
-0.418551
-0.411
-0.401464
-0.391532
-0.383897
-0.381213
-0.384391
-0.391928
-0.400968
-0.408994
-0.414648
-0.417622
-0.418159
-0.41673
-0.413867
-0.410183
-0.406316
-0.402886
-0.400442
-0.399386
-0.399912
-0.402046
-0.405616
-0.410399
-0.416017
-0.422092
-0.428227
-0.434062
-0.439253
-0.443527
-0.446665
-0.448552
-0.44916
-0.448556
-0.446912
-0.444463
-0.441511
-0.438369
-0.435353
-0.432765
-0.43091
-0.430082
-0.430507
-0.432204
-0.434907
-0.438053
-0.440949
-0.442963
-0.443727
-0.443172
-0.441558
-0.439385
-0.437261
-0.435748
-0.435212
-0.435762
-0.437275
-0.439433
-0.441833
-0.444115
-0.446006
-0.447326
-0.44798
-0.447904
-0.447084
-0.445525
-0.443232
-0.440274
-0.43675
-0.432847
-0.428873
-0.425209
-0.422277
-0.420458
-0.420047
-0.42116
-0.423746
-0.427582
-0.432377
-0.437777
-0.443419
-0.449022
-0.454342
-0.459153
-0.463352
-0.466842
-0.469608
-0.471666
-0.47304
-0.473773
-0.473922
-0.473546
-0.472736
-0.471611
-0.470281
-0.468892
-0.467616
-0.46657
-0.465881
-0.465604
-0.465774
-0.466353
-0.467251
-0.468369
-0.469604
-0.470912
-0.47224
-0.473618
-0.475132
-0.476843
-0.478822
-0.481044
-0.48344
-0.485852
-0.488071
-0.489881
-0.491117
-0.491691
-0.491592
-0.490916
-0.489841
-0.488571
-0.487234
-0.485836
-0.484285
-0.482344
-0.47977
-0.476389
-0.472203
-0.467443
-0.46255
-0.45811
-0.454793
-0.453176
-0.453633
-0.456303
-0.461037
-0.46745
-0.475011
-0.483155
-0.491335
-0.499129
-0.506232
-0.512481
-0.5178
-0.522199
-0.525739
-0.528476
-0.530496
-0.531859
-0.532634
-0.532876
-0.53265
-0.531982
-0.530883
-0.529373
-0.527448
-0.525102
-0.522298
-0.519023
-0.515279
-0.511051
-0.506381
-0.501322
-0.495938
-0.490338
-0.484613
-0.478851
-0.473115
-0.467403
-0.461701
-0.456119
-0.451058
-0.4473
-0.445781
-0.447129
-0.451147
-0.456871
-0.463042
-0.468666
-0.473242
-0.476764
-0.479481
-0.48173
-0.483732
-0.485635
-0.487431
-0.489011
-0.490239
-0.490967
-0.491104
-0.490625
-0.489587
-0.488106
-0.486361
-0.484547
-0.48282
-0.481311
-0.480051
-0.478992
-0.477983
-0.476821
-0.47525
-0.473033
-0.469975
-0.465943
-0.460912
-0.454967
-0.448281
-0.441208
-0.434199
-0.427831
-0.422746
-0.419485
-0.418263
-0.418889
-0.420765
-0.423243
-0.425757
-0.428036
-0.430037
-0.431901
-0.433761
-0.435776
-0.43802
-0.440489
-0.443154
-0.445935
-0.448726
-0.451395
-0.453871
-0.456036
-0.457828
-0.459188
-0.460043
-0.460368
-0.460108
-0.459222
-0.457684
-0.455522
-0.452766
-0.449498
-0.445788
-0.441725
-0.437456
-0.433192
-0.429342
-0.426456
-0.425113
-0.425708
-0.428215
-0.432134
-0.436724
-0.4412
-0.444939
-0.447643
-0.449192
-0.449635
-0.449147
-0.447887
-0.44601
-0.443618
-0.440736
-0.437335
-0.433345
-0.428784
-0.423793
-0.41874
-0.41426
-0.41116
-0.410172
-0.411667
-0.415501
-0.421016
-0.427299
-0.433421
-0.438633
-0.442473
-0.444753
-0.445448
-0.44467
-0.442608
-0.439488
-0.435552
-0.430997
-0.426088
-0.421014
-0.415917
-0.410837
-0.405715
-0.400497
-0.395165
-0.38992
-0.385166
-0.381482
-0.379449
-0.379495
-0.381671
-0.385674
-0.390898
-0.396654
-0.402314
-0.407408
-0.411644
-0.414906
-0.417197
-0.418615
-0.419263
-0.419259
-0.418742
-0.417804
-0.416551
-0.415058
-0.413376
-0.411531
-0.409549
-0.407466
-0.405275
-0.402991
-0.400631
-0.398213
-0.395769
-0.393348
-0.39103
-0.388899
-0.387089
-0.385737
-0.384999
-0.385004
-0.385813
-0.387401
-0.389643
-0.392318
-0.395172
-0.39795
-0.400419
-0.402409
-0.403791
-0.404542
-0.404654
-0.404206
-0.403369
-0.402399
-0.401577
-0.401156
-0.401324
-0.40207
-0.403143
-0.404063
-0.404213
-0.402923
-0.399625
-0.39405
-0.386424
-0.37765
-0.3693
-0.36324
-0.360882
-0.362551
-0.367476
-0.374319
-0.381789
-0.389012
-0.395437
-0.400775
-0.404867
-0.407662
-0.409164
-0.409486
-0.40883
-0.407432
-0.405596
-0.403595
-0.401699
-0.400117
-0.398992
-0.398376
-0.39824
-0.39854
-0.399211
-0.400194
-0.401402
-0.402789
-0.404297
-0.405848
-0.407399
-0.408889
-0.410263
-0.411466
-0.412494
-0.413309
-0.413903
-0.414274
-0.414427
-0.414413
-0.414266
-0.414036
-0.413772
-0.413506
-0.413285
-0.413125
-0.41305
-0.413055
-0.41311
-0.413198
-0.413278
-0.413296
-0.413213
-0.412941
-0.412408
-0.411528
-0.410192
-0.408265
-0.405617
-0.402107
-0.397616
-0.392096
-0.385689
-0.378765
-0.37203
-0.366424
-0.362848
-0.361853
-0.363352
-0.366649
-0.370681
-0.374457
-0.377223
-0.378639
-0.37869
-0.377565
-0.375637
-0.373332
-0.371132
-0.369442
-0.368635
-0.368886
-0.370251
-0.372602
-0.375699
-0.379238
-0.382926
-0.386475
-0.389702
-0.392489
-0.394797
-0.396599
-0.397935
-0.398841
-0.399381
-0.399594
-0.399539
-0.399252
-0.398801
-0.398232
-0.39758
-0.396903
-0.396229
-0.395589
-0.39502
-0.394535
-0.394149
-0.393866
-0.393678
-0.393566
-0.393492
-0.393445
-0.393382
-0.393278
-0.393101
-0.392822
-0.39244
-0.391937
-0.391347
-0.390655
-0.389922
-0.389179
-0.388487
-0.387887
-0.387397
-0.387036
-0.386795
-0.386653
-0.386566
-0.386458
-0.386219
-0.385738
-0.384904
-0.383596
-0.381799
-0.379524
-0.376956
-0.374372
-0.372178
-0.37077
-0.370407
-0.371179
-0.372948
-0.375449
-0.378355
-0.38143
-0.384495
-0.387488
-0.390395
-0.393205
-0.395902
-0.398456
-0.400823
-0.40297
-0.404856
-0.406443
-0.407681
-0.408524
-0.40893
-0.408836
-0.408158
-0.406795
-0.404657
-0.401644
-0.397759
-0.393132
-0.388092
-0.383215
-0.379273
-0.377023
-0.376932
-0.378981
-0.382657
-0.387177
-0.391798
-0.395923
-0.399242
-0.401639
-0.403139
-0.403876
-0.403978
-0.403626
-0.40293
-0.402025
-0.401
-0.399954
-0.398937
-0.397989
-0.397112
-0.396292
-0.395507
-0.394718
-0.393901
-0.393036
-0.392136
-0.391228
-0.390382
-0.389643
-0.389094
-0.388785
-0.388734
-0.388987
-0.389508
-0.390246
-0.391138
-0.392124
-0.393131
-0.394117
-0.395027
-0.395852
-0.396568
-0.397162
-0.397651
-0.398023
-0.398278
-0.398402
-0.398403
-0.398262
-0.397943
-0.397413
-0.396637
-0.39557
-0.394187
-0.392466
-0.390385
-0.387997
-0.385356
-0.382592
-0.379854
-0.377336
-0.375211
-0.373619
-0.372655
-0.372339
-0.372655
-0.373548
-0.374961
-0.376846
-0.379183
-0.381918
-0.385002
-0.388368
-0.391913
-0.395559
-0.399182
-0.402681
-0.405946
-0.408863
-0.411287
-0.413055
-0.413944
-0.413694
-0.41198
-0.408456
-0.402968
-0.395648
-0.387293
-0.37948
-0.37424
-0.373245
-0.376823
-0.383773
-0.39211
-0.400044
-0.406521
-0.41124
-0.414385
-0.416303
-0.41742
-0.418107
-0.418648
-0.419299
-0.420197
-0.42144
-0.423053
-0.42502
-0.427244
-0.429629
-0.432015
-0.434269
-0.436262
-0.437869
-0.439024
-0.439669
-0.439797
-0.439413
-0.43859
-0.437402
-0.435973
-0.434432
-0.43289
-0.431471
-0.430226
-0.429171
-0.428277
-0.427511
-0.426841
-0.426273
-0.425836
-0.425567
-0.42546
-0.425477
-0.425492
-0.42534
-0.424873
-0.42401
-0.422776
-0.421348
-0.420043
-0.419243
-0.41931
-0.420492
-0.42282
-0.426089
-0.429956
-0.433978
-0.437788
-0.441087
-0.443708
-0.4456
-0.446728
-0.447116
-0.446776
-0.445712
-0.443995
-0.441743
-0.439229
-0.436807
-0.434922
-0.433989
-0.434261
-0.43571
-0.438074
-0.440867
-0.443572
-0.4457
-0.446882
-0.446867
-0.445514
-0.442772
-0.438706
-0.433489
-0.427423
-0.420975
-0.414729
-0.409345
-0.405453
-0.403492
-0.403654
-0.405829
-0.409657
-0.414655
-0.420304
-0.426122
-0.431744
-0.436871
-0.4413
-0.444894
-0.447595
-0.449391
-0.450319
-0.450473
-0.449994
-0.449091
-0.448001
-0.44695
-0.446135
-0.445672
-0.445521
-0.445541
-0.445518
-0.445198
-0.444301
-0.442592
-0.439932
-0.436249
-0.431654
-0.426426
-0.421011
-0.416006
-0.412037
-0.409591
-0.408887
-0.409819
-0.411993
-0.414866
-0.417923
-0.420796
-0.423269
-0.425311
-0.427022
-0.428563
-0.430088
-0.431698
-0.433387
-0.435145
-0.436902
-0.438653
-0.440394
-0.442149
-0.443961
-0.445854
-0.447808
-0.449751
-0.451547
-0.452999
-0.453871
-0.45388
-0.452718
-0.450074
-0.445691
-0.439501
-0.431685
-0.422912
-0.414262
-0.406908
-0.401642
-0.398481
-0.396716
-0.395451
-0.394172
-0.393
-0.392568
-0.393589
-0.396386
-0.4007
-0.405771
-0.410639
-0.414465
-0.416731
-0.417244
-0.416043
-0.413383
-0.409554
-0.404879
-0.399736
-0.394485
-0.389531
-0.385332
-0.38238
-0.381175
-0.382067
-0.38517
-0.390241
-0.396737
-0.403917
-0.411041
-0.417466
-0.422764
-0.426706
-0.429274
-0.430521
-0.43061
-0.429693
-0.427973
-0.425592
-0.42267
-0.419308
-0.415602
-0.41165
-0.40752
-0.403343
-0.399273
-0.395506
-0.392235
-0.389581
-0.387652
-0.386451
-0.385886
-0.38581
-0.386039
-0.386403
-0.386751
-0.386981
-0.387012
-0.386861
-0.386527
-0.386044
-0.385468
-0.384848
-0.384235
-0.383673
-0.383169
-0.382741
-0.38238
-0.382066
-0.381774
