1.5
1.50001
1.50002
1.50004
1.50006
1.50009
1.50013
1.50016
1.50021
1.50026
1.50031
1.50037
1.50044
1.50051
1.50059
1.50067
1.50076
1.50085
1.50095
1.50105
1.50116
1.50128
1.5014
1.50153
1.50167
1.50181
1.50196
1.50211
1.50228
1.50245
1.50262
1.5028
1.50299
1.50319
1.5034
1.50361
1.50383
1.50406
1.50429
1.50454
1.50479
1.50505
1.50532
1.5056
1.50589
1.50619
1.5065
1.50682
1.50715
1.50749
1.50784
1.5082
1.50858
1.50896
1.50936
1.50978
1.5102
1.51065
1.5111
1.51157
1.51206
1.51256
1.51308
1.51362
1.51418
1.51475
1.51535
1.51596
1.5166
1.51726
1.51794
1.51865
1.51939
1.52015
1.52094
1.52176
1.52261
1.5235
1.52442
1.52537
1.52636
1.5274
1.52847
1.52959
1.53076
1.53197
1.53324
1.53456
1.53594
1.53738
1.53888
1.54045
1.5421
1.54381
1.5456
1.54748
1.54944
1.55149
1.55363
1.55586
1.5582
1.56063
1.56316
1.56579
1.56852
1.57133
1.57423
1.57718
1.58018
1.58319
1.58617
1.58906
1.5918
1.59429
1.59642
1.59806
1.59906
1.59926
1.59851
1.59674
1.59395
1.59031
1.58619
1.58219
1.57901
1.57737
1.57776
1.58038
1.58505
1.59128
1.5984
1.60568
1.61244
1.61811
1.62238
1.62519
1.62682
1.62785
1.62906
1.63128
1.63509
1.64066
1.64767
1.65543
1.66312
1.66998
1.67548
1.67933
1.68149
1.6821
1.68145
1.67991
1.67788
1.6757
1.67362
1.67174
1.67005
1.66848
1.66695
1.66538
1.66377
1.66206
1.66028
1.65849
1.65692
1.65594
1.656
1.65745
1.66049
1.66507
1.67095
1.67778
1.68517
1.69269
1.69992
1.70648
1.71203
1.71633
1.71923
1.72075
1.72099
1.72018
1.71863
1.71673
1.71488
1.71345
1.71276
1.713
1.71423
1.71638
1.71926
1.7226
1.72611
1.72953
1.73262
1.73525
1.73734
1.73891
1.74005
1.74089
1.74156
1.74218
1.74282
1.74347
1.74411
1.74467
1.74511
1.74544
1.74568
1.74589
1.74614
1.7465
1.74697
1.74757
1.74826
1.74899
1.74973
1.75046
1.7512
1.75198
1.75285
1.75388
1.7551
1.75654
1.7582
1.76006
1.76205
1.7641
1.76613
1.76805
1.76978
1.77122
1.77232
1.77301
1.77324
1.77298
1.77222
1.771
1.76938
1.7675
1.76555
1.76377
1.76242
1.76172
1.76177
1.76256
1.76393
1.76562
1.76729
1.76863
1.76936
1.76925
1.76818
1.76614
1.76322
1.75969
1.75597
1.75263
1.75031
1.74964
1.75101
1.75452
1.75986
1.76643
1.77344
1.78007
1.78559
1.78936
1.79089
1.78979
1.78594
1.77958
1.77155
1.76339
1.75712
1.75461
1.75676
1.76307
1.77189
1.78124
1.78946
1.79548
1.79878
1.7992
1.79683
1.7919
1.78479
1.77606
1.76644
1.7568
1.74807
1.74109
1.73648
1.73462
1.73558
1.73915
1.74482
1.75185
1.75942
1.76678
1.7734
1.77901
1.78356
1.78716
1.78997
1.79215
1.79386
1.79521
1.7963
1.79721
1.798
1.79872
1.79943
1.80013
1.80086
1.80161
1.80238
1.80314
1.80386
1.80451
1.80501
1.80532
1.80533
1.80497
1.80413
1.80268
1.8005
1.79745
1.7934
1.78823
1.78192
1.7746
1.76666
1.75878
1.75192
1.74711
1.74507
1.74594
1.74919
1.75385
1.7589
1.76352
1.76724
1.7699
1.77157
1.77243
1.77273
1.77272
1.77263
1.77262
1.77281
1.77319
1.77373
1.77429
1.77473
1.7749
1.77473
1.77422
1.77354
1.77291
1.77261
1.7729
1.77387
1.77548
1.77754
1.77979
1.78201
1.784
1.78567
1.78698
1.78792
1.78851
1.78877
1.7887
1.78833
1.78765
1.78668
1.78547
1.78407
1.78255
1.78099
1.77951
1.77819
1.77711
1.77631
1.7758
1.77554
1.77545
1.7754
1.77522
1.77473
1.7737
1.7719
1.76908
1.76498
1.75941
1.75223
1.74348
1.73341
1.72262
1.71202
1.70283
1.69626
1.69325
1.69411
1.69851
1.70561
1.71444
1.72408
1.7338
1.74303
1.75133
1.7584
1.7641
1.76844
1.77156
1.7737
1.77509
1.77592
1.77632
1.77634
1.77595
1.77506
1.77359
1.77144
1.76853
1.76486
1.76048
1.75557
1.75041
1.74541
1.74101
1.73755
1.73524
1.73401
1.73367
1.73394
1.73464
1.73572
1.73721
1.73914
1.74145
1.74396
1.74638
1.74841
1.74979
1.75034
1.74999
1.74876
1.74676
1.74418
1.74128
1.73838
1.73581
1.7339
1.73289
1.73287
1.73382
1.73557
1.73789
1.7405
1.7432
1.7458
1.74819
1.75032
1.75219
1.7538
1.75518
1.75637
1.75741
1.75833
1.75914
1.75987
1.76054
1.76114
1.76168
1.76215
1.76255
1.76287
1.7631
1.76324
1.76327
1.76319
1.76301
1.76272
1.76235
1.76192
1.76147
1.76103
1.76064
1.76035
1.76019
1.76015
1.76023
1.76038
1.76056
1.76067
1.76065
1.76041
1.75991
1.75913
1.75806
1.75676
1.75531
1.75382
1.7524
1.75121
1.75037
1.75004
1.75033
1.75134
1.75313
1.75569
1.75891
1.76261
1.76652
1.77034
1.77382
1.77674
1.77896
1.78046
1.78127
1.78149
1.78123
1.78064
1.77982
1.77887
1.77784
1.77679
1.77575
1.77478
1.77394
1.77329
1.77289
1.77277
1.77292
1.77327
1.77375
1.77427
1.77478
1.77526
1.77576
1.77638
1.77727
1.77856
1.78033
1.78261
1.78534
1.78836
1.7915
1.79456
1.79737
1.79981
1.80179
1.8033
1.80434
1.80496
1.80524
1.80523
1.80502
1.80464
1.8041
1.80338
1.80238
1.80097
1.79902
1.79643
1.79319
1.78946
1.78561
1.7822
1.77986
1.7791
1.7801
1.78267
1.78624
1.7901
1.79352
1.79591
1.79687
1.79616
1.79375
1.78978
1.78455
1.77856
1.7724
1.76679
1.76242
1.75994
1.75974
1.76196
1.76638
1.77251
1.77965
1.78705
1.794
1.79995
1.80451
1.80744
1.80862
1.80805
1.80581
1.80207
1.7971
1.79128
1.78507
1.77895
1.77327
1.76822
1.76377
1.75982
1.75633
1.75353
1.75191
1.75209
1.75455
1.75933
1.76598
1.77364
1.78135
1.78827
1.79381
1.79762
1.79959
1.79972
1.79816
1.79518
1.79117
1.78666
1.78225
1.77852
1.77587
1.77448
1.7742
1.7747
1.77553
1.77627
1.77657
1.77616
1.77487
1.77261
1.76942
1.76543
1.76094
1.75639
1.75228
1.74907
1.74703
1.74619
1.7463
1.74699
1.74791
1.74877
1.74943
1.74989
1.75017
1.75034
1.75045
1.75051
1.75049
1.75037
1.75009
1.74961
1.74892
1.74803
1.74697
1.74583
1.7447
1.74369
1.74292
1.74251
1.74255
1.74309
1.74417
1.74575
1.74777
1.75013
1.75275
1.75549
1.75827
1.76101
1.76362
1.76608
1.76834
1.77036
1.77211
1.77354
1.77458
1.77514
1.77509
1.77427
1.77247
1.76945
1.76498
1.75889
1.75117
1.74215
1.73261
1.72387
1.71749
1.71468
1.71562
1.71923
1.72362
1.72695
1.72804
1.72663
1.72334
1.71945
1.7166
1.71624
1.7191
1.72494
1.73282
1.74163
1.75043
1.75865
1.76598
1.77223
1.77729
1.78103
1.78333
1.78408
1.78318
1.78056
1.77624
1.77042
1.76352
1.75628
1.74962
1.74451
1.74161
1.74105
1.74241
1.74498
1.74795
1.75067
1.75274
1.75399
1.75449
1.7545
1.75438
1.75448
1.75508
1.7563
1.75808
1.76027
1.76262
1.76495
1.76713
1.76912
1.77097
1.77276
1.7746
1.77655
1.77862
1.78074
1.78281
1.78469
1.78625
1.78737
1.78798
1.78804
1.78756
1.78658
1.7852
1.78354
1.78174
1.77995
1.7783
1.77691
1.77584
1.77509
1.77465
1.77449
1.77456
1.77487
1.77544
1.77632
1.77757
1.77924
1.78135
1.78388
1.78672
1.78975
1.79276
1.79558
1.79801
1.79991
1.80118
1.80178
1.80176
1.80124
1.80041
1.79953
1.79888
1.79869
1.79911
1.80015
1.80168
1.80347
1.80527
1.80679
1.80783
1.80825
1.80803
1.8072
1.80589
1.80421
1.80229
1.80019
1.79791
1.79542
1.7927
1.7898
1.78683
1.78401
1.78162
1.77995
1.7792
1.77948
1.78075
1.78286
1.78558
1.78867
1.79189
1.79508
1.79811
1.80088
1.80333
1.80542
1.80709
1.80832
1.80909
1.80937
1.80919
1.80861
1.8077
1.80659
1.80543
1.80434
1.80345
1.80281
1.80244
1.80227
1.80223
1.80218
1.80204
1.80172
1.80116
1.80036
1.79932
1.79807
1.79666
1.79513
1.79355
1.79197
1.79045
1.78905
1.78785
1.78693
1.78637
1.78626
1.78663
1.78749
1.78882
1.79051
1.79246
1.79452
1.79656
1.79846
1.80013
1.80147
1.80242
1.80294
1.80298
1.80247
1.80137
1.79963
1.79722
1.79416
1.79055
1.78665
1.78285
1.77967
1.77766
1.77721
1.77845
1.78111
1.7847
1.7886
1.79223
1.79517
1.79716
1.79805
1.79782
1.7965
1.79418
1.79107
1.7875
1.78394
1.781
1.77929
1.77928
1.78114
1.78467
1.78939
1.79472
1.80008
1.80504
1.80931
1.81273
1.81522
1.81676
1.81737
1.81709
1.81604
1.81433
1.81215
1.80973
1.80731
1.80512
1.80335
1.8021
1.80136
1.80104
1.80098
1.80099
1.80095
1.80078
1.8005
1.80022
1.80011
1.80033
1.80105
1.80236
1.80423
1.80652
1.80902
1.81145
1.81354
1.81506
1.8158
1.81561
1.81436
1.81194
1.8083
1.8035
1.79781
1.79183
1.7865
1.78293
1.78203
1.7841
1.78867
1.79474
1.80118
1.80712
1.81204
1.81578
1.8184
1.82007
1.82099
1.82135
1.82134
1.82109
1.8207
1.82026
1.81978
1.81928
1.81873
1.81808
1.81729
1.81633
1.81524
1.81414
1.81324
1.81284
1.81327
1.8148
1.81751
1.82131
1.8259
1.83087
1.83582
1.84038
1.84432
1.84748
1.84977
1.85117
1.85166
1.85126
1.84998
1.84783
1.84486
1.84114
1.83676
1.83189
1.82676
1.82166
1.81693
1.81297
1.81013
1.80872
1.80893
1.81079
1.81418
1.81883
1.82435
1.83032
1.83631
1.84197
1.84698
1.85114
1.85436
1.8566
1.85793
1.8585
1.8585
1.85819
1.85785
1.85773
1.85808
1.85905
1.86069
1.86298
1.86583
1.86912
1.87274
1.87661
1.88059
1.8845
1.88806
1.89096
1.8929
1.89363
1.89306
1.89125
1.88846
1.88512
1.88176
1.87888
1.87672
1.87516
1.87375
1.8718
1.86866
1.86385
1.85722
1.84909
1.84037
1.8325
1.82725
1.82604
1.82934
1.83637
1.84542
1.8546
1.86245
1.86821
1.87176
1.87337
1.87354
1.87277
1.87152
1.87016
1.86899
1.86818
1.86782
1.8679
1.86833
1.86898
1.86976
1.87057
1.87138
1.87217
1.873
1.8739
1.87494
1.87616
1.87759
1.87923
1.88104
1.88298
1.88497
1.88692
1.88875
1.89041
1.89183
1.89299
1.89388
1.8945
1.89487
1.89502
1.89498
1.8948
1.89451
1.89416
1.8938
1.89348
1.89323
1.8931
1.89311
1.89327
1.89357
1.89399
1.89445
1.89484
1.89499
1.89468
1.89359
1.89136
1.88756
1.88182
1.87394
1.8642
1.85355
1.84371
1.83668
1.83384
1.83529
1.83986
1.84596
1.85229
1.85818
1.86347
1.86833
1.87299
1.87765
1.88234
1.88687
1.89089
1.89394
1.89562
1.8957
1.89421
1.89156
1.88851
1.88598
1.88472
1.88485
1.8857
1.88593
1.88391
1.87831
1.86858
1.8557
1.8425
1.83311
1.83079
1.83576
1.84523
1.85563
1.86454
1.87117
1.87579
1.87907
1.88171
1.8842
1.88684
1.88973
1.89286
1.89608
1.89925
1.90218
1.90474
1.90678
1.9082
1.90892
1.90884
1.90789
1.90596
1.90298
1.89885
1.89348
1.88687
1.87907
1.87031
1.86104
1.85192
1.84382
1.83767
1.83422
1.8339
1.83664
1.84196
1.84914
1.85735
1.86583
1.87394
1.88123
1.88735
1.8921
1.89531
1.89685
1.89658
1.89433
1.88995
1.88344
1.87509
1.86578
1.85701
1.85067
1.84831
1.85033
1.85577
1.86291
1.87011
1.87626
1.8809
1.88395
1.88554
1.88583
1.88496
1.88301
1.88003
1.87611
1.8714
1.86615
1.86077
1.8557
1.8514
1.84811
1.84585
1.8444
1.84341
1.84249
1.8413
1.83955
1.837
1.83357
1.82935
1.82469
1.8202
1.81662
1.81463
1.81461
1.81659
1.82024
1.82506
1.83048
1.836
1.84122
1.84587
1.8498
1.85294
1.85531
1.85698
1.85804
1.85859
1.85873
1.85857
1.85819
1.85766
1.85705
1.8564
1.85575
1.85512
1.85455
1.85404
1.85361
1.85327
1.85302
1.85281
1.85261
1.85234
1.85191
1.85123
1.8502
1.84879
1.84697
1.8448
1.84238
1.83988
1.83754
1.83559
1.83427
1.83374
1.83402
1.83502
1.83652
1.83826
1.83996
1.84134
1.84219
1.84225
1.84131
1.83919
1.83593
1.83198
1.82832
1.82633
1.82723
1.83144
1.83829
1.84635
1.85414
1.86058
1.86515
1.86772
1.86841
1.8674
1.86491
1.86111
1.85621
1.85046
1.84417
1.83773
1.83156
1.82602
1.82128
1.81731
1.81384
1.8105
1.80701
1.80339
1.80014
1.79823
1.79885
1.80283
1.8102
1.82004
1.83096
1.84159
1.85097
1.85864
1.8645
1.86868
1.87139
1.87284
1.87317
1.87244
1.87063
1.86762
1.86325
1.85746
1.85043
1.8428
1.83574
1.83079
1.8292
1.83125
1.83607
1.84204
1.84753
1.85139
1.85305
1.85235
1.84944
1.8446
1.8382
1.83073
1.8228
1.81509
1.80835
1.80321
1.80016
1.79942
1.80095
1.80451
1.80967
1.8159
1.82262
1.82927
1.83534
1.8405
1.84455
1.84742
1.84916
1.84987
1.84972
1.84885
1.84744
1.84564
1.84358
1.8414
1.83919
1.83701
1.8349
1.83285
1.83085
1.82887
1.8269
1.825
1.82333
1.82216
1.82185
1.82272
1.82493
1.82838
1.83273
1.83746
1.84205
1.84606
1.84922
1.85139
1.85258
1.85287
1.8524
1.85136
1.84995
1.8484
1.84694
1.84576
1.84504
1.84485
1.84516
1.84586
1.84679
1.84777
1.84867
1.84945
1.85015
1.85087
1.85174
1.85287
1.85429
1.85591
1.85758
1.85906
1.86009
1.86047
1.86002
1.8587
1.85654
1.85366
1.85027
1.84662
1.84297
1.83954
1.8365
1.834
1.8321
1.83086
1.8303
1.83039
1.8311
1.83236
1.83409
1.83625
1.83876
1.84159
1.84468
1.84798
1.85144
1.85498
1.85855
1.86208
1.86548
1.86865
1.87145
1.87374
1.87537
1.87617
1.87604
1.87485
1.87256
1.86921
1.86499
1.86027
1.85557
1.8515
1.84856
1.847
1.84673
1.84737
1.84849
1.84969
1.85073
1.85152
1.85205
1.85236
1.85248
1.85242
1.8522
1.85182
1.85132
1.85078
1.85032
1.8501
1.85029
1.85106
1.85249
1.8546
1.85728
1.86037
1.86362
1.86682
1.86977
1.87232
1.87442
1.87605
1.87723
1.87802
1.87849
1.87872
1.87876
1.87867
1.87849
1.87826
1.87799
1.87768
1.87735
1.87698
1.8766
1.87621
1.87586
1.87559
1.87545
1.8755
1.8758
1.8764
1.87731
1.87853
1.88002
1.88173
1.88357
1.88543
1.8872
1.88875
1.88996
1.89068
1.8908
1.8902
1.88878
1.88651
1.88339
1.87955
1.8752
1.8707
1.86651
1.86316
1.86116
1.86091
1.86259
1.86608
1.871
1.87679
1.88283
1.88857
1.89359
1.89764
1.90061
1.90254
1.90352
1.90371
1.9033
1.90246
1.90134
1.90006
1.89871
1.89733
1.89596
1.89459
1.89321
1.89183
1.89046
1.88914
1.88793
1.88693
1.88625
1.88598
1.88621
1.88695
1.88816
1.88976
1.89163
1.89363
1.89561
1.89744
1.89902
1.90028
1.90115
1.90162
1.90167
1.90132
1.90059
1.89951
1.89812
1.89651
1.89475
1.89296
1.89127
1.88985
1.88882
1.88829
1.88827
1.88872
1.88954
1.89057
1.89164
1.8926
1.89335
1.8938
1.89391
1.89366
1.89305
1.89209
1.89079
1.88917
1.88725
1.88509
1.88273
1.88026
1.87782
1.87555
1.87361
1.87218
1.87139
1.87128
1.87185
1.87299
1.87456
1.87639
1.87832
1.88023
1.88206
1.88378
1.88536
1.88683
1.88817
1.88939
1.89044
1.89132
1.89198
1.89241
1.89261
1.89259
1.89242
1.89217
1.89193
1.89181
1.89191
1.89231
1.89306
1.89419
1.89566
1.89742
1.89939
1.90148
1.90362
1.90573
1.90776
1.90967
1.91142
1.913
1.91437
1.91553
1.91644
1.91709
1.91747
1.91759
1.91747
1.91716
1.91674
1.91631
1.91597
1.91584
1.91601
1.91652
1.9174
1.9186
1.92007
1.92172
1.92349
1.92532
1.92717
1.92902
1.93087
1.93275
1.93468
1.93664
1.93865
1.94068
1.94267
1.94456
1.94627
1.94772
1.94883
1.94953
1.94976
1.94951
1.94877
1.94758
1.94599
1.9441
1.942
1.93981
1.93766
1.93568
1.93402
1.93278
1.93209
1.93201
1.93257
1.93377
1.93553
1.93776
1.94035
1.94314
1.94599
1.94873
1.9512
1.95323
1.95466
1.95535
1.9552
1.95417
1.9523
1.9497
1.94653
1.94293
1.93894
1.93448
1.92939
1.92347
1.91672
1.90934
1.90183
1.89482
1.88891
1.88438
1.88119
1.87913
1.87811
1.87836
1.8804
1.88468
1.89127
1.89966
1.90891
1.91798
1.92606
1.93264
1.93758
1.94093
1.94287
1.94364
1.94346
1.94255
1.94103
1.93903
1.93659
1.9337
1.93031
1.92633
1.92163
1.91609
1.90965
1.90243
1.89479
1.88739
1.88118
1.87705
1.87552
1.87646
1.87912
1.88242
1.88532
1.88702
1.88696
1.88482
1.88037
1.87355
1.86445
1.85355
1.84184
1.83086
1.82241
1.818
1.81829
1.82286
1.83052
1.83976
1.84922
1.85794
1.86539
1.87144
1.87617
1.87981
1.88257
1.88467
1.88626
1.88744
1.88828
1.88885
1.88917
1.88929
1.88922
1.88899
1.88863
1.88814
1.88752
1.88677
1.88587
1.88479
1.88351
1.88201
1.88027
1.87833
1.87625
1.87412
1.87206
1.87015
1.86839
1.86663
1.86453
1.86152
1.85682
1.84966
1.83954
1.82695
1.81411
1.80506
1.804
1.81244
1.828
1.84623
1.86335
1.87749
1.8883
1.89621
1.90187
1.90587
1.90867
1.91064
1.91202
1.91298
1.91365
1.91411
1.91442
1.91462
1.91474
1.9148
1.91482
1.91481
1.91477
1.91472
1.91466
1.9146
1.91455
1.91451
1.91449
1.91451
1.9146
1.91481
1.91521
1.91588
1.91692
1.91839
1.92037
1.92287
1.92585
1.92923
1.9329
1.9367
1.94048
1.94406
1.94726
1.94989
1.95177
1.95274
1.95268
1.95151
1.94922
1.94586
1.94156
1.93657
1.93116
1.9257
1.92058
1.91621
1.91295
1.91108
1.9108
1.91216
1.91512
1.91953
1.92513
1.93161
1.93861
1.94576
1.95273
1.95925
1.96513
1.97023
1.9745
1.97791
1.98048
1.98222
1.98318
1.98339
1.98292
1.98184
1.98022
1.97815
1.97569
1.97289
1.96976
1.96628
1.96244
1.9582
1.95356
1.94856
1.94329
1.93791
1.93263
1.92769
1.92337
1.9199
1.91742
1.91597
1.91546
1.91571
1.91655
1.91784
1.91957
1.92181
1.92464
1.92807
1.93196
1.93602
1.93985
1.94305
1.94526
1.94622
1.94577
1.94387
1.94062
1.93625
1.93112
1.92573
1.92066
1.91643
1.91348
1.91203
1.91209
1.91349
1.9159
1.91894
1.92222
1.92542
1.92831
1.93075
1.93271
1.93422
1.93534
1.93617
1.93681
1.93736
1.93794
1.93862
1.93949
1.94059
1.9419
1.94335
1.94482
1.94613
1.94707
1.94743
1.94702
1.9457
1.94345
1.94039
1.9368
1.93313
1.93
1.92805
1.92788
1.92987
1.93406
1.94014
1.9475
1.95537
1.96305
1.96997
1.97576
1.98025
1.98342
1.98534
1.98616
1.98606
1.98525
1.98396
1.98243
1.98086
1.97946
1.97836
1.97769
1.9775
1.9778
1.97849
1.97932
1.97986
1.97942
1.97715
1.97218
1.96415
1.95389
1.94393
1.93793
1.93862
1.94573
1.9562
1.96646
1.97428
1.97913
1.98152
1.98226
1.98209
1.98151
1.98076
1.97991
1.979
1.97815
1.97763
1.9778
1.97903
1.98143
1.98476
1.98841
1.99159
1.99361
1.99412
1.99322
1.99149
1.98981
1.98905
1.98977
1.992
1.99525
1.99877
2.00176
2.00366
2.00419
2.00332
2.00122
1.99813
1.99429
1.98986
1.98483
1.97904
1.97221
1.9641
1.95464
1.94418
1.93359
1.92422
1.91744
1.91398
1.91355
1.91498
1.91687
1.91831
1.91916
1.91996
1.92151
1.92436
1.92854
1.93352
1.93854
1.9429
1.94614
1.94806
1.94866
1.94804
1.94634
1.94371
1.94025
1.93607
1.93123
1.92582
1.9199
1.91357
1.90697
1.90028
1.89371
1.88753
1.88199
1.87735
1.87378
1.87137
1.8701
1.86981
1.87029
1.87124
1.87238
1.87349
1.87439
1.87499
1.87525
1.87517
1.87481
1.87419
1.8734
1.87248
1.87148
1.87044
1.86941
1.86841
1.86747
1.8666
1.86582
1.86514
1.86456
1.8641
1.86375
1.86351
1.86339
1.86338
1.86348
1.86369
1.86401
1.86444
1.86496
1.86559
1.8663
1.8671
1.86797
1.86889
1.86983
1.87076
1.87161
1.8723
1.87274
1.87279
1.87227
1.87103
1.8689
1.86581
1.86184
1.85733
1.85292
1.84943
1.84763
1.84785
1.84982
1.85273
1.85555
1.85737
1.85769
1.85639
1.85373
1.85021
1.84646
1.84306
1.84047
1.83892
1.83846
1.83897
1.8402
1.84189
1.84373
1.84548
1.84695
1.84806
1.84883
1.8494
1.84997
1.85074
1.8519
1.85358
1.85586
1.85873
1.86215
1.86598
1.87009
1.87428
1.87838
1.88221
1.88563
1.88852
1.89079
1.89241
1.89336
1.89363
1.89326
1.89229
1.89079
1.88884
1.88651
1.88391
1.88112
1.87823
1.87532
1.87249
1.8698
1.86734
1.86516
1.86334
1.86194
1.86103
1.86069
1.86093
1.86165
1.86263
1.86358
1.86422
1.86444
1.86442
1.86459
1.86547
1.86744
1.87045
1.87404
1.87751
1.88016
1.88151
1.8814
1.87993
1.87736
1.87408
1.87048
1.8671
1.86461
1.86381
1.86533
1.86925
1.87495
1.8813
1.8871
1.89143
1.89386
1.89439
1.89333
1.89122
1.88867
1.88624
1.88435
1.88317
1.88258
1.88226
1.8818
1.88077
1.87881
1.87567
1.87126
1.86566
1.85914
1.85225
1.84575
1.8405
1.83726
1.83641
1.83782
1.84096
1.84504
1.84932
1.85324
1.85649
1.85895
1.86067
1.86176
1.86238
1.86268
1.8628
1.86285
1.8629
1.86299
1.86316
1.8634
1.8637
1.86404
1.8644
1.86476
1.8651
1.86541
1.86568
1.86591
1.86611
1.86629
1.86645
1.8666
1.86674
1.86687
1.86699
1.86706
1.86706
1.86695
1.86666
1.86616
1.86539
1.86434
1.86301
1.86148
1.85987
1.85838
1.85723
1.85665
1.8568
1.85774
1.85943
1.86169
1.86428
1.86696
1.86951
1.87177
1.87363
1.87505
1.87602
1.87658
1.87678
1.8767
1.87644
1.87609
1.87576
1.87556
1.87555
1.87579
1.8763
1.87706
1.87803
1.87913
1.88027
1.88138
1.88239
1.88324
1.88388
1.88429
1.88446
1.88437
1.88405
1.88352
1.88281
1.88196
1.88102
1.88006
1.87914
1.8783
1.87762
1.87711
1.87681
1.87673
1.87688
1.87727
1.8779
1.87877
1.8799
1.88129
1.88294
1.88484
1.88696
1.88929
1.89177
1.89434
1.89695
1.89948
1.90181
1.90373
1.90494
1.90503
1.90338
1.8992
1.89165
1.88015
1.86521
1.84942
1.83743
1.83385
1.83973
1.85158
1.86415
1.87362
1.87857
1.87932
1.87706
1.87342
1.87008
1.8685
1.8695
1.87306
1.87842
1.88445
1.89013
1.89476
1.898
1.89985
1.90047
1.90015
1.89925
1.89811
1.89703
1.8962
1.89568
1.8954
1.89522
1.895
1.89465
1.89416
1.89368
1.89342
1.89363
1.89454
1.89627
1.89882
1.90206
1.90579
1.90974
1.91368
1.91742
1.9208
1.92373
1.92614
1.92801
1.92931
1.93
1.93006
1.92944
1.92808
1.92591
1.92285
1.91883
1.91385
1.90796
1.90136
1.89441
1.88766
1.88182
1.87756
1.87544
1.87564
1.87795
1.88181
1.88646
1.8912
1.89547
1.89897
1.90166
1.90365
1.90522
1.90664
1.90812
1.90977
1.91156
1.91338
1.9151
1.91657
1.91771
1.9185
1.91893
1.919
1.91872
1.91803
1.91685
1.91503
1.91243
1.90891
1.90441
1.89904
1.89315
1.88736
1.88246
1.87919
1.878
1.87887
1.88133
1.88473
1.88843
1.89204
1.89534
1.89831
1.901
1.90349
1.90581
1.90797
1.90992
1.91164
1.91308
1.91422
1.91508
1.91567
1.91601
1.91612
1.91601
1.91566
1.91506
1.91419
1.91304
1.91159
1.90987
1.9079
1.90577
1.90356
1.90138
1.89938
1.89766
1.89632
1.89539
1.89486
1.89466
1.89468
1.89482
1.89494
1.89498
1.89487
1.89462
1.89424
1.89377
1.89326
1.89276
1.8923
1.8919
1.89158
1.89136
1.89121
1.89111
1.89101
1.89082
1.89044
1.88975
1.88866
1.88709
1.88505
1.88261
1.87992
1.8772
1.87465
1.87247
1.87071
1.86934
1.86821
1.86716
1.86606
1.86488
1.86371
1.86275
1.86224
1.86245
1.86357
1.86568
1.86873
1.87252
1.87679
1.88119
1.88544
1.88927
1.89252
1.89505
1.89679
1.89768
1.89765
1.89663
1.89453
1.89122
1.88659
1.88058
1.87317
1.86455
1.85517
1.846
1.83849
1.83431
1.83471
1.83976
1.84826
1.85828
1.86802
1.87629
1.88264
1.88707
1.88987
1.8914
1.89204
1.89213
1.89192
1.89163
1.89141
1.89135
1.89149
1.89186
1.8924
1.89309
1.89386
1.89463
1.89533
1.89591
1.89631
1.8965
1.89644
1.89616
1.89566
1.89497
1.89413
1.89317
1.89213
1.89101
1.88985
1.88865
1.88747
1.88637
1.88544
1.88478
1.88447
1.88455
1.88503
1.88582
1.88683
1.88792
1.88894
1.88979
1.8904
1.89076
1.89092
1.89101
1.89116
1.89151
1.89214
1.89308
1.89423
1.89545
1.89655
1.89737
1.89777
1.89766
1.89703
1.89591
1.89435
1.89243
1.89023
1.88781
1.88522
1.88251
1.87969
1.87681
1.87391
1.87105
1.86832
1.86584
1.86376
1.86221
1.86132
1.86117
1.86177
1.86306
1.86489
1.86706
1.86938
1.87165
1.87372
1.87548
1.87687
1.87789
1.87853
1.87883
1.87881
1.8785
1.87792
1.87707
1.87594
1.87452
1.87278
1.87067
1.86816
1.86521
1.8618
1.85797
1.8538
1.84946
1.84519
1.84129
1.83804
1.83562
1.83407
1.83323
1.83282
1.83248
1.83186
1.83069
1.82881
1.82615
1.82274
1.81871
1.81426
1.80968
1.80535
1.80166
1.79901
1.79767
1.79777
1.79925
1.80186
1.80526
1.80907
1.81293
1.81653
1.81961
1.82197
1.82342
1.82378
1.82288
1.82056
1.81673
1.81151
1.8053
1.79894
1.79361
1.79052
1.79042
1.79323
1.79807
1.80376
1.80922
1.81377
1.81714
1.81934
1.82054
1.82095
1.82078
1.82021
1.81939
1.81843
1.81743
1.81644
1.81551
1.81469
1.81399
1.81344
1.81303
1.81278
1.81267
1.8127
1.81286
1.81314
1.81351
1.81396
1.81449
1.81508
1.81572
1.81642
1.81717
1.81798
1.81885
1.8198
1.82084
1.82198
1.82324
1.82463
1.82614
1.82777
1.8295
1.83128
1.83304
1.83467
1.83603
1.83694
1.83714
1.83636
1.83424
1.83044
1.82462
1.81658
1.80637
1.79445
1.78178
1.76973
1.75981
1.7532
1.75041
1.75124
1.75501
1.76092
1.76825
1.77635
1.78454
1.79214
1.79851
1.80316
1.80579
1.80642
1.8054
1.80351
1.80193
1.80195
1.80451
1.80977
1.81707
1.82534
1.83356
1.84104
1.84749
1.8529
1.85735
1.86099
1.86393
1.86626
1.86805
1.86938
1.87032
1.87095
1.87133
1.87155
1.87168
1.87177
1.87187
1.872
1.87216
1.87234
1.8725
1.87258
1.87253
1.87229
1.8718
1.87101
1.86988
1.86841
1.86659
1.86445
1.86205
1.85948
1.85685
1.85428
1.85195
1.85003
1.84873
1.84826
1.84875
1.85029
1.85284
1.85623
1.86023
1.86455
1.86891
1.87311
1.877
1.88053
1.88372
1.88663
1.88932
1.89185
1.89425
1.89651
1.89859
1.90048
1.90216
1.90366
1.90509
1.90659
1.90834
1.91049
1.91316
1.91636
1.92001
1.92394
1.92793
1.93176
1.93521
1.93813
1.94037
1.94184
1.94245
1.94213
1.9408
1.93838
1.93482
1.93011
1.92435
1.91774
1.91071
1.90383
1.89787
1.89358
1.89157
1.89208
1.8949
1.89944
1.90487
1.9104
1.91541
1.91954
1.92267
1.9248
1.92598
1.92623
1.92557
1.92406
1.92194
1.91972
1.91811
1.91789
1.91954
1.92308
1.92799
1.9335
1.93884
1.94344
1.94701
1.94945
1.95083
1.95127
1.9509
1.94985
1.94825
1.94619
1.94376
1.94104
1.93806
1.9349
1.93159
1.92822
1.92487
1.9216
1.9185
1.9156
1.91291
1.9104
1.90804
1.90578
1.90363
1.90162
1.8998
1.89824
1.89701
1.89615
1.89569
1.89566
1.89606
1.89687
1.89804
1.89944
1.90087
1.90205
1.90268
1.90246
1.90111
1.89848
1.89452
1.88933
1.88321
1.87666
1.87035
1.86505
1.86161
1.8607
1.86272
1.86753
1.87451
1.8827
1.89107
1.89878
1.90531
1.91043
1.91415
1.91662
1.91802
1.91859
1.91851
1.91797
1.91713
1.91614
1.91515
1.9143
1.91374
1.91359
1.91394
1.9148
1.91611
1.91776
1.91957
1.92136
1.92293
1.92412
1.92478
1.92485
1.92431
1.92323
1.92177
1.9202
1.91879
1.91779
1.91733
1.91734
1.91756
1.91759
1.91701
1.91548
1.91284
1.90918
1.90486
1.90047
1.89677
1.89452
1.89428
1.89624
1.90021
1.90567
1.91195
1.91841
1.92458
1.93014
1.93497
1.93905
1.94239
1.945
1.94683
1.94778
1.94768
1.94634
1.94366
1.93976
1.93501
1.93012
1.92597
1.92327
1.92232
1.92282
1.92414
1.9256
1.92682
1.92775
1.92865
1.92991
1.9319
1.93485
1.93882
1.94373
1.94935
1.9554
1.96158
1.96762
1.9733
1.97845
1.98296
1.98675
1.98978
1.99205
1.99355
1.99429
1.99427
1.99351
1.99201
1.98978
1.98684
1.98326
1.97913
1.97462
1.97003
1.96575
1.96225
1.96001
1.95931
1.96017
1.96223
1.96485
1.9672
1.9685
1.96812
1.96572
1.96134
1.95541
1.94876
1.94233
1.93692
1.93285
1.92996
1.92787
1.92642
1.9258
1.92647
1.92872
1.93229
1.93629
1.93952
1.94096
1.94021
1.9376
1.93407
1.93083
1.92897
1.92912
1.93139
1.93544
1.94063
1.94624
1.95164
1.95634
1.96007
1.96273
1.96436
1.96508
1.96503
1.96436
1.9632
1.96166
1.95979
1.95763
1.95519
1.95246
1.94946
1.94624
1.94292
1.93972
1.93691
1.93476
1.93349
1.93314
1.93358
1.93455
1.93568
1.93663
1.93709
1.93686
1.93578
1.93378
1.93076
1.92667
1.92144
1.91502
1.90744
1.89889
1.88982
1.88094
1.87322
1.86759
1.86464
1.86432
1.86604
1.8689
1.87204
1.87484
1.87699
1.87841
1.87916
1.87937
1.87917
1.8787
1.87805
1.87728
1.87644
1.87554
1.87457
1.87349
1.87228
1.8709
1.86934
1.86759
1.86568
1.86367
1.86161
1.85958
1.85764
1.85585
1.85423
1.85277
1.85148
1.85031
1.84927
1.84835
1.84755
1.84689
1.84638
1.84604
1.84586
1.8458
1.84582
1.84583
1.84579
1.84562
1.8453
1.8448
1.84414
1.84334
1.84245
1.84152
1.8406
1.83975
1.83904
1.83854
1.83832
1.83843
1.83893
1.83984
1.84112
1.84272
1.84456
1.84653
1.84855
1.85052
1.85238
1.8541
1.85565
1.85702
1.85821
1.85919
1.85995
1.86045
1.86065
1.86051
1.85996
1.85898
1.85754
1.85566
1.85341
1.85093
1.8484
1.84603
1.84404
1.84259
1.84174
1.84146
1.84161
1.84202
1.84255
1.84311
1.84369
1.84436
1.8452
1.84626
1.84751
1.84887
1.85018
1.85127
1.85197
1.8522
1.85193
1.85126
1.85038
1.8496
1.84926
1.84967
1.85103
1.85335
1.85646
1.86007
1.86377
1.86716
1.86985
1.8715
1.87178
1.87043
1.86726
1.86224
1.85561
1.84797
1.84026
1.83361
1.82896
1.82684
1.8272
1.82971
1.83391
1.83938
1.84568
1.85231
1.85876
1.86462
1.86958
1.8735
1.87636
1.87821
1.87912
1.87916
1.87837
1.87674
1.87424
1.8708
1.86634
1.86077
1.85409
1.84641
1.83803
1.8295
1.82155
1.81506
1.8108
1.80926
1.81055
1.81437
1.82018
1.8273
1.83505
1.84285
1.85021
1.85675
1.86222
1.86645
1.86931
1.87072
1.87059
1.86881
1.8653
1.86011
1.85356
1.84648
1.84025
1.83662
1.83692
1.84144
1.84921
1.85851
1.86772
1.87572
1.88202
1.88655
1.88944
1.89084
1.89088
1.88959
1.88696
1.88295
1.87762
1.87118
1.86416
1.85733
1.85164
1.84792
1.84661
1.84767
1.85071
1.85517
1.8605
1.86629
1.87219
1.87794
1.88338
1.88844
1.89309
1.89735
1.90122
1.90465
1.90754
1.90974
1.9111
1.9115
1.91087
1.90927
1.9069
1.9041
1.90129
1.8989
1.89726
1.89653
1.8967
1.89765
1.89918
1.90114
1.90342
1.906
1.90891
1.91216
1.9157
1.9194
1.92308
1.92657
1.92975
1.93255
1.93499
1.93708
1.93881
1.94015
1.94104
1.94142
1.94126
1.94061
1.93961
1.9385
1.93758
1.93714
1.93738
1.93835
1.93996
1.94194
1.94389
1.94537
1.94593
1.94522
1.94301
1.93932
1.93444
1.92901
1.9239
1.92006
1.91823
1.91872
1.92134
1.92551
1.9305
1.93564
1.94043
1.94456
1.94788
1.95038
1.95207
1.95302
1.95333
1.95308
1.95234
1.95116
1.94957
1.94752
1.94491
1.9416
1.9374
1.93216
1.92577
1.91825
1.90975
1.90048
1.89067
1.88046
1.86985
1.85879
1.84744
1.83642
1.827
1.82091
1.81967
1.82386
1.83283
1.84504
1.85869
1.87227
1.88475
1.89555
1.90443
1.91137
1.91649
1.91997
1.92202
1.92286
1.92271
1.92179
1.92027
1.91835
1.91618
1.9139
1.91165
1.9095
1.90753
1.90576
1.90423
1.90293
1.90187
1.90104
1.90042
1.89997
1.89962
1.8993
1.89891
1.89833
1.89746
1.89621
1.89452
1.89238
1.88982
1.88691
1.88378
1.88058
1.87746
1.87454
1.87191
1.86959
1.86757
1.86586
1.86446
1.86342
1.86282
1.86274
1.86322
1.86423
1.86569
1.86747
1.86944
1.87146
1.87343
1.87526
1.87694
1.87845
1.87981
1.88104
1.88219
1.8833
1.88443
1.88562
1.88693
1.88836
1.88993
1.8916
1.8933
1.89496
1.89643
1.89759
1.89827
1.89831
1.89754
1.89582
1.89304
1.88913
1.88409
1.87797
1.87092
1.86322
1.8554
1.84831
1.84315
1.84113
1.84297
1.8485
1.85671
1.86618
1.87554
1.88374
1.89012
1.89438
1.89646
1.89647
1.89463
1.89121
1.88655
1.88105
1.87518
1.86943
1.86424
1.85986
1.85629
1.85323
1.85017
1.84654
1.84207
1.83699
1.83222
1.82918
1.82913
1.83252
1.83873
1.84646
1.85442
1.86175
1.86809
1.87347
1.87808
1.88215
1.88586
1.88931
1.89255
1.89558
1.89836
1.90088
1.90309
1.90496
1.90648
1.90764
1.90845
1.90892
1.90908
1.90897
1.90865
1.90815
1.90754
1.90686
1.90614
1.90537
1.90455
1.90364
1.90256
1.90123
1.89953
1.89733
1.89451
1.89101
1.8869
1.88243
1.87805
1.87438
1.872
1.87129
1.8723
1.8748
1.87839
1.88268
1.88732
1.89207
1.89671
1.90109
1.90508
1.9086
1.91161
1.91407
1.91599
1.91736
1.91823
1.91863
1.91865
1.91837
1.91787
1.91722
1.91645
1.91552
1.91435
1.91283
1.91084
1.90828
1.90511
1.90135
1.89714
1.89274
1.88858
1.8852
1.88315
1.88283
1.88435
1.88753
1.89196
1.89716
1.9027
1.90824
1.91353
1.91837
1.92261
1.92608
1.92861
1.93002
1.93005
1.92841
1.92469
1.91849
1.90964
1.89853
1.88672
1.87692
1.87215
1.87383
1.8807
1.88958
1.89729
1.90191
1.90299
1.90102
1.89709
1.89241
1.88808
1.88489
1.88322
1.88306
1.88417
1.88616
1.88863
1.8912
1.89356
1.89552
1.89704
1.89823
1.8993
1.90047
1.90191
1.90369
1.90572
1.90784
1.90984
1.91155
1.91281
1.91357
1.91382
1.91362
1.91309
1.91238
1.91169
1.9112
1.91106
1.91131
1.91182
1.91232
1.9124
1.91151
1.90912
1.90483
1.89862
1.89109
1.88366
1.87832
1.87682
1.87975
1.8862
1.89435
1.90247
1.90941
1.91475
1.91853
1.92098
1.92239
1.92298
1.92292
1.92233
1.92126
1.91976
1.91791
1.9158
1.91357
1.91143
1.90963
1.90842
1.90803
1.90858
1.91008
1.91241
1.91534
1.91858
1.92183
1.92481
1.92728
1.92906
1.93001
1.93007
1.92924
1.92758
1.92527
1.92254
1.9197
1.91708
1.91489
1.91321
1.91187
1.9105
1.90858
1.90561
1.9012
1.89522
1.88792
1.87995
1.87242
1.86678
1.86469
1.86744
1.87534
1.8873
1.90127
1.91511
1.92728
1.93707
1.94441
1.94956
1.95293
1.95491
1.95584
1.956
1.95561
1.95484
1.95381
1.95263
1.95138
1.95012
1.94889
1.94776
1.94677
1.94597
1.9454
1.94512
1.94515
1.94549
1.94611
1.94692
1.9478
1.94854
1.94892
1.94865
1.94746
1.94503
1.94115
1.9357
1.92874
1.92067
1.9122
1.90433
1.89818
1.89472
1.89447
1.89742
1.90304
1.91043
1.91854
1.92637
1.93315
1.93839
1.94195
1.94389
1.94447
1.94401
1.94283
1.94127
1.93967
1.93836
1.93768
1.93788
1.93903
1.94101
1.94354
1.94626
1.94888
1.95127
1.95355
1.956
1.95897
1.96265
1.96703
1.97182
1.97662
1.98096
1.98453
1.98716
1.98883
1.98968
1.98988
1.98964
1.98907
1.98822
1.98702
1.98532
1.98297
1.97994
1.97641
1.97282
1.96986
1.96819
1.96827
1.97014
1.9734
1.97747
1.98175
1.98582
1.98945
1.9926
1.99527
1.99751
1.99935
2.00076
2.00168
2.00201
2.00161
2.00037
1.99821
1.9951
1.99109
1.98635
1.98111
1.9757
1.97042
1.96551
1.96106
1.95696
1.95289
1.94833
1.94274
1.9357
1.92716
1.91767
1.90846
1.9012
1.89747
1.89814
1.90295
1.91077
1.92008
1.92954
1.9383
1.94599
1.9526
1.95828
1.96323
1.96764
1.97162
1.97524
1.9785
1.98136
1.98378
1.98572
1.98715
1.98807
1.98844
1.98827
1.98754
1.98621
1.98427
1.98171
1.97857
1.97498
1.97114
1.96737
1.96408
1.96164
1.96029
1.96007
1.96081
1.96212
1.96357
1.96475
1.96538
1.96528
1.96439
1.96277
1.96052
1.95776
1.95459
1.95099
1.94681
1.94168
1.93511
1.92655
1.91567
1.90269
1.88871
1.87571
1.86606
1.86165
1.8631
1.86977
1.88013
1.89233
1.9046
1.91555
1.9243
1.93046
1.93412
1.93556
1.93512
1.93298
1.92913
1.92353
1.91651
1.9091
1.90313
1.9006
1.90252
1.90827
1.91593
1.92339
1.92919
1.93273
1.93403
1.93344
1.93144
1.92848
1.92494
1.92115
1.91737
1.91379
1.91056
1.90777
1.90546
1.90369
1.9025
1.90195
1.9021
1.90303
1.90475
1.90724
1.91039
1.91404
1.918
1.92205
1.92602
1.92976
1.93319
1.93622
1.93884
1.94102
1.94277
1.94411
1.94506
1.94566
1.94594
1.94598
1.94583
1.94558
1.9453
1.94504
1.94483
1.94463
1.94441
1.94407
1.94355
1.94284
1.94198
1.94111
1.94042
1.94008
1.94015
1.94054
1.94098
1.9411
1.94053
1.93902
1.93652
1.93314
1.92916
1.92496
1.92094
1.9175
1.91502
1.91386
1.91429
1.91647
1.92037
1.92575
1.9322
1.93926
1.94645
1.95339
1.95975
1.96531
1.96988
1.97328
1.97534
1.9759
1.9749
1.9724
1.96868
1.96418
1.95939
1.95475
1.95053
1.94687
1.94395
1.94204
1.94141
1.94211
1.94384
1.94606
1.94818
1.94981
1.95076
1.95114
1.95119
1.95126
1.95172
1.95285
1.95478
1.95748
1.96076
1.96436
1.968
1.97145
1.97453
1.97713
1.97918
1.98063
1.98148
1.98171
1.98134
1.98041
1.97892
1.97692
1.9744
1.97133
1.96764
1.96322
1.95795
1.9517
1.94446
1.93637
1.92787
1.91963
1.91253
1.90735
1.90453
1.90405
1.90545
1.90811
1.91143
1.91496
1.91839
1.92149
1.92409
1.92602
1.92717
1.92746
1.92685
1.92542
1.92328
1.92064
1.91775
1.91488
1.91228
1.91016
1.90861
1.90764
1.90716
1.90703
1.90707
1.90715
1.90714
1.90697
1.9066
1.90602
1.90524
1.90429
1.90319
1.90199
1.90074
1.89948
1.89824
1.89707
1.89599
1.89502
1.89417
1.89344
1.89281
1.89228
1.89183
1.89144
1.89109
1.89077
1.89045
1.89014
1.88981
1.88946
1.88908
1.88867
1.88822
1.88773
1.88721
1.88664
1.88603
1.88538
1.88469
1.88396
1.88319
1.88238
1.88153
1.88065
1.87974
1.8788
1.87786
1.87692
1.87601
1.87513
1.87432
1.87359
1.87296
1.87244
1.87204
1.87177
1.87161
1.87158
1.87165
1.87185
1.87216
1.87261
1.8732
1.87392
1.87479
1.87578
1.87689
1.8781
1.87939
1.88076
1.8822
1.88372
1.88531
1.88695
1.88862
1.89026
1.89181
1.89321
1.89438
1.89521
1.89556
1.89519
1.89374
1.8907
1.88556
1.87801
1.86848
1.85854
1.8509
1.84822
1.85139
1.85893
1.86797
1.87599
1.88165
1.88463
1.88516
1.88373
1.88087
1.87718
1.8733
1.86988
1.86745
1.86639
1.86692
1.86905
1.87263
1.8774
1.88302
1.88909
1.89523
1.90106
1.90625
1.91052
1.91366
1.91555
1.91616
1.91555
1.9139
1.91145
1.9085
1.90535
1.90232
1.89973
1.89787
1.89704
1.89747
1.89917
1.90186
1.90501
1.90791
1.90994
1.9107
1.91015
1.90853
1.90636
1.90423
1.90271
1.90218
1.90274
1.90426
1.90642
1.90882
1.9111
1.91299
1.9143
1.91494
1.91487
1.91405
1.91249
1.91021
1.90725
1.90372
1.89982
1.89585
1.89218
1.88924
1.88742
1.88701
1.88813
1.89071
1.89455
1.89934
1.90473
1.91039
1.91599
1.92129
1.9261
1.93029
1.93379
1.93657
1.93863
1.94
1.94074
1.94088
1.94051
1.9397
1.93858
1.93725
1.93587
1.93459
1.93354
1.93285
1.93258
1.93276
1.93334
1.93423
1.93535
1.93659
1.93789
1.93921
1.9406
1.94212
1.94384
1.94582
1.94804
1.95044
1.95285
1.95507
1.95688
1.95813
1.9587
1.95859
1.95792
1.95685
1.95557
1.95423
1.95285
1.9513
1.94936
1.94678
1.9434
1.93922
1.93446
1.92956
1.92513
1.92182
1.9202
1.92066
1.92332
1.92805
1.93446
1.94203
1.95017
1.95835
1.96614
1.97324
1.97949
1.9848
1.98921
1.99274
1.99547
1.99749
1.99885
1.99963
1.99988
1.99966
1.99899
1.9979
1.99639
1.99447
1.99212
1.98933
1.98606
1.98231
1.97809
1.97342
1.96836
1.96297
1.95737
1.95164
1.94588
1.94015
1.93444
1.92875
1.92317
1.91811
1.91435
1.91284
1.91419
1.91821
1.92393
1.9301
1.93572
1.94029
1.94381
1.94652
1.94875
1.95076
1.95267
1.95447
1.95606
1.95729
1.95801
1.95815
1.95768
1.95665
1.95517
1.95343
1.95161
1.94988
1.94837
1.94711
1.94605
1.94503
1.94386
1.94229
1.94008
1.93703
1.933
1.92797
1.92201
1.91533
1.90825
1.90124
1.89487
1.88979
1.88652
1.8853
1.88592
1.88781
1.89029
1.8928
1.89508
1.89709
1.89894
1.90081
1.90283
1.90506
1.90753
1.9102
1.91298
1.91576
1.91843
1.9209
1.92306
1.92486
1.92621
1.92708
1.9274
1.92714
1.92625
1.92472
1.92255
1.9198
1.91653
1.91282
1.90876
1.90448
1.90023
1.89638
1.89349
1.89215
1.89274
1.89523
1.89916
1.90375
1.90822
1.91197
1.91466
1.9162
1.91665
1.91617
1.91491
1.91303
1.91064
1.90776
1.90436
1.90038
1.89582
1.89082
1.88577
1.88129
1.8782
1.87721
1.8787
1.88253
1.88805
1.89434
1.90046
1.90568
1.90953
1.91179
1.91248
1.9117
1.90965
1.90653
1.90258
1.89803
1.89311
1.88804
1.88294
1.87785
1.87273
1.8675
1.86218
1.85694
1.85218
1.8485
1.84647
1.84652
1.8487
1.85269
1.85792
1.86368
1.86934
1.87442
1.87866
1.88193
1.88423
1.88564
1.88629
1.88629
1.88578
1.88485
1.8836
1.8821
1.8804
1.87855
1.87657
1.87448
1.87229
1.87
1.86764
1.86522
1.86278
1.86037
1.85805
1.85592
1.8541
1.85275
1.85202
1.85202
1.85283
1.85442
1.85666
1.85934
1.8622
1.86498
1.86746
1.86945
1.87084
1.87158
1.87168
1.87123
1.8704
1.86943
1.8686
1.86818
1.86835
1.8691
1.87016
1.87108
1.87122
1.86993
1.86664
1.86108
1.85345
1.84468
1.83633
1.83027
1.82792
1.82961
1.83453
1.84137
1.84885
1.85607
1.8625
1.86785
1.87195
1.87474
1.87624
1.87657
1.87591
1.87451
1.87267
1.87067
1.86878
1.86722
1.8661
1.86547
1.86534
1.86565
1.86633
1.86731
1.86852
1.86991
1.87141
1.87296
1.87451
1.876
1.87738
1.8786
1.87963
1.88044
1.88103
1.88139
1.88155
1.88154
1.8814
1.88118
1.88091
1.88065
1.88043
1.88027
1.88019
1.88019
1.88025
1.88034
1.88042
1.88044
1.88035
1.88008
1.87955
1.87867
1.87733
1.87541
1.87276
1.86925
1.86475
1.85924
1.85284
1.84593
1.8392
1.83359
1.83001
1.82902
1.83053
1.83383
1.83787
1.84163
1.8444
1.84582
1.84586
1.84474
1.8428
1.8405
1.8383
1.83662
1.83581
1.83606
1.83743
1.83978
1.84287
1.84641
1.85009
1.85364
1.85687
1.85967
1.86197
1.86378
1.86511
1.86602
1.86656
1.86677
1.86671
1.86643
1.86598
1.86541
1.86476
1.86407
1.86339
1.86275
1.86218
1.86169
1.8613
1.86102
1.86083
1.86071
1.86064
1.8606
1.86054
1.86043
1.86025
1.85997
1.85958
1.85908
1.85848
1.85779
1.85707
1.85633
1.85564
1.85503
1.85453
1.85417
1.85393
1.8538
1.85372
1.85361
1.85336
1.85288
1.85204
1.85074
1.84894
1.84667
1.8441
1.84152
1.83932
1.8379
1.83754
1.83831
1.84008
1.84257
1.84548
1.84854
1.85161
1.85462
1.85753
1.86033
1.86303
1.86558
1.86795
1.8701
1.87199
1.87357
1.87481
1.87566
1.87607
1.87598
1.8753
1.87394
1.8718
1.86879
1.86491
1.86027
1.85523
1.85035
1.84642
1.84417
1.84408
1.84612
1.8498
1.85433
1.85895
1.86308
1.8664
1.86879
1.8703
1.87104
1.87115
1.87079
1.87009
1.86918
1.86816
1.86711
1.86609
1.86514
1.86426
1.86344
1.86265
1.86186
1.86104
1.86017
1.85927
1.85837
1.85751
1.85677
1.85621
1.8559
1.85586
1.85611
1.85663
1.85737
1.85827
1.85926
1.86027
1.86125
1.86216
1.86298
1.86369
1.86429
1.86477
1.86514
1.8654
1.86554
1.86554
1.8654
1.86508
1.86455
1.86378
1.86272
1.86134
1.85961
1.85753
1.85513
1.85249
1.84972
1.84698
1.84446
1.84233
1.84074
1.83978
1.83946
1.83978
1.84067
1.84209
1.84398
1.84632
1.84906
1.85214
1.8555
1.85904
1.86268
1.86631
1.86981
1.87307
1.87598
1.87841
1.88017
1.88107
1.88081
1.87909
1.87558
1.87009
1.86277
1.85441
1.84659
1.84135
1.84036
1.84393
1.85088
1.85921
1.86714
1.87362
1.87835
1.88149
1.88341
1.88452
1.88521
1.88576
1.8864
1.88729
1.88853
1.89014
1.89211
1.89434
1.89672
1.89911
1.90136
1.90335
1.90497
1.90612
1.90677
1.90689
1.90652
1.90569
1.90451
1.90307
1.90153
1.89999
1.89856
1.89731
1.89625
1.89536
1.89459
1.89392
1.89336
1.89293
1.89266
1.89256
1.89258
1.89259
1.89244
1.89198
1.89111
1.88988
1.88845
1.88714
1.88634
1.88641
1.8876
1.88993
1.8932
1.89707
1.9011
1.9049
1.90819
1.91082
1.91271
1.91384
1.91423
1.91389
1.91283
1.91111
1.90886
1.90634
1.90392
1.90203
1.90109
1.90136
1.90281
1.90517
1.90796
1.91066
1.91279
1.91397
1.91395
1.91259
1.90986
1.9058
1.90058
1.89452
1.88807
1.88182
1.87644
1.87254
1.87058
1.87074
1.87291
1.87674
1.88173
1.88738
1.8932
1.89881
1.90393
1.90836
1.91196
1.91467
1.91646
1.91739
1.91753
1.91705
1.91615
1.91507
1.91403
1.91322
1.91275
1.91259
1.91262
1.91261
1.91229
1.91139
1.90968
1.90701
1.90333
1.89874
1.89351
1.8881
1.8831
1.87913
1.87669
1.87599
1.87692
1.87909
1.88196
1.88502
1.88789
1.89036
1.89241
1.89412
1.89567
1.8972
1.89879
1.90048
1.90223
1.904
1.90575
1.90748
1.90923
1.91104
1.91294
1.91489
1.91684
1.91863
1.92008
1.92095
1.92096
1.9198
1.91715
1.91276
1.90655
1.89873
1.88996
1.88131
1.87396
1.86869
1.86552
1.86376
1.86249
1.86121
1.86004
1.85961
1.86064
1.86344
1.86776
1.87283
1.8777
1.88152
1.88379
1.8843
1.8831
1.88043
1.8766
1.87193
1.86679
1.86153
1.85657
1.85237
1.84942
1.84821
1.8491
1.85219
1.85727
1.86377
1.87096
1.87808
1.8845
1.88979
1.89373
1.89629
1.89753
1.89762
1.89671
1.89498
1.8926
1.88968
1.88633
1.88263
1.87867
1.87454
1.87037
1.8663
1.86254
1.85925
1.8566
1.85467
1.85346
1.8529
1.85282
1.85305
1.85341
1.85376
1.85398
1.85402
1.85386
1.85352
1.85304
1.85246
1.85184
1.85123
1.85066
1.85016
1.84973
1.84936
1.84905
1.84875
