1.46816
1.46816
1.46816
1.46816
1.46816
1.46816
1.46816
1.46816
1.46816
1.46816
1.46816
1.46816
1.46816
1.46816
1.46816
1.46815
1.46814
1.46814
1.46812
1.4681
1.46808
1.46806
1.46804
1.46803
1.46801
1.46799
1.46795
1.46793
1.4679
1.46788
1.46786
1.46783
1.46782
1.46779
1.46777
1.46776
1.46774
1.46772
1.4677
1.46769
1.46767
1.46766
1.46765
1.46764
1.46764
1.46763
1.46763
1.4676
1.4676
1.4676
1.46759
1.46758
1.46757
1.46757
1.46757
1.46757
1.46756
1.46756
1.46754
1.46753
1.46753
1.46752
1.46751
1.4675
1.46749
1.46748
1.46747
1.46747
1.46747
1.46746
1.46745
1.46745
1.46744
1.46743
1.46743
1.46743
1.46743
1.46742
1.46742
1.46743
1.46741
1.4674
1.46739
1.46739
1.46739
1.46739
1.46739
1.46739
1.46739
1.46739
1.46738
1.46738
1.46737
1.46737
1.46737
1.46737
1.46736
1.46736
1.46736
1.46736
1.46735
1.46735
1.46735
1.46735
1.46735
1.46735
1.46735
1.46735
1.46733
1.46733
1.46733
1.46733
1.46733
1.46732
1.46732
1.46731
1.46731
1.46732
1.46733
1.46732
1.46732
1.46732
1.46731
1.46731
1.46731
1.46731
1.46731
1.46731
1.46731
1.46731
1.4673
1.4673
1.4673
1.4673
1.46729
1.4673
1.4673
1.4673
1.4673
1.4673
1.46731
1.46731
1.4673
1.4673
1.4673
1.4673
1.46729
1.4673
1.4673
1.46731
1.46732
1.46732
1.46733
1.46733
1.46732
1.46732
1.46732
1.46733
1.46731
1.4673
1.46728
1.46728
1.46729
1.46729
1.46729
1.46729
1.46729
1.46729
1.46729
1.4673
1.4673
1.4673
1.4673
1.46729
1.4673
1.4673
1.4673
1.4673
1.4673
1.46729
1.46729
1.46729
1.46729
1.46729
1.46729
1.46729
1.46729
1.46728
1.46728
1.46727
1.46727
1.46726
1.46726
1.46725
1.46727
1.46726
1.46725
1.46725
1.46725
1.46725
1.46724
1.46725
1.46724
1.46724
1.46724
1.46724
1.46725
1.46725
1.46725
1.46725
1.46725
1.46725
1.46725
1.46725
1.46725
1.46726
1.46726
1.46727
1.46727
1.46726
1.46726
1.46726
1.46727
1.46728
1.46727
1.46727
1.46726
1.46726
1.46726
1.46725
1.46726
1.46726
1.46726
1.46726
1.46726
1.46726
1.46725
1.46726
1.46726
1.46726
1.46726
1.46725
1.46725
1.46725
1.46725
1.46724
1.46724
1.46725
1.46724
1.46725
1.46725
1.46724
1.46724
1.46724
1.46724
1.46725
1.46725
1.46725
1.46725
1.46725
1.46725
1.46726
1.46726
1.46726
1.46725
1.46725
1.46726
1.46725
1.46726
1.46725
1.46725
1.46725
1.46725
1.46725
1.46725
1.46725
1.46726
1.46726
1.46726
1.46725
1.46725
1.46724
1.46725
1.46725
1.46724
1.46724
1.46724
1.46725
1.46724
1.46724
1.46724
1.46723
1.46723
1.46722
1.46722
1.46722
1.46721
1.46721
1.46722
1.46722
1.46722
1.46722
1.46722
1.46721
1.46722
1.46722
1.46722
1.46721
1.46721
1.46722
1.46723
1.46723
1.46721
1.46721
1.4672
1.4672
1.4672
1.46721
1.46721
1.46722
1.46722
1.46722
1.46722
1.46722
1.46722
1.46722
1.46722
1.46723
1.46722
1.46722
1.46722
1.46722
1.46721
1.46721
1.4672
1.46719
1.46719
1.46719
1.46719
1.46718
1.46719
1.46718
1.46718
1.46719
1.46719
1.46719
1.46718
1.46718
1.46719
1.46718
1.46718
1.46719
1.4672
1.4672
1.4672
1.4672
1.4672
1.4672
1.4672
1.46721
1.46721
1.46721
1.46721
1.46721
1.46721
1.46721
1.4672
1.46721
1.4672
1.46721
1.46721
1.46721
1.46721
1.46721
1.4672
1.4672
1.4672
1.4672
1.46719
1.46719
1.46719
1.4672
1.4672
1.46719
1.4672
1.4672
1.46719
1.46718
1.46718
1.46718
1.46718
1.46717
1.46718
1.46718
1.46718
1.46718
1.46718
1.46718
1.46719
1.46719
1.46719
1.46719
1.46719
1.46719
1.46719
1.46719
1.4672
1.4672
1.4672
1.4672
1.4672
1.4672
1.4672
1.4672
1.46719
1.46719
1.46719
1.4672
1.46721
1.46721
1.46721
1.46721
1.46721
1.4672
1.46721
1.46721
1.4672
1.46721
1.4672
1.4672
1.46721
1.4672
1.46719
1.46719
1.46719
1.46719
1.46719
1.46719
1.46719
1.46719
1.46719
1.46719
1.46718
1.46717
1.46718
1.46717
1.46718
1.46719
1.46719
1.4672
1.4672
1.4672
1.4672
1.46719
1.46718
1.46718
1.46719
1.46718
1.46719
1.46719
1.4672
1.46721
1.4672
1.4672
1.4672
1.4672
1.4672
1.46719
1.46719
1.4672
1.4672
1.46719
1.46719
1.46718
1.46717
1.46716
1.46716
1.46716
1.46715
1.46715
1.46715
1.46716
1.46716
1.46715
1.46716
1.46716
1.46716
1.46716
1.46715
1.46715
1.46715
1.46715
1.46715
1.46716
1.46716
1.46716
1.46716
1.46717
1.46717
1.46717
1.46717
1.46717
1.46717
1.46717
1.46718
1.46717
1.46718
1.46718
1.46717
1.46717
1.46717
1.46717
1.46717
1.46717
1.46717
1.46716
1.46716
1.46716
1.46716
1.46715
1.46715
1.46715
1.46715
1.46715
1.46715
1.46716
1.46716
1.46716
1.46716
1.46716
1.46716
1.46716
1.46716
1.46716
1.46715
1.46716
1.46716
1.46716
1.46716
1.46716
1.46716
1.46715
1.46716
1.46715
1.46715
1.46715
1.46716
1.46716
1.46716
1.46718
1.46719
1.46719
1.4672
1.46719
1.4672
1.4672
1.4672
1.46719
1.46719
1.46719
1.46718
1.46718
1.46717
1.46718
1.46717
1.46717
1.46716
1.46716
1.46716
1.46716
1.46716
1.46716
1.46716
1.46716
1.46715
1.46716
1.46716
1.46717
1.46717
1.46718
1.46717
1.46717
1.46717
1.46717
1.46716
1.46716
1.46716
1.46716
1.46716
1.46716
1.46716
1.46716
1.46716
1.46715
1.46715
1.46715
1.46716
1.46717
1.46717
1.46716
1.46716
1.46716
1.46716
1.46717
1.46717
1.46716
1.46716
1.46716
1.46716
1.46716
1.46716
1.46716
1.46716
1.46716
1.46716
1.46716
1.46716
1.46717
1.46717
1.46717
1.46716
1.46717
1.46717
1.46717
1.46717
1.46717
1.46718
1.46718
1.46717
1.46717
1.46717
1.46717
1.46717
1.46716
1.46716
1.46716
1.46715
1.46715
1.46715
1.46715
1.46715
1.46715
1.46716
1.46717
1.46717
1.46718
1.46718
1.46719
1.46718
1.46718
1.46719
1.46719
1.46719
1.46719
1.46719
1.46719
1.46719
1.46719
1.4672
1.4672
1.4672
1.4672
1.46719
1.46719
1.46719
1.46719
1.4672
1.4672
1.4672
1.46719
1.46719
1.46718
1.46719
1.46719
1.46719
1.46718
1.46718
1.46718
1.46719
1.46719
1.4672
1.4672
1.46719
1.46719
1.46719
1.46719
1.46719
1.46718
1.46718
1.46718
1.46718
1.46718
1.46718
1.46718
1.46719
1.46718
1.46718
1.46717
1.46717
1.46717
1.46717
1.46717
1.46718
1.46719
1.46719
1.46719
1.46719
1.46719
1.4672
1.4672
1.46719
1.46719
1.46719
1.46719
1.4672
1.46719
1.46719
1.46719
1.46719
1.46719
1.46718
1.46719
1.46719
1.46718
1.46718
1.46718
1.46719
1.46719
1.46719
1.46719
1.46718
1.46718
1.46718
1.46718
1.46719
1.46718
1.46719
1.46719
1.46719
1.46719
1.46719
1.46719
1.46718
1.46719
1.46718
1.46718
1.46718
1.46718
1.46719
1.46718
1.46718
1.46718
1.46719
1.4672
1.4672
1.46721
1.46721
1.46721
1.46721
1.46722
1.46722
1.46721
1.4672
1.4672
1.4672
1.46721
1.46721
1.4672
1.4672
1.4672
1.4672
1.46719
1.4672
1.4672
1.4672
1.46721
1.46721
1.46721
1.46721
1.46721
1.46722
1.46722
1.46722
1.46723
1.46723
1.46722
1.46723
1.46723
1.46724
1.46723
1.46722
1.46722
1.46722
1.46722
1.46721
1.46722
1.46721
1.46721
1.46721
1.46721
1.46719
1.46719
1.46718
1.46718
1.46718
1.46718
1.46719
1.46719
1.4672
1.46718
1.46718
1.46719
1.46718
1.46718
1.46719
1.46719
1.46718
1.46718
1.46719
1.46719
1.4672
1.4672
1.46719
1.4672
1.4672
1.4672
1.4672
1.4672
1.4672
1.4672
1.46719
1.46718
1.46718
1.46718
1.46718
1.46717
1.46718
1.46718
1.46718
1.4672
1.4672
1.4672
1.4672
1.46721
1.46721
1.4672
1.4672
1.46721
1.46721
1.46722
1.46722
1.46723
1.46723
1.46723
1.46724
1.46724
1.46723
1.46723
1.46723
1.46723
1.46723
1.46723
1.46723
1.46723
1.46723
1.46722
1.46722
1.46722
1.46722
1.46722
1.46722
1.46723
1.46723
1.46723
1.46723
1.46723
1.46724
1.46723
1.46722
1.46722
1.46723
1.46723
1.46723
1.46723
1.46724
1.46724
1.46724
1.46724
1.46724
1.46723
1.46723
1.46722
1.46722
1.46722
1.46723
1.46724
1.46724
1.46724
1.46724
1.46724
1.46723
1.46723
1.46723
1.46723
1.46724
1.46724
1.46723
1.46723
1.46723
1.46723
1.46723
1.46723
1.46723
1.46723
1.46723
1.46724
1.46724
1.46725
1.46724
1.46723
1.46723
1.46723
1.46722
1.46722
1.46723
1.46723
1.46723
1.46723
1.46723
1.46723
1.46724
1.46723
1.46723
1.46723
1.46723
1.46723
1.46724
1.46724
1.46723
1.46723
1.46723
1.46722
1.46722
1.46722
1.46722
1.46722
1.46723
1.46723
1.46723
1.46723
1.46724
1.46723
1.46723
1.46723
1.46723
1.46723
1.46723
1.46724
1.46723
1.46724
1.46723
1.46724
1.46723
1.46723
1.46723
1.46723
1.46723
1.46722
1.46722
1.46722
1.46723
1.46723
1.46723
1.46723
1.46723
1.46725
1.46725
1.46725
1.46725
1.46724
1.46723
1.46724
1.46724
1.46724
1.46724
1.46724
1.46724
1.46724
1.46725
1.46724
1.46723
1.46723
1.46724
1.46724
1.46724
1.46723
1.46724
1.46724
1.46723
1.46722
1.46723
1.46724
1.46724
1.46723
1.46722
1.46722
1.46722
1.46722
1.46722
1.46722
1.46723
1.46723
1.46724
1.46724
1.46724
1.46724
1.46724
1.46725
1.46726
1.46726
1.46727
1.46727
1.46727
1.46727
1.46727
1.46727
1.46727
1.46726
1.46726
1.46726
1.46726
1.46726
1.46726
1.46725
1.46725
1.46725
1.46725
1.46726
1.46726
1.46726
1.46726
1.46726
1.46726
1.46727
1.46727
1.46728
1.46728
1.46728
1.46728
1.46727
1.46726
1.46726
1.46726
1.46725
1.46725
1.46724
1.46723
1.46724
1.46725
1.46724
1.46724
1.46724
1.46724
1.46725
1.46725
1.46726
1.46725
1.46726
1.46726
1.46726
1.46725
1.46725
1.46725
1.46725
1.46726
1.46725
1.46725
1.46725
1.46726
1.46726
1.46726
1.46725
1.46725
1.46725
1.46726
1.46726
1.46726
1.46725
1.46725
1.46725
1.46724
1.46725
1.46725
1.46724
1.46725
1.46725
1.46725
1.46726
1.46726
1.46727
1.46727
1.46728
1.46727
1.46727
1.46726
1.46725
1.46725
1.46724
1.46725
1.46725
1.46725
1.46726
1.46725
1.46725
1.46726
1.46726
1.46726
1.46726
1.46725
1.46724
1.46725
1.46725
1.46725
1.46725
1.46725
1.46724
1.46724
1.46724
1.46724
1.46724
1.46724
1.46725
1.46725
1.46725
1.46725
1.46725
1.46725
1.46725
1.46726
1.46726
1.46725
1.46725
1.46725
1.46725
1.46724
1.46723
1.46722
1.46723
1.46722
1.46722
1.46723
1.46722
1.46722
1.46722
1.46723
1.46723
1.46724
1.46725
1.46724
1.46725
1.46724
1.46723
1.46723
1.46723
1.46723
1.46723
1.46723
1.46723
1.46723
1.46722
1.46723
1.46723
1.46723
1.46723
1.46724
1.46724
1.46723
1.46724
1.46724
1.46725
1.46725
1.46725
1.46724
1.46724
1.46724
1.46723
1.46724
1.46724
1.46724
1.46723
1.46723
1.46724
1.46724
1.46724
1.46723
1.46723
1.46723
1.46723
1.46724
1.46724
1.46724
1.46724
1.46725
1.46725
1.46725
1.46725
1.46725
1.46725
1.46724
1.46724
1.46723
1.46724
1.46724
1.46724
1.46724
1.46724
1.46724
1.46724
1.46725
1.46724
1.46724
1.46724
1.46723
1.46723
1.46723
1.46722
1.46722
1.46721
1.46722
1.46722
1.46722
1.46721
1.46722
1.46723
1.46724
1.46723
1.46723
1.46724
1.46723
1.46723
1.46724
1.46724
1.46723
1.46723
1.46723
1.46723
1.46723
1.46722
1.46722
1.46723
1.46723
1.46723
1.46722
1.46722
1.46722
1.46721
1.46722
1.46722
1.46723
1.46723
1.46724
1.46723
1.46723
1.46723
1.46722
1.46722
1.46723
1.46724
1.46724
1.46725
1.46725
1.46725
1.46724
1.46725
1.46724
1.46723
1.46723
1.46723
1.46723
1.46722
1.46722
1.46722
1.46722
1.46722
1.46721
1.46721
1.46723
1.46722
1.46722
1.46722
1.46722
1.46722
1.46721
1.46721
1.4672
1.46719
1.46719
1.4672
1.46719
1.46719
1.46719
1.46719
1.46719
1.46719
1.46719
1.46719
1.46719
1.46719
1.46719
1.46719
1.46719
1.4672
1.46719
1.46719
1.46718
1.46718
1.46718
1.46718
1.46718
1.46718
1.46718
1.46718
1.46717
1.46718
1.46718
1.46718
1.46717
1.46718
1.46717
1.46718
1.46719
1.4672
1.4672
1.4672
1.46718
1.46718
1.46717
1.46718
1.46718
1.46718
1.46718
1.46718
1.46718
1.46718
1.46717
1.46717
1.46717
1.46716
1.46715
1.46716
1.46717
1.46717
1.46718
1.46719
1.46719
1.46718
1.46718
1.46719
1.46718
1.46718
1.46719
1.46718
1.46718
1.46719
1.46718
1.46718
1.46719
1.46718
1.46718
1.46718
1.46718
1.46718
1.46718
1.46718
1.46717
1.46717
1.46717
1.46716
1.46715
1.46716
1.46716
1.46716
1.46716
1.46717
1.46716
1.46717
1.46717
1.46717
1.46717
1.46716
1.46716
1.46715
1.46715
1.46713
1.46714
1.46714
1.46714
1.46714
1.46714
1.46714
1.46713
1.46713
1.46712
1.46712
1.46712
1.46712
1.46712
1.46711
1.46711
1.46711
1.4671
1.4671
1.4671
1.4671
1.46709
1.46709
1.46709
1.4671
1.4671
1.4671
1.46708
1.46708
1.46708
1.46708
1.46708
1.46709
1.46709
1.46709
1.46708
1.46709
1.46708
1.46707
1.46707
1.46707
1.46708
1.46708
1.46708
1.46707
1.46707
1.46708
1.46708
1.46709
1.46708
1.46708
1.46708
1.46709
1.46709
1.46709
1.46708
1.46708
1.46709
1.46708
1.46708
1.46709
1.46709
1.46709
1.46709
1.46709
1.46709
1.46709
1.4671
1.4671
1.46711
1.46711
1.46712
1.46711
1.46712
1.46713
1.46713
1.46713
1.46712
1.46712
1.46711
1.46711
1.46711
1.4671
1.4671
1.46711
1.46711
1.4671
1.46709
1.46709
1.46709
1.46708
1.46708
1.46709
1.46709
1.46709
1.46709
1.4671
1.46709
1.46709
1.46709
1.46709
1.4671
1.46709
1.4671
1.4671
1.4671
1.4671
1.4671
1.4671
1.4671
1.46711
1.4671
1.46711
1.46711
1.46712
1.46712
1.46712
1.46712
1.46712
1.46712
1.46711
1.46712
1.46712
1.46712
1.46713
1.46714
1.46714
1.46714
1.46715
1.46715
1.46715
1.46714
1.46714
1.46715
1.46715
1.46715
1.46716
1.46715
1.46715
1.46714
1.46715
1.46715
1.46715
1.46714
1.46715
1.46714
1.46714
1.46715
1.46714
1.46715
1.46715
1.46715
1.46715
1.46714
1.46713
1.46712
1.46713
1.46713
1.46713
1.46713
1.46713
1.46714
1.46714
1.46714
1.46714
1.46714
1.46715
1.46714
1.46713
1.46714
1.46714
1.46714
1.46715
1.46715
1.46716
1.46716
1.46716
1.46716
1.46716
1.46716
1.46715
1.46715
1.46714
1.46713
1.46714
1.46714
1.46714
1.46713
1.46714
1.46714
1.46713
1.46713
1.46713
1.46712
1.46712
1.46712
1.46712
1.46712
1.46712
1.46713
1.46712
1.46711
1.46713
1.46713
1.46713
1.46713
1.46712
1.46712
1.46712
1.46714
1.46714
1.46714
1.46714
1.46715
1.46715
1.46716
1.46715
1.46715
1.46714
1.46715
1.46715
1.46715
1.46714
1.46713
1.46713
1.46712
1.46712
1.46713
1.46712
1.46712
1.46713
1.46712
1.46713
1.46713
1.46713
1.46713
1.46712
1.46713
1.46712
1.46712
1.46712
1.46712
1.46713
1.46714
1.46714
1.46713
1.46712
1.46712
1.46712
1.46713
1.46713
1.46713
1.46714
1.46715
1.46714
1.46713
1.46714
1.46714
1.46714
1.46715
1.46715
1.46714
1.46714
1.46713
1.46713
1.46713
1.46713
1.46714
1.46713
1.46713
1.46712
1.46712
1.46712
1.46712
1.46712
1.4671
1.4671
1.4671
1.4671
1.4671
1.46711
1.46711
1.4671
1.4671
1.4671
1.4671
1.46709
1.46709
1.46709
1.46709
1.46709
1.46709
1.46709
1.46708
1.46707
1.46708
1.46709
1.4671
1.4671
1.46711
1.46711
1.46711
1.46712
1.46712
1.46712
1.46712
1.46712
1.46711
1.4671
1.4671
1.4671
1.4671
1.4671
1.4671
1.4671
1.4671
1.4671
1.46709
1.4671
1.46709
1.46709
1.46709
1.4671
1.4671
1.4671
1.4671
1.46711
1.4671
1.46711
1.46711
1.4671
1.4671
1.4671
1.46709
1.46706
1.46706
1.46706
1.46707
1.46708
1.46707
1.46708
1.46708
1.46707
1.46707
1.46707
1.46706
1.46706
1.46706
1.46707
1.46707
1.46707
1.46708
1.46708
1.46708
1.46708
1.46708
1.46707
1.46707
1.46708
1.46707
1.46707
1.46706
1.46704
1.46704
1.46704
1.46703
1.46704
1.46704
1.46703
1.46703
1.46703
1.46703
1.46703
1.46703
1.46704
1.46704
1.46704
1.46705
1.46704
1.46705
1.46705
1.46705
1.46704
1.46704
1.46704
1.46704
1.46704
1.46704
1.46703
1.46704
1.46704
1.46704
1.46704
1.46704
1.46704
1.46703
1.46703
1.46703
1.46703
1.46704
1.46704
1.46704
1.46704
1.46703
1.46703
1.46703
1.46702
1.46703
1.46703
1.46703
1.46702
1.46702
1.46702
1.46702
1.46703
1.46702
1.46703
1.46703
1.46704
1.46705
1.46705
1.46704
1.46704
1.46705
1.46704
1.46704
1.46705
1.46706
1.46705
1.46705
1.46705
1.46706
1.46706
1.46706
1.46706
1.46706
1.46707
1.46707
1.46706
1.46707
1.46708
1.46709
1.46708
1.46708
1.46708
1.46709
1.46709
1.4671
1.4671
1.4671
1.4671
1.46709
1.46709
1.46709
1.4671
1.46709
1.46709
1.46709
1.46709
1.4671
1.4671
1.4671
1.46709
1.46708
1.46708
1.46708
1.46708
1.46707
1.46707
1.46707
1.46706
1.46706
1.46707
1.46707
1.46706
1.46706
1.46706
1.46706
1.46707
1.46707
1.46707
1.46706
1.46706
1.46706
1.46706
1.46706
1.46705
1.46706
1.46705
1.46706
1.46707
1.46707
1.46707
1.46707
1.46708
1.46707
1.46707
1.46706
1.46707
1.46707
1.46708
1.46707
1.46706
1.46706
1.46705
1.46706
1.46705
1.46706
1.46706
1.46707
1.46707
1.46708
1.46708
1.46709
1.46709
1.46709
1.46709
1.46709
1.46709
1.46708
1.46708
1.46709
1.46708
1.46708
1.46708
1.46709
1.46709
1.46709
1.46709
1.46709
1.46708
1.46708
1.46708
1.46708
1.46708
1.46709
1.4671
1.46709
1.46708
1.46708
1.46708
1.46708
1.46708
1.46709
1.46709
1.46709
1.46709
1.46709
1.46709
1.46709
1.46709
1.46709
1.46709
1.46708
1.46708
1.46708
1.46708
1.46708
1.46709
1.46709
1.46709
1.46709
1.46709
1.46709
1.46709
1.46708
1.46708
1.46709
1.46708
1.46709
1.46709
1.46709
1.4671
1.46709
1.46709
1.46708
1.46708
1.46708
1.46708
1.46708
1.46708
1.46708
1.46707
1.46707
1.46707
1.46709
1.4671
1.46709
1.46708
1.46708
1.46709
1.46709
1.46709
1.46709
1.46709
1.46709
1.4671
1.46711
1.46711
1.46713
1.46712
1.46713
1.46713
1.46712
1.46712
1.46713
1.46713
1.46713
1.46714
1.46714
1.46713
1.46714
1.46714
1.46713
1.46713
1.46713
1.46714
1.46714
1.46714
1.46714
1.46713
1.46713
1.46713
1.46714
1.46714
1.46714
1.46714
1.46714
1.46714
1.46714
1.46713
1.46713
1.46714
1.46715
1.46715
1.46715
1.46716
1.46717
1.46717
1.46717
1.46717
1.46717
1.46718
1.46719
1.46718
1.46718
1.46718
1.46718
1.46718
1.46719
1.46718
1.46719
1.4672
1.4672
1.4672
1.4672
1.4672
1.4672
1.46719
1.46719
1.46719
1.46718
1.46718
1.46718
1.46718
1.46718
1.46718
1.46717
1.46718
1.46718
1.46718
1.46718
1.46718
1.46717
1.46718
1.46718
1.46718
1.46717
1.46718
1.46718
1.4672
1.4672
1.4672
1.4672
1.4672
1.4672
1.4672
1.4672
1.46719
1.4672
1.4672
1.46721
1.4672
1.4672
1.46721
1.4672
1.4672
1.4672
1.4672
1.46719
1.46719
1.4672
1.4672
1.46721
1.46721
1.46721
1.46721
1.4672
1.4672
1.46719
1.46719
1.46718
1.46718
1.46719
1.46718
1.46719
1.46719
1.46719
1.46719
1.46718
1.46718
1.46718
1.46719
1.46719
1.46717
1.46718
1.46718
1.46719
1.46719
1.46718
1.46719
1.46719
1.46719
1.4672
1.46719
1.4672
1.4672
1.46719
1.46719
1.46719
1.46719
1.46718
1.46717
1.46716
1.46716
1.46716
1.46717
1.46716
1.46716
1.46715
1.46716
1.46716
1.46716
1.46716
1.46717
1.46717
1.46717
1.46717
1.46717
1.46717
1.46718
1.46718
1.46718
1.46717
1.46717
1.46718
1.46718
1.46718
1.46718
1.46718
1.46717
1.46718
1.46719
1.4672
1.4672
1.46721
1.4672
1.46721
1.46721
1.46721
1.46721
1.4672
1.4672
1.4672
1.46721
1.46721
1.46721
1.4672
1.4672
1.4672
1.4672
1.4672
1.4672
1.4672
1.4672
1.46719
1.46719
1.46719
1.46719
1.46719
1.4672
1.4672
1.4672
1.46719
1.46719
1.46719
1.46718
1.46719
1.46719
1.46718
1.46718
1.46718
1.46719
1.46718
1.46719
1.46718
1.46718
1.46719
1.46718
1.46719
1.4672
1.46719
1.46719
1.46719
1.46719
1.46719
1.46719
1.46719
1.4672
1.46719
1.46719
1.46721
1.46721
1.4672
1.46721
1.46721
1.4672
1.4672
1.4672
1.46721
1.46722
1.46722
1.46722
1.46721
1.46721
1.46721
1.46722
1.46722
1.46722
1.46723
1.46723
1.46722
1.46721
1.46721
1.46722
1.46722
1.46722
1.46722
1.46722
1.46721
1.46722
1.46722
1.46722
1.46722
1.46722
1.46722
1.46723
1.46723
1.46723
1.46723
1.46724
1.46724
1.46724
1.46725
1.46725
1.46726
1.46726
1.46726
1.46726
1.46726
1.46726
1.46727
1.46726
1.46726
1.46726
1.46726
1.46726
1.46726
1.46726
1.46725
1.46725
1.46725
1.46725
1.46726
1.46726
1.46726
1.46726
1.46726
1.46727
1.46726
1.46726
1.46726
1.46726
1.46726
1.46725
1.46724
1.46724
1.46724
1.46724
1.46724
1.46724
1.46725
1.46726
1.46726
1.46726
1.46727
1.46726
1.46726
1.46726
1.46727
1.46726
1.46726
1.46725
1.46725
1.46726
1.46726
1.46727
1.46727
1.46727
1.46728
1.46728
1.46728
1.46727
1.46727
1.46727
1.46727
1.46726
1.46726
1.46726
1.46727
1.46726
1.46726
1.46726
1.46726
1.46726
1.46727
1.46727
1.46727
1.46729
1.46728
1.46727
1.46727
1.46728
1.4673
1.46729
1.46729
1.46729
1.46729
1.46729
1.46729
1.46729
1.46727
1.46727
1.46727
1.46726
1.46726
1.46727
1.46727
1.46726
1.46726
1.46726
1.46726
1.46727
1.46728
1.46728
1.46728
1.46727
1.46728
1.46728
1.46728
1.46727
1.46725
1.46724
1.46724
1.46724
1.46724
1.46723
1.46723
1.46723
1.46724
1.46724
1.46723
1.46723
1.46723
1.46723
1.46723
1.46722
1.46722
1.46722
1.46723
1.46723
1.46723
1.46723
1.46723
1.46724
1.46723
1.46723
1.46722
1.46722
1.46723
1.46723
1.46723
1.46722
1.46722
1.46722
1.46723
1.46722
1.46722
1.46722
1.46724
1.46724
1.46724
1.46725
1.46725
1.46725
1.46725
1.46725
1.46725
1.46724
1.46723
1.46722
1.46722
1.46723
1.46723
1.46723
1.46723
1.46724
1.46725
1.46725
1.46725
1.46726
1.46726
1.46727
1.46727
1.46726
1.46726
1.46726
1.46727
1.46727
1.46727
1.46728
1.46728
1.46729
1.46728
1.46728
1.46729
1.46729
1.46728
1.46729
1.46729
1.46729
1.4673
1.4673
1.4673
1.4673
1.46731
1.4673
1.46729
1.46729
1.46729
1.46729
1.46728
1.46728
1.46729
1.46729
1.46729
1.4673
1.46729
1.46729
1.46729
1.46729
1.46729
1.46729
1.46729
1.46729
1.46729
1.46729
1.46729
1.46729
1.46729
1.46728
1.46727
1.46727
1.46728
1.46728
1.46727
1.46727
1.46728
1.46729
1.4673
1.46729
1.46729
1.46729
1.46729
1.46728
1.46729
1.46728
1.46728
1.46729
1.46729
1.46728
1.46728
1.46728
1.46727
1.46727
1.46728
1.46728
1.46728
1.46728
1.46728
1.46728
1.46728
1.46727
1.46727
1.46727
1.46726
1.46726
1.46725
1.46726
1.46726
1.46726
1.46726
1.46726
1.46726
1.46726
1.46726
1.46725
1.46725
1.46725
1.46725
1.46724
1.46725
1.46724
1.46724
1.46724
1.46724
1.46723
1.46723
1.46723
1.46724
1.46724
1.46723
1.46722
1.46723
1.46724
1.46724
1.46725
1.46725
1.46725
1.46725
1.46724
1.46725
1.46725
1.46724
1.46726
1.46725
1.46726
1.46726
1.46726
1.46726
1.46726
1.46726
1.46726
1.46727
1.46726
1.46727
1.46727
1.46728
1.46728
1.46729
1.46729
1.46728
1.46728
1.46728
1.46727
1.46729
1.4673
1.46729
1.46729
1.46729
1.46728
1.46728
1.46727
1.46727
1.46728
1.46727
1.46727
1.46727
1.46728
1.46727
1.46727
1.46727
1.46726
1.46727
1.46726
1.46725
1.46725
1.46726
1.46725
1.46725
1.46725
1.46725
1.46725
1.46725
1.46724
1.46724
1.46725
1.46724
1.46725
1.46724
1.46724
1.46724
1.46725
1.46725
1.46725
1.46725
1.46725
1.46725
1.46726
1.46725
1.46725
1.46723
1.46723
1.46724
1.46724
1.46723
1.46723
1.46723
1.46723
1.46724
1.46725
1.46725
1.46724
1.46723
1.46723
1.46723
1.46723
1.46724
1.46725
1.46724
1.46724
1.46725
1.46725
1.46724
1.46723
1.46722
1.46722
1.46722
1.46722
1.46722
1.46721
1.46721
1.46721
1.46722
1.46721
1.46723
1.46723
1.46723
1.46722
1.46722
1.46721
1.46721
1.46721
1.4672
1.4672
1.46719
1.46719
1.4672
1.4672
1.4672
1.4672
1.4672
1.46719
1.46719
1.46719
1.46719
1.46718
1.46717
1.46717
1.46717
1.46717
1.46718
1.46718
1.46718
1.46716
1.46717
1.46716
1.46715
1.46714
1.46715
1.46715
1.46714
1.46714
1.46715
1.46714
1.46714
1.46714
1.46714
1.46713
1.46714
1.46714
1.46713
1.46714
1.46714
1.46714
1.46713
1.46713
1.46713
1.46713
1.46714
1.46714
1.46713
1.46712
1.46712
1.46712
1.46713
1.46712
1.46713
1.46712
1.46712
1.4671
1.4671
1.4671
1.4671
1.4671
1.4671
1.4671
1.46711
1.46711
1.46711
1.4671
1.4671
1.4671
1.46708
1.46708
1.46706
1.46707
1.46708
1.46708
1.46708
1.46708
1.46708
1.46708
1.46708
1.46708
1.46709
1.46709
1.46709
1.46709
1.46709
1.46708
1.46708
1.46709
1.46709
1.4671
1.46709
1.46709
1.46709
1.46709
1.46709
1.4671
1.46709
1.46709
1.46709
1.4671
1.46709
1.46709
1.46708
1.46708
1.46709
1.46708
1.46708
1.46707
1.46707
1.46707
1.46709
1.46709
1.4671
1.4671
1.4671
1.46711
1.4671
1.4671
1.46709
1.46709
1.46709
1.46709
1.46709
1.46709
1.46709
1.46709
1.46709
1.46708
1.46709
1.4671
1.4671
1.46709
1.4671
1.4671
1.46709
1.46709
1.46709
1.46708
1.46708
1.46708
1.46707
1.46707
1.46708
1.46708
1.46707
1.46707
1.46707
1.46707
1.46707
1.46707
1.46707
1.46707
1.46707
1.46706
1.46706
1.46706
1.46706
1.46707
1.46707
1.46708
1.46707
1.46707
1.46707
1.46706
1.46706
1.46706
1.46705
1.46705
1.46704
1.46704
1.46705
1.46706
1.46707
1.46706
1.46705
1.46705
1.46706
1.46705
1.46706
1.46706
1.46706
1.46706
1.46706
1.46707
1.46707
1.46707
1.46707
1.46706
1.46706
1.46706
1.46705
1.46705
1.46705
1.46705
1.46705
1.46704
1.46704
1.46703
1.46703
1.46702
1.46703
1.46702
1.46702
1.46702
1.46701
1.467
1.46701
1.46702
1.46702
1.46703
1.46702
1.46702
1.46702
1.46701
1.46702
1.46702
1.46702
1.46702
1.46703
1.46703
1.46703
1.46703
1.46703
1.46702
1.46702
1.46702
1.46702
1.46703
1.46703
1.46703
1.46702
1.46703
1.46703
1.46704
1.46703
1.46704
1.46704
1.46704
1.46704
1.46704
1.46704
1.46704
1.46704
1.46704
1.46704
1.46704
1.46703
1.46703
1.46704
1.46705
1.46704
1.46704
1.46704
1.46704
1.46703
1.46704
1.46703
1.46704
1.46703
1.46703
1.46703
1.46703
1.46702
1.46702
1.46702
1.46701
1.46701
1.46701
1.46701
1.46701
1.467
1.467
1.467
1.467
1.467
1.467
1.467
1.467
1.46701
1.46701
1.46702
1.46701
1.46701
1.46702
1.46702
1.46703
1.46703
1.46701
1.46701
1.46702
1.46702
1.46701
1.46701
1.46702
1.46702
1.46702
1.46703
1.46703
1.46703
1.46703
1.46703
1.46704
1.46704
1.46704
1.46704
1.46704
1.46705
1.46704
1.46704
1.46704
1.46704
1.46703
1.46703
1.46703
1.46704
1.46704
1.46703
1.46703
1.46703
1.46704
1.46704
1.46702
1.46702
1.46702
1.46701
1.46701
1.46701
1.46701
1.467
1.467
1.46701
1.46701
1.46701
1.46701
1.46701
1.46701
1.46702
1.46702
1.46701
1.46702
1.46702
1.46702
1.46702
1.46701
1.46701
1.46702
1.46703
1.46703
1.46704
1.46704
1.46705
1.46705
1.46705
1.46705
1.46705
1.46704
1.46704
1.46704
1.46703
1.46703
1.46703
1.46703
1.46703
1.46705
1.46705
1.46705
1.46705
1.46706
1.46705
1.46705
1.46706
1.46705
1.46706
1.46705
1.46705
1.46705
1.46705
1.46705
1.46704
1.46704
1.46705
1.46704
1.46704
1.46704
1.46704
1.46705
1.46705
1.46705
1.46705
1.46706
1.46705
1.46705
1.46705
1.46705
1.46704
1.46705
1.46705
1.46706
1.46706
1.46706
1.46706
1.46706
1.46706
1.46706
1.46707
1.46707
1.46707
1.46707
1.46708
1.46707
1.46708
1.46707
1.46708
1.46708
1.46707
1.46707
1.46707
1.46707
1.46706
1.46706
1.46706
1.46707
1.46708
1.46707
1.46707
1.46707
1.46707
1.46706
1.46707
1.46706
1.46707
1.46707
1.46707
1.46707
1.46708
1.46709
1.46707
1.46707
1.46709
1.46708
1.46709
1.46709
1.4671
1.4671
1.4671
1.4671
1.46711
1.46711
1.46711
1.4671
1.46711
1.46712
1.46711
1.46711
1.46711
1.46711
1.4671
1.46711
1.4671
1.4671
1.46709
1.46709
1.46709
1.46709
1.46708
1.46707
1.46706
1.46707
1.46707
1.46708
1.46708
1.46707
1.46707
1.46707
1.46707
1.46707
1.46707
1.46707
1.46707
1.46707
1.46708
1.46709
1.46709
1.46709
1.46708
1.46708
1.46709
1.46709
1.46709
1.46709
1.46708
1.46708
1.46708
1.46707
1.46707
1.46707
1.46707
1.46706
1.46707
1.46707
1.46707
1.46707
1.46707
1.46707
1.46707
1.46708
1.46707
1.46707
1.46707
1.46708
1.46707
1.46707
1.46706
1.46706
1.46705
1.46706
1.46705
1.46705
1.46706
1.46706
1.46706
1.46707
1.46707
1.46706
1.46706
1.46707
1.46706
1.46706
1.46706
1.46706
1.46706
1.46706
1.46706
1.46707
1.46706
1.46706
1.46706
1.46706
1.46706
1.46705
1.46705
1.46705
1.46705
1.46704
1.46704
1.46704
1.46705
1.46704
1.46704
1.46704
1.46705
1.46704
1.46705
1.46705
1.46706
1.46706
1.46706
1.46706
1.46705
1.46705
1.46706
1.46706
1.46706
1.46707
1.46707
1.46707
1.46707
1.46706
1.46706
1.46706
1.46705
1.46706
1.46706
1.46706
1.46706
1.46707
1.46707
1.46708
1.46708
1.46707
1.46708
1.46709
1.46708
1.46708
1.46708
1.46707
1.46707
1.46707
1.46706
1.46706
1.46707
1.46707
1.46708
1.46707
1.46708
1.46708
1.46707
1.46708
1.46708
1.46707
1.46708
1.46708
1.46708
1.46708
1.46708
1.46708
1.46708
1.46708
1.46708
1.46708
1.46707
1.46707
1.46706
1.46707
1.46707
1.46707
1.46708
1.46708
1.46708
1.46707
1.46707
1.46708
1.46708
1.46709
1.46709
1.46709
1.46709
1.46709
1.46709
1.46709
1.4671
1.4671
1.4671
1.4671
1.4671
1.4671
1.4671
1.4671
1.4671
1.46709
1.46709
1.46709
1.4671
1.46709
1.4671
1.46712
1.46711
1.46711
1.46712
1.46713
1.46712
1.46711
1.46711
1.46712
1.46712
1.46712
1.46712
1.46713
1.46713
1.46712
1.46713
1.46712
1.46712
1.46712
1.46712
1.46712
1.46713
1.46713
1.46713
1.46713
1.46713
1.46712
1.46712
1.46712
1.46713
1.46713
1.46714
1.46714
1.46714
1.46714
1.46714
1.46713
1.46713
1.46713
1.46713
1.46713
1.46713
1.46713
1.46712
1.46712
1.46712
1.46712
1.46712
1.46712
1.46713
1.46713
1.46713
1.46712
1.46713
1.46713
1.46712
1.46712
1.46711
1.46712
1.46712
1.46711
1.46711
1.4671
1.4671
1.4671
1.4671
1.4671
1.4671
1.4671
1.4671
1.46711
1.46711
1.46711
1.4671
1.46709
1.46709
1.46709
1.46709
1.46709
1.46709
1.46709
1.46708
1.46709
1.46709
1.46708
1.46708
1.46708
1.46709
1.46709
1.46709
1.4671
1.4671
1.46711
1.46711
1.46711
1.46711
1.46711
1.46711
1.46711
1.46711
1.46712
1.46711
1.46711
1.46712
1.46712
1.46712
1.46713
1.46713
1.46713
1.46712
1.46712
1.46713
1.46712
1.46713
1.46712
1.46712
1.46713
1.46713
1.46712
1.46712
1.46713
1.46713
1.46713
1.46714
1.46714
1.46714
1.46713
1.46713
1.46713
1.46713
1.46714
1.46712
1.46712
1.46711
1.46712
1.46712
1.46712
1.46712
1.46712
1.46712
1.46712
1.46712
1.46712
1.46712
1.46712
1.46713
1.46713
1.46713
1.46713
1.46713
1.46713
1.46715
1.46715
1.46715
1.46715
1.46715
1.46715
1.46716
1.46716
1.46716
1.46715
1.46716
1.46716
1.46716
1.46717
1.46717
1.46718
1.46718
1.46718
1.46718
1.46717
1.46716
1.46717
1.46716
1.46717
1.46717
1.46717
1.46718
1.46718
1.46718
1.46718
1.46719
1.4672
1.46719
1.46719
1.46718
1.46718
1.46718
1.46719
1.46718
1.46717
1.46717
1.46716
1.46716
1.46716
1.46717
1.46718
1.46718
1.46717
1.46718
1.46718
1.46718
1.46717
1.46718
1.46718
1.46717
1.46717
1.46717
1.46717
1.46717
1.46717
1.46717
1.46716
1.46716
1.46717
1.46716
1.46716
1.46715
1.46715
1.46717
1.46717
1.46717
1.46716
1.46716
1.46716
1.46716
1.46716
1.46717
1.46718
1.46718
1.46718
1.46718
1.46719
1.46719
1.4672
1.46719
1.46719
1.46719
1.46718
1.46719
1.4672
1.46719
1.46718
1.46718
1.46718
1.46718
1.46718
1.46718
1.4672
1.4672
1.4672
1.4672
1.4672
1.4672
1.4672
1.4672
1.4672
1.46719
1.46719
1.46719
1.46719
1.46719
1.4672
1.46718
1.46718
1.46719
1.46719
1.4672
1.46719
1.46719
1.46718
1.46718
1.46718
1.46719
1.46719
1.46719
1.46718
1.46718
1.46718
1.46718
1.46718
1.46718
1.46717
1.46717
1.46717
1.46717
1.46717
1.46717
1.46716
1.46716
1.46715
1.46715
1.46715
1.46716
1.46717
1.46717
1.46718
1.46718
1.46718
1.46719
1.46719
1.4672
1.46719
1.4672
1.4672
1.4672
1.4672
1.4672
1.46719
1.4672
1.4672
1.4672
1.4672
1.4672
1.46719
1.46719
1.46718
1.46718
1.46718
1.46717
1.46717
1.46717
1.46717
1.46716
1.46716
1.46716
1.46716
1.46715
1.46715
1.46715
1.46716
1.46717
1.46717
1.46717
1.46716
1.46716
1.46716
1.46716
1.46716
1.46716
1.46716
1.46716
1.46716
1.46716
1.46716
1.46717
1.46716
1.46716
1.46715
1.46714
1.46715
1.46715
1.46714
1.46714
1.46714
1.46715
1.46715
1.46715
1.46715
1.46715
1.46714
1.46713
1.46713
1.46713
1.46714
1.46714
1.46714
1.46714
1.46715
1.46715
1.46716
1.46716
1.46716
1.46716
1.46716
1.46716
1.46717
1.46717
1.46717
1.46718
1.46718
1.46719
1.46719
1.46718
1.46719
1.46719
1.46719
1.46719
1.46719
1.46719
1.46719
1.46718
1.46718
1.46718
1.4672
1.4672
1.4672
1.4672
1.46719
1.46719
1.4672
1.4672
1.46719
1.46719
1.46719
1.4672
1.4672
1.4672
1.4672
1.4672
1.4672
1.46718
1.46719
1.46718
1.46718
1.46719
1.46719
1.46718
1.46717
1.46718
1.46717
1.46718
1.46718
1.46718
1.46717
1.46717
1.46716
1.46716
1.46717
1.46717
1.46716
1.46716
1.46717
1.46718
1.46718
1.46717
1.46718
1.46717
1.46717
1.46717
1.46717
1.46716
1.46717
1.46718
1.46717
1.46718
1.46718
1.46718
1.46717
1.46716
1.46716
1.46716
1.46715
1.46715
1.46715
1.46715
1.46716
1.46715
1.46716
1.46715
1.46715
1.46714
1.46715
1.46715
1.46715
1.46714
1.46712
1.46712
1.46712
1.46713
1.46713
1.46713
1.46713
1.46714
1.46713
1.46713
1.46713
1.46713
1.46713
1.46714
1.46714
1.46714
1.46712
1.46713
1.46713
1.46712
1.46711
1.46713
1.46713
1.46713
1.46713
1.46713
1.46713
1.46713
1.46713
1.46713
1.46712
1.46712
1.46712
1.46712
1.46712
1.46712
1.46712
1.46712
1.46712
1.46712
1.46712
1.46711
1.46711
1.46711
1.46711
1.4671
1.46711
1.46711
1.46711
1.46711
1.46711
1.4671
1.4671
1.4671
1.46711
1.4671
1.4671
1.4671
1.4671
1.4671
1.4671
1.46711
1.46711
1.46711
1.46712
1.46711
1.46712
1.46711
1.46712
1.46711
1.46711
1.46711
1.46712
1.46712
1.46712
1.46712
1.46713
1.46713
1.46713
1.46713
1.46713
1.46712
1.46712
1.46712
1.46711
1.46711
1.46711
1.46711
1.4671
1.46709
1.4671
1.46711
1.46711
1.4671
1.4671
1.46709
1.4671
1.46709
1.46709
1.46709
1.46709
1.4671
1.46711
1.46711
1.4671
1.4671
1.4671
1.4671
1.4671
1.4671
1.4671
1.46709
1.46709
1.46709
1.46709
1.46708
1.46708
1.46708
1.46708
1.46708
1.46708
1.46707
1.46708
1.46707
1.46707
1.46707
1.46706
1.46706
1.46706
1.46706
1.46706
1.46706
1.46705
1.46705
1.46705
1.46705
1.46705
1.46705
1.46706
1.46707
1.46707
1.46706
1.46707
1.46706
1.46706
1.46706
1.46707
1.46707
1.46706
1.46706
1.46705
1.46705
1.46705
1.46705
1.46704
1.46704
1.46704
1.46703
1.46704
1.46704
1.46704
1.46704
1.46705
1.46705
1.46705
1.46705
1.46704
1.46703
1.46702
1.46702
1.46702
1.46702
1.46702
1.467
1.46701
1.46701
1.46699
1.467
1.467
1.467
1.46699
1.46699
1.46698
1.46697
1.46698
1.46698
1.46698
1.46698
1.46699
1.46697
1.46697
1.46697
1.46696
1.46697
1.46695
1.46695
1.46695
1.46694
1.46693
1.46693
1.46693
1.46693
1.46693
1.46692
1.46691
1.4669
1.4669
1.4669
1.4669
1.4669
1.46689
1.4669
1.4669
1.46689
1.46689
1.4669
1.4669
1.46691
1.46691
1.46691
1.46691
1.46691
1.46691
1.46692
1.46692
1.46691
1.46691
1.46692
1.46691
1.46691
1.46691
1.4669
1.46691
1.46691
1.46691
1.46691
1.4669
1.4669
1.46689
1.46689
1.46689
1.46689
1.46689
1.4669
1.46689
1.46689
1.46689
1.46689
1.46688
1.4669
1.4669
1.46689
1.46689
1.46689
1.4669
1.46691
1.46691
1.4669
1.4669
1.46689
1.46689
1.46689
1.4669
1.46691
1.46691
1.46691
1.46691
1.4669
1.46689
1.46689
1.46689
1.46689
1.46689
1.46688
1.46687
1.46688
1.46689
1.46689
1.46689
1.46689
1.46689
1.46689
1.4669
1.46689
1.4669
1.46689
1.46688
1.46688
1.46688
1.46688
1.46688
1.46688
1.46689
1.46689
1.46688
1.46689
1.46689
1.46689
1.4669
1.46689
1.4669
1.4669
1.4669
1.4669
1.4669
1.46691
1.46692
1.46691
1.46693
1.46692
1.46692
1.46692
1.46693
1.46694
1.46694
1.46694
1.46695
1.46695
1.46696
1.46696
1.46695
1.46696
1.46695
1.46696
1.46696
1.46696
1.46696
1.46695
1.46695
1.46695
1.46696
1.46696
1.46695
1.46696
1.46695
1.46695
1.46695
1.46695
1.46696
1.46696
1.46696
1.46696
1.46695
1.46695
1.46696
1.46696
1.46696
1.46696
1.46696
1.46697
1.46697
1.46697
1.46698
1.46698
1.46698
1.46698
1.46699
1.46699
1.46698
1.46699
1.46699
1.46698
1.46699
1.46698
1.46699
1.46699
1.467
1.467
1.467
1.467
1.46701
1.46701
1.46701
1.46702
1.46701
1.467
1.467
1.46701
1.46701
1.46701
1.46701
1.46701
1.46701
1.46701
1.467
1.467
1.467
1.467
1.467
1.467
1.467
1.46701
1.467
1.467
1.467
1.46699
1.46699
1.467
1.46701
1.46701
1.467
1.46702
1.46701
1.467
1.467
1.467
1.467
1.467
1.467
1.467
1.467
1.467
1.46699
1.46699
1.46699
1.46699
1.46698
1.46697
1.46696
1.46696
1.46696
1.46696
1.46696
1.46696
1.46696
1.46696
1.46697
1.46697
1.46697
1.46697
1.46697
1.46697
1.46697
1.46697
1.46698
1.46699
1.46698
1.46698
1.46698
1.46698
1.46698
1.46696
1.46696
1.46697
1.46697
1.46698
1.46698
1.46697
1.46697
1.46697
1.46697
1.46696
1.46696
1.46697
1.46697
1.46696
1.46697
1.46696
1.46696
1.46697
1.46697
1.46695
1.46695
1.46694
1.46695
1.46696
1.46696
1.46697
1.46696
1.46696
1.46696
1.46697
1.46697
1.46697
1.46698
1.46697
1.46697
1.46697
1.46698
1.46698
1.46698
1.46698
1.46698
1.46699
1.46697
1.46697
1.46698
1.46699
1.467
1.46699
1.467
1.467
1.467
1.467
1.467
1.46701
1.46701
1.467
1.467
1.46701
1.467
1.467
1.46701
1.46701
1.46702
1.46701
1.46701
1.46702
1.46701
1.46701
1.46702
1.46703
1.46702
1.46703
1.46702
1.46701
1.46701
1.46702
1.46702
1.46702
1.46701
1.46701
1.46701
1.46701
1.46701
1.467
1.467
1.46699
1.46699
1.467
1.46701
1.46701
1.46701
1.46701
1.46702
1.46702
1.46702
1.46703
1.46704
1.46703
1.46704
1.46704
1.46703
1.46704
1.46703
1.46703
1.46703
1.46703
1.46704
1.46705
1.46705
1.46706
1.46705
1.46706
1.46706
1.46706
1.46706
1.46706
1.46705
1.46705
1.46705
1.46704
1.46702
1.46703
1.46703
1.46704
1.46705
1.46705
1.46705
1.46705
1.46706
1.46706
1.46707
1.46707
1.46706
1.46706
1.46706
1.46706
1.46705
1.46705
1.46704
1.46704
1.46705
1.46705
1.46705
1.46705
1.46704
1.46705
1.46704
1.46704
1.46704
1.46704
1.46703
1.46704
1.46703
1.46704
1.46704
1.46705
1.46704
1.46705
1.46704
1.46705
1.46705
1.46704
1.46705
1.46705
1.46704
1.46703
1.46704
1.46703
1.46703
1.46703
1.46702
1.46704
1.46704
1.46703
1.46703
1.46703
1.46703
1.46704
1.46704
1.46703
1.46704
1.46703
1.46703
1.46703
1.46703
1.46703
1.46703
1.46702
1.46702
1.46702
1.46702
1.46703
1.46702
1.46701
1.46702
1.46702
1.46702
1.46702
1.46702
1.46702
1.46702
1.46704
1.46704
1.46703
1.46703
1.46703
1.46704
1.46704
1.46704
1.46703
1.46703
1.46704
1.46704
1.46705
1.46705
1.46704
1.46703
1.46703
1.46704
1.46704
1.46703
1.46703
1.46703
1.46702
1.46702
1.46701
1.46701
1.46701
1.46701
1.46702
1.46702
1.46702
1.46703
1.46703
1.46703
1.46702
1.46702
1.46702
1.46702
1.46702
1.46702
1.46702
1.46703
1.46703
1.46703
1.46703
1.46703
1.46704
1.46705
1.46704
1.46703
1.46702
1.46702
1.46702
1.46701
1.46701
1.46701
1.46701
1.46701
1.46702
1.46702
1.46702
1.46702
1.46702
1.46702
1.46702
1.46702
1.46702
1.46702
1.46702
1.46702
1.46703
1.46704
1.46704
1.46705
1.46704
1.46703
1.46703
1.46703
1.46703
1.46702
1.46703
1.46703
1.46702
1.46702
1.46702
1.46701
1.46701
1.46702
1.46703
1.46703
1.46703
1.46703
1.46703
1.46704
1.46705
1.46706
1.46705
1.46706
1.46706
1.46707
1.46707
1.46708
1.46708
1.46708
1.46709
1.46708
1.46708
1.46707
1.46707
1.46708
1.4671
1.4671
1.4671
1.4671
1.46711
1.46712
1.46711
1.46712
1.46712
1.46711
1.46712
1.46711
1.46711
1.46711
1.46713
1.46713
1.46713
1.46712
1.46712
1.46713
1.46713
1.46714
1.46714
1.46714
1.46714
1.46714
1.46715
1.46714
1.46714
1.46714
1.46714
1.46714
1.46714
1.46714
1.46714
1.46714
1.46714
1.46714
1.46714
1.46714
1.46714
1.46714
1.46714
1.46715
1.46716
1.46717
1.46717
1.46716
1.46717
1.46718
1.46718
1.46719
1.46717
1.46718
1.46718
1.46717
1.46717
1.46717
1.46717
1.46716
1.46718
1.46717
1.46718
1.46717
1.46717
1.46717
1.46718
1.46716
1.46717
1.46717
1.46718
1.46717
1.46718
1.46718
1.46718
1.46717
1.46717
1.46717
1.46718
1.46718
1.46718
1.46718
1.46717
1.46716
1.46716
1.46716
1.46716
1.46716
1.46715
1.46715
1.46714
1.46715
1.46715
1.46715
1.46715
1.46715
1.46715
1.46714
1.46714
1.46713
1.46714
1.46714
1.46715
1.46715
1.46714
1.46713
1.46713
1.46714
1.46715
1.46715
1.46715
1.46715
1.46714
1.46713
1.46714
1.46714
1.46714
1.46714
1.46715
1.46714
1.46713
1.46713
1.46713
1.46713
1.46712
1.46712
1.46711
1.46712
1.46713
1.46713
1.46713
1.46712
1.46712
1.46713
1.46713
1.46713
1.46713
1.46713
1.46714
1.46714
1.46714
1.46715
1.46715
1.46715
1.46715
1.46715
1.46714
1.46714
1.46714
1.46714
1.46715
1.46715
1.46714
1.46714
1.46715
1.46715
1.46716
1.46715
1.46715
1.46716
1.46716
1.46717
1.46716
1.46716
1.46715
1.46716
1.46715
1.46715
1.46715
1.46715
1.46715
1.46714
1.46714
1.46714
1.46714
1.46714
1.46714
1.46713
1.46713
1.46712
1.46711
1.46713
1.46713
1.46712
1.46713
1.46713
1.46713
1.46713
1.46713
1.46713
1.46712
1.46712
1.46712
1.46712
1.46712
1.46712
1.46714
1.46714
1.46714
1.46714
1.46714
1.46714
1.46715
1.46715
1.46714
1.46715
1.46714
1.46713
1.46713
1.46713
1.46712
1.46712
1.46712
1.46712
1.46712
1.46712
1.46712
1.46713
1.46714
1.46714
1.46714
1.46714
1.46713
1.46713
1.46712
1.46712
1.46712
1.46712
1.46712
1.46712
1.46712
1.46712
1.46712
1.46711
1.46713
1.46712
1.46712
1.46712
1.46711
1.46711
1.46711
1.46711
1.46711
1.4671
1.4671
1.4671
1.46711
1.4671
1.4671
1.4671
1.4671
1.46711
1.4671
1.46709
1.46709
1.46709
1.46709
1.46709
1.46709
1.46709
1.4671
1.46709
1.4671
1.4671
1.4671
1.4671
1.4671
1.4671
1.4671
1.4671
1.46709
1.4671
1.46709
1.46709
1.46708
1.46708
1.46708
1.46708
1.46708
1.46709
1.46709
1.4671
1.4671
1.4671
1.4671
1.4671
1.4671
1.4671
1.4671
1.4671
1.4671
1.4671
1.46711
1.46711
1.46711
1.46711
1.46712
1.46711
1.46711
1.46711
1.46711
1.46711
1.46712
1.46711
1.46712
1.46711
1.46712
1.46711
1.46711
1.46711
1.46711
1.4671
1.4671
1.4671
1.4671
1.46709
1.46709
1.46709
1.46708
1.46708
1.46709
1.46709
1.46709
1.4671
1.4671
1.46709
1.46709
1.46709
1.46709
1.46708
1.46708
1.46708
1.46708
1.46707
1.46707
1.46707
1.46706
1.46706
1.46707
1.46707
1.46707
1.46707
1.46706
1.46706
1.46706
1.46707
1.46707
1.46708
1.46707
1.46707
1.46708
1.46709
1.46709
1.46709
1.46709
1.46708
1.46708
1.46709
1.46708
1.46709
1.46709
1.46709
1.4671
1.4671
1.4671
1.46709
1.46709
1.4671
1.4671
1.4671
1.4671
1.4671
1.46711
1.46711
1.46709
1.46709
1.46709
1.4671
1.46709
1.46709
1.46708
1.46708
1.46708
1.46709
1.46709
1.46708
1.46708
1.46708
1.46708
1.46708
1.46708
1.46707
1.46705
1.46704
1.46705
1.46705
1.46705
1.46705
1.46704
1.46704
1.46704
1.46704
1.46704
1.46704
1.46705
1.46706
1.46706
1.46706
1.46706
1.46706
1.46706
1.46705
1.46706
1.46705
1.46705
1.46705
1.46705
1.46705
1.46704
1.46704
1.46704
1.46703
1.46703
1.46702
1.46703
1.46703
1.46704
1.46704
1.46703
1.46702
1.46702
1.46701
1.46701
1.46701
1.46701
1.46701
1.46701
1.46701
1.46702
1.46703
1.46702
1.46702
1.46702
1.46703
1.46703
1.46702
1.46702
1.46702
1.46701
1.46701
1.46701
1.46701
1.46701
1.46701
1.467
1.46701
1.467
1.46699
1.46699
1.46699
1.46699
1.46699
1.46699
1.46699
1.46699
1.46698
1.46698
1.46698
